evaluations raw_y
1 0.0000000000
3 5.0000000000
29 7.0000000000
59 10.0000000000
123 12.0000000000
147 14.0000000000
172 15.0000000000
253 16.0000000000
355 19.0000000000
430 22.0000000000
657 24.0000000000
695 27.0000000000
1018 28.0000000000
1034 29.0000000000
1052 31.0000000000
1133 32.0000000000
1216 33.0000000000
1414 34.0000000000
1487 35.0000000000
2467 38.0000000000
2498 39.0000000000
2632 41.0000000000
2671 42.0000000000
3367 45.0000000000
3723 50.0000000000
3901 53.0000000000
3933 55.0000000000
4051 57.0000000000
4085 61.0000000000
4221 62.0000000000
4686 63.0000000000
4726 64.0000000000
4938 66.0000000000
5082 70.0000000000
5217 73.0000000000
5277 76.0000000000
5420 77.0000000000
5634 79.0000000000
5943 82.0000000000
6031 84.0000000000
6523 85.0000000000
6836 87.0000000000
6997 88.0000000000
7050 94.0000000000
7411 97.0000000000
7726 98.0000000000
7852 100.0000000000
7868 98.0000000000
evaluations raw_y
1 0.0000000000
2 2.0000000000
3 5.0000000000
21 9.0000000000
80 10.0000000000
111 11.0000000000
132 12.0000000000
254 14.0000000000
298 15.0000000000
346 16.0000000000
376 17.0000000000
426 19.0000000000
513 20.0000000000
653 25.0000000000
782 29.0000000000
864 32.0000000000
951 34.0000000000
1110 35.0000000000
1183 37.0000000000
1241 38.0000000000
1376 39.0000000000
1474 40.0000000000
1756 45.0000000000
1860 47.0000000000
1974 48.0000000000
2313 49.0000000000
2354 50.0000000000
2461 51.0000000000
2731 52.0000000000
2884 56.0000000000
3249 57.0000000000
3623 58.0000000000
3934 60.0000000000
3936 62.0000000000
4453 63.0000000000
5122 65.0000000000
5255 67.0000000000
5344 68.0000000000
5486 69.0000000000
6201 70.0000000000
6525 79.0000000000
6646 80.0000000000
6695 85.0000000000
6894 86.0000000000
7476 88.0000000000
7704 93.0000000000
7756 96.0000000000
8984 98.0000000000
9158 99.0000000000
9200 100.0000000000
evaluations raw_y
1 2.0000000000
13 3.0000000000
24 5.0000000000
79 7.0000000000
171 10.0000000000
234 11.0000000000
237 15.0000000000
272 16.0000000000
338 17.0000000000
443 19.0000000000
592 26.0000000000
627 27.0000000000
670 28.0000000000
780 29.0000000000
824 30.0000000000
974 31.0000000000
1031 33.0000000000
1142 34.0000000000
1161 36.0000000000
1286 37.0000000000
1359 38.0000000000
1458 39.0000000000
1461 41.0000000000
1554 44.0000000000
1603 45.0000000000
1685 46.0000000000
1888 47.0000000000
1918 50.0000000000
2121 51.0000000000
2239 53.0000000000
2361 54.0000000000
2434 57.0000000000
2472 58.0000000000
2649 59.0000000000
2717 61.0000000000
2915 62.0000000000
3037 63.0000000000
3513 64.0000000000
3575 65.0000000000
3945 66.0000000000
4301 70.0000000000
4311 73.0000000000
5035 74.0000000000
5112 78.0000000000
5299 82.0000000000
5435 86.0000000000
6112 87.0000000000
6222 88.0000000000
6357 90.0000000000
6386 91.0000000000
6668 92.0000000000
6760 94.0000000000
6831 97.0000000000
7196 98.0000000000
7711 100.0000000000
7724 38.0000000000
evaluations raw_y
1 0.0000000000
4 2.0000000000
5 4.0000000000
15 10.0000000000
52 13.0000000000
252 14.0000000000
260 18.0000000000
273 21.0000000000
328 22.0000000000
379 24.0000000000
435 25.0000000000
688 26.0000000000
755 30.0000000000
937 33.0000000000
1031 36.0000000000
1172 37.0000000000
1191 38.0000000000
1442 39.0000000000
1539 40.0000000000
1720 42.0000000000
1750 44.0000000000
1778 46.0000000000
1855 49.0000000000
2015 51.0000000000
2140 52.0000000000
2171 55.0000000000
2263 57.0000000000
2484 58.0000000000
2604 61.0000000000
3004 65.0000000000
3226 73.0000000000
3442 77.0000000000
3566 82.0000000000
4064 84.0000000000
4342 85.0000000000
4462 89.0000000000
4478 92.0000000000
4528 93.0000000000
4807 100.0000000000
4808 8.0000000000
evaluations raw_y
1 1.0000000000
2 2.0000000000
4 4.0000000000
11 5.0000000000
55 6.0000000000
98 7.0000000000
122 10.0000000000
132 12.0000000000
180 13.0000000000
232 14.0000000000
273 16.0000000000
358 17.0000000000
399 19.0000000000
445 21.0000000000
569 25.0000000000
670 27.0000000000
672 32.0000000000
761 33.0000000000
794 37.0000000000
1268 40.0000000000
1355 41.0000000000
1418 42.0000000000
1492 43.0000000000
1518 45.0000000000
2347 48.0000000000
2469 51.0000000000
2622 56.0000000000
2670 57.0000000000
2916 61.0000000000
3632 62.0000000000
3683 63.0000000000
3738 64.0000000000
3913 65.0000000000
3945 66.0000000000
4314 71.0000000000
4766 73.0000000000
4782 74.0000000000
5452 75.0000000000
6834 77.0000000000
6869 80.0000000000
7074 81.0000000000
7297 82.0000000000
7314 83.0000000000
7636 84.0000000000
7841 85.0000000000
8175 86.0000000000
8268 92.0000000000
8561 94.0000000000
8645 96.0000000000
9023 98.0000000000
9078 100.0000000000
9092 98.0000000000
evaluations raw_y
1 0.0000000000
3 2.0000000000
9 9.0000000000
66 12.0000000000
75 13.0000000000
129 14.0000000000
209 15.0000000000
213 16.0000000000
321 18.0000000000
342 20.0000000000
354 21.0000000000
370 22.0000000000
423 23.0000000000
541 25.0000000000
551 27.0000000000
815 28.0000000000
912 30.0000000000
949 31.0000000000
1071 32.0000000000
1162 33.0000000000
1193 40.0000000000
1237 41.0000000000
1492 44.0000000000
1730 45.0000000000
1767 46.0000000000
1823 49.0000000000
1887 50.0000000000
2218 51.0000000000
2270 54.0000000000
2303 58.0000000000
2360 62.0000000000
2388 63.0000000000
2398 65.0000000000
2448 66.0000000000
2597 69.0000000000
2832 70.0000000000
3021 71.0000000000
3303 74.0000000000
3599 75.0000000000
3617 76.0000000000
3639 78.0000000000
3816 80.0000000000
3884 84.0000000000
3894 90.0000000000
4154 93.0000000000
4201 94.0000000000
4424 95.0000000000
5075 96.0000000000
5377 97.0000000000
5972 98.0000000000
6164 100.0000000000
6176 50.0000000000
evaluations raw_y
1 1.0000000000
2 3.0000000000
21 5.0000000000
32 7.0000000000
42 9.0000000000
66 13.0000000000
169 14.0000000000
269 17.0000000000
320 20.0000000000
347 21.0000000000
389 23.0000000000
452 24.0000000000
472 25.0000000000
620 26.0000000000
807 27.0000000000
837 28.0000000000
935 29.0000000000
1079 30.0000000000
1112 31.0000000000
1173 34.0000000000
1234 37.0000000000
1284 38.0000000000
1390 41.0000000000
1500 42.0000000000
1565 43.0000000000
1907 48.0000000000
1963 50.0000000000
2130 55.0000000000
2207 57.0000000000
2353 58.0000000000
2798 60.0000000000
3136 62.0000000000
3338 63.0000000000
3572 65.0000000000
3649 66.0000000000
4583 67.0000000000
4661 72.0000000000
4763 75.0000000000
5280 77.0000000000
5301 82.0000000000
5762 83.0000000000
5888 85.0000000000
6101 88.0000000000
6391 93.0000000000
6697 95.0000000000
7026 96.0000000000
7632 97.0000000000
7988 99.0000000000
8013 100.0000000000
8030 99.0000000000
evaluations raw_y
1 0.0000000000
4 1.0000000000
7 4.0000000000
10 7.0000000000
37 8.0000000000
79 9.0000000000
84 15.0000000000
347 16.0000000000
380 17.0000000000
394 19.0000000000
435 21.0000000000
561 24.0000000000
667 26.0000000000
784 27.0000000000
829 30.0000000000
872 31.0000000000
1019 32.0000000000
1057 37.0000000000
1244 40.0000000000
1410 42.0000000000
1459 46.0000000000
1523 48.0000000000
1888 49.0000000000
1979 50.0000000000
2002 52.0000000000
2364 54.0000000000
2401 55.0000000000
2520 56.0000000000
2960 62.0000000000
3594 65.0000000000
3661 67.0000000000
3844 69.0000000000
3866 70.0000000000
4026 73.0000000000
4259 78.0000000000
4656 79.0000000000
5369 81.0000000000
5824 82.0000000000
5846 83.0000000000
6275 86.0000000000
6416 87.0000000000
6645 94.0000000000
6771 95.0000000000
6950 97.0000000000
8123 99.0000000000
8228 100.0000000000
evaluations raw_y
1 2.0000000000
6 4.0000000000
48 5.0000000000
54 6.0000000000
86 8.0000000000
128 9.0000000000
130 10.0000000000
133 11.0000000000
214 13.0000000000
334 14.0000000000
426 15.0000000000
506 18.0000000000
543 19.0000000000
652 20.0000000000
685 28.0000000000
700 29.0000000000
774 33.0000000000
1075 37.0000000000
1084 39.0000000000
1107 40.0000000000
1322 43.0000000000
1510 46.0000000000
1797 48.0000000000
1915 50.0000000000
2062 52.0000000000
2364 54.0000000000
2419 56.0000000000
2489 58.0000000000
2599 64.0000000000
2897 65.0000000000
2921 66.0000000000
2989 67.0000000000
3263 68.0000000000
3279 69.0000000000
3471 70.0000000000
3534 71.0000000000
3659 72.0000000000
4066 73.0000000000
4177 75.0000000000
4225 76.0000000000
4244 77.0000000000
4385 84.0000000000
4411 93.0000000000
4673 94.0000000000
5189 97.0000000000
5530 99.0000000000
5800 100.0000000000
5816 73.0000000000
evaluations raw_y
1 0.0000000000
6 1.0000000000
37 3.0000000000
43 4.0000000000
75 5.0000000000
81 7.0000000000
162 9.0000000000
217 10.0000000000
226 11.0000000000
243 14.0000000000
273 16.0000000000
449 17.0000000000
501 19.0000000000
523 20.0000000000
559 23.0000000000
613 29.0000000000
1108 31.0000000000
1180 33.0000000000
1280 34.0000000000
1370 36.0000000000
1472 37.0000000000
1730 39.0000000000
1783 40.0000000000
1794 41.0000000000
1838 45.0000000000
2133 46.0000000000
2230 48.0000000000
2322 49.0000000000
2363 51.0000000000
2436 52.0000000000
2590 54.0000000000
2829 55.0000000000
3066 56.0000000000
3084 59.0000000000
3234 63.0000000000
3248 64.0000000000
3509 65.0000000000
3656 68.0000000000
3939 70.0000000000
4029 71.0000000000
4135 72.0000000000
4376 73.0000000000
4732 75.0000000000
4745 76.0000000000
4813 81.0000000000
4881 83.0000000000
4947 86.0000000000
5078 88.0000000000
5599 89.0000000000
5650 90.0000000000
6212 91.0000000000
6256 97.0000000000
6462 98.0000000000
6935 99.0000000000
7338 100.0000000000
7346 33.0000000000
