evaluations raw_y
1 -228.0000000000
2 -201.0000000000
4 -198.0000000000
23 -197.0000000000
26 -192.0000000000
30 -187.0000000000
52 -182.0000000000
62 -181.0000000000
71 -180.0000000000
82 -177.0000000000
94 -175.0000000000
123 -172.0000000000
142 -160.0000000000
225 -159.0000000000
275 -158.0000000000
288 -155.0000000000
351 -152.0000000000
404 -146.0000000000
444 -140.0000000000
599 -136.0000000000
659 -135.0000000000
758 -134.0000000000
856 -129.0000000000
940 -123.0000000000
1015 -120.0000000000
1036 -117.0000000000
1224 -116.0000000000
1272 -115.0000000000
1309 -114.0000000000
1394 -113.0000000000
1402 -110.0000000000
1414 -108.0000000000
1429 -105.0000000000
1498 -104.0000000000
1530 -101.0000000000
1546 -97.0000000000
1588 -94.0000000000
1650 -92.0000000000
1695 -91.0000000000
1698 -89.0000000000
1714 -86.0000000000
1771 -85.0000000000
1810 -84.0000000000
1850 -83.0000000000
1879 -81.0000000000
1905 -80.0000000000
1912 -79.0000000000
1913 -78.0000000000
1948 -76.0000000000
1986 -75.0000000000
1994 -74.0000000000
2020 -72.0000000000
2066 -71.0000000000
2152 -68.0000000000
2173 -67.0000000000
2279 -66.0000000000
2321 -65.0000000000
2330 -64.0000000000
2344 -63.0000000000
2365 -61.0000000000
2412 -60.0000000000
2413 -59.0000000000
2435 -58.0000000000
2458 -57.0000000000
2475 -55.0000000000
2496 -53.0000000000
2525 -49.0000000000
2589 -48.0000000000
2590 -47.0000000000
2701 -46.0000000000
2710 -45.0000000000
2748 -44.0000000000
2833 -42.0000000000
2861 -41.0000000000
2933 -40.0000000000
2975 -39.0000000000
3005 -35.0000000000
3098 -33.0000000000
3263 -32.0000000000
3279 -31.0000000000
3358 -28.0000000000
3428 -26.0000000000
3567 -25.0000000000
3597 -23.0000000000
3696 -22.0000000000
3738 -21.0000000000
3816 -19.0000000000
3845 -18.0000000000
3864 -16.0000000000
3984 -14.0000000000
4134 -13.0000000000
4465 -12.0000000000
4701 -11.0000000000
5118 -10.0000000000
5424 -9.0000000000
5546 -8.0000000000
5916 -7.0000000000
5943 -6.0000000000
6690 -3.0000000000
7093 -2.0000000000
8822 -1.0000000000
9169 388.0000000000
9226 396.0000000000
9300 397.0000000000
9327 400.0000000000
9354 401.0000000000
9468 403.0000000000
10010 -6.0000000000
evaluations raw_y
1 -224.0000000000
3 -192.0000000000
43 -191.0000000000
46 -184.0000000000
58 -182.0000000000
76 -181.0000000000
78 -166.0000000000
94 -163.0000000000
116 -159.0000000000
130 -158.0000000000
149 -156.0000000000
155 -154.0000000000
204 -153.0000000000
213 -148.0000000000
373 -143.0000000000
384 -136.0000000000
429 -133.0000000000
557 -128.0000000000
662 -121.0000000000
805 -120.0000000000
962 -118.0000000000
983 -117.0000000000
1080 -114.0000000000
1184 -104.0000000000
1269 -103.0000000000
1290 -102.0000000000
1418 -100.0000000000
1437 -99.0000000000
1477 -91.0000000000
1481 -87.0000000000
1534 -85.0000000000
1557 -83.0000000000
1578 -81.0000000000
1608 -80.0000000000
1650 -78.0000000000
1677 -75.0000000000
1692 -74.0000000000
1720 -72.0000000000
1751 -69.0000000000
1800 -67.0000000000
1845 -64.0000000000
1902 -60.0000000000
2018 -59.0000000000
2039 -57.0000000000
2068 -56.0000000000
2070 -55.0000000000
2076 -52.0000000000
2123 -51.0000000000
2166 -49.0000000000
2216 -47.0000000000
2230 -46.0000000000
2261 -45.0000000000
2342 -44.0000000000
2355 -43.0000000000
2389 -41.0000000000
2482 -40.0000000000
2555 -39.0000000000
2599 -38.0000000000
2604 -37.0000000000
2697 -35.0000000000
2724 -34.0000000000
2753 -33.0000000000
2797 -32.0000000000
2890 -31.0000000000
3040 -29.0000000000
3126 -27.0000000000
3183 -25.0000000000
3209 -21.0000000000
3669 -20.0000000000
3838 -19.0000000000
3922 -18.0000000000
3956 -17.0000000000
4104 -15.0000000000
4482 -14.0000000000
4723 -12.0000000000
4910 -8.0000000000
5174 -7.0000000000
5727 -6.0000000000
5815 -5.0000000000
6200 -4.0000000000
6567 -3.0000000000
6810 -2.0000000000
7014 -1.0000000000
7869 408.0000000000
8168 409.0000000000
8771 414.0000000000
8836 422.0000000000
10010 -6.0000000000
evaluations raw_y
1 -221.0000000000
2 -208.0000000000
7 -183.0000000000
57 -182.0000000000
78 -180.0000000000
88 -172.0000000000
107 -167.0000000000
153 -166.0000000000
170 -160.0000000000
188 -156.0000000000
251 -153.0000000000
258 -152.0000000000
304 -149.0000000000
313 -148.0000000000
322 -147.0000000000
350 -146.0000000000
365 -143.0000000000
398 -139.0000000000
487 -138.0000000000
507 -132.0000000000
588 -124.0000000000
913 -118.0000000000
1094 -117.0000000000
1179 -115.0000000000
1289 -113.0000000000
1296 -112.0000000000
1315 -111.0000000000
1317 -109.0000000000
1351 -103.0000000000
1366 -99.0000000000
1409 -94.0000000000
1476 -93.0000000000
1495 -89.0000000000
1535 -88.0000000000
1568 -86.0000000000
1581 -82.0000000000
1641 -79.0000000000
1669 -77.0000000000
1679 -73.0000000000
1752 -72.0000000000
1775 -71.0000000000
1786 -69.0000000000
1787 -68.0000000000
1807 -65.0000000000
1845 -64.0000000000
1865 -62.0000000000
1877 -61.0000000000
1939 -60.0000000000
1962 -59.0000000000
2037 -57.0000000000
2061 -55.0000000000
2098 -54.0000000000
2145 -53.0000000000
2219 -52.0000000000
2260 -51.0000000000
2278 -49.0000000000
2306 -45.0000000000
2330 -44.0000000000
2397 -43.0000000000
2401 -42.0000000000
2461 -40.0000000000
2470 -37.0000000000
2514 -36.0000000000
2526 -34.0000000000
2597 -33.0000000000
2722 -32.0000000000
2788 -30.0000000000
2865 -27.0000000000
2910 -26.0000000000
2934 -24.0000000000
3042 -23.0000000000
3306 -22.0000000000
3475 -21.0000000000
3574 -20.0000000000
3842 -19.0000000000
4390 -18.0000000000
4612 -17.0000000000
4911 -15.0000000000
5121 -14.0000000000
5326 -13.0000000000
5379 -12.0000000000
5711 -11.0000000000
5906 -9.0000000000
6971 -8.0000000000
7234 -7.0000000000
7380 -5.0000000000
7907 -4.0000000000
8438 -3.0000000000
8874 -2.0000000000
9216 -1.0000000000
10010 -4.0000000000
evaluations raw_y
1 -200.0000000000
32 -190.0000000000
40 -184.0000000000
55 -182.0000000000
83 -179.0000000000
105 -174.0000000000
132 -171.0000000000
173 -170.0000000000
213 -168.0000000000
254 -165.0000000000
274 -162.0000000000
346 -159.0000000000
351 -157.0000000000
354 -154.0000000000
382 -152.0000000000
425 -148.0000000000
493 -147.0000000000
606 -143.0000000000
621 -138.0000000000
716 -134.0000000000
762 -128.0000000000
817 -127.0000000000
865 -126.0000000000
876 -124.0000000000
917 -122.0000000000
954 -121.0000000000
963 -119.0000000000
981 -117.0000000000
1055 -112.0000000000
1071 -103.0000000000
1240 -101.0000000000
1261 -98.0000000000
1298 -96.0000000000
1372 -95.0000000000
1444 -94.0000000000
1455 -93.0000000000
1465 -92.0000000000
1469 -89.0000000000
1500 -88.0000000000
1554 -87.0000000000
1562 -86.0000000000
1599 -84.0000000000
1603 -81.0000000000
1626 -78.0000000000
1696 -76.0000000000
1716 -75.0000000000
1726 -71.0000000000
1763 -70.0000000000
1768 -69.0000000000
1787 -68.0000000000
1830 -65.0000000000
1864 -64.0000000000
1892 -60.0000000000
1952 -59.0000000000
1984 -58.0000000000
2006 -57.0000000000
2021 -56.0000000000
2048 -55.0000000000
2094 -54.0000000000
2111 -52.0000000000
2167 -48.0000000000
2281 -47.0000000000
2337 -45.0000000000
2384 -43.0000000000
2500 -42.0000000000
2511 -41.0000000000
2638 -40.0000000000
2674 -39.0000000000
2704 -36.0000000000
2732 -33.0000000000
2788 -31.0000000000
3080 -30.0000000000
3094 -28.0000000000
3257 -25.0000000000
3313 -21.0000000000
3370 -20.0000000000
3649 -19.0000000000
3772 -18.0000000000
3836 -17.0000000000
4247 -16.0000000000
4743 -15.0000000000
4835 -14.0000000000
4899 -13.0000000000
5066 -12.0000000000
5109 -11.0000000000
5265 -10.0000000000
5743 -9.0000000000
6184 -8.0000000000
6456 -7.0000000000
6522 -6.0000000000
6548 -4.0000000000
6655 -3.0000000000
6706 -2.0000000000
6916 362.0000000000
7034 366.0000000000
7070 384.0000000000
7148 385.0000000000
7487 394.0000000000
9587 398.0000000000
9723 400.0000000000
9925 405.0000000000
10010 -10.0000000000
evaluations raw_y
1 -214.0000000000
3 -211.0000000000
7 -206.0000000000
13 -196.0000000000
23 -187.0000000000
53 -180.0000000000
89 -176.0000000000
95 -167.0000000000
112 -163.0000000000
201 -160.0000000000
286 -159.0000000000
328 -153.0000000000
360 -151.0000000000
525 -150.0000000000
529 -148.0000000000
543 -147.0000000000
571 -144.0000000000
588 -143.0000000000
615 -142.0000000000
622 -139.0000000000
645 -138.0000000000
720 -135.0000000000
761 -134.0000000000
805 -131.0000000000
887 -129.0000000000
919 -124.0000000000
958 -118.0000000000
1110 -116.0000000000
1214 -114.0000000000
1229 -112.0000000000
1287 -108.0000000000
1390 -107.0000000000
1430 -106.0000000000
1431 -104.0000000000
1461 -103.0000000000
1486 -101.0000000000
1524 -98.0000000000
1542 -97.0000000000
1577 -95.0000000000
1601 -94.0000000000
1611 -93.0000000000
1626 -92.0000000000
1649 -89.0000000000
1688 -88.0000000000
1691 -87.0000000000
1695 -85.0000000000
1740 -83.0000000000
1762 -80.0000000000
1822 -77.0000000000
1849 -76.0000000000
1902 -75.0000000000
1912 -73.0000000000
1948 -72.0000000000
1952 -70.0000000000
1968 -68.0000000000
2006 -67.0000000000
2027 -63.0000000000
2089 -61.0000000000
2110 -58.0000000000
2139 -50.0000000000
2308 -49.0000000000
2362 -47.0000000000
2405 -46.0000000000
2502 -45.0000000000
2513 -44.0000000000
2604 -43.0000000000
2618 -42.0000000000
2696 -41.0000000000
2709 -40.0000000000
2751 -35.0000000000
2849 -34.0000000000
2942 -32.0000000000
3007 -31.0000000000
3076 -30.0000000000
3142 -29.0000000000
3363 -28.0000000000
3444 -27.0000000000
3571 -26.0000000000
3758 -25.0000000000
3820 -24.0000000000
3828 -23.0000000000
3905 -21.0000000000
4014 -19.0000000000
4245 -17.0000000000
4316 -15.0000000000
4738 -14.0000000000
4795 -13.0000000000
5328 -11.0000000000
5387 -10.0000000000
5862 -9.0000000000
6386 -8.0000000000
6626 -7.0000000000
6775 -6.0000000000
6842 -5.0000000000
9212 -4.0000000000
9664 -2.0000000000
9921 397.0000000000
10010 -7.0000000000
evaluations raw_y
1 -225.0000000000
2 -205.0000000000
8 -201.0000000000
18 -200.0000000000
22 -199.0000000000
27 -197.0000000000
30 -195.0000000000
31 -194.0000000000
36 -189.0000000000
42 -183.0000000000
70 -177.0000000000
84 -166.0000000000
163 -165.0000000000
217 -161.0000000000
235 -158.0000000000
275 -156.0000000000
295 -147.0000000000
384 -143.0000000000
465 -141.0000000000
511 -135.0000000000
600 -134.0000000000
659 -126.0000000000
791 -124.0000000000
960 -119.0000000000
1067 -118.0000000000
1083 -115.0000000000
1210 -114.0000000000
1227 -113.0000000000
1349 -111.0000000000
1352 -108.0000000000
1379 -103.0000000000
1408 -100.0000000000
1485 -98.0000000000
1534 -96.0000000000
1588 -93.0000000000
1612 -92.0000000000
1615 -89.0000000000
1641 -87.0000000000
1680 -84.0000000000
1702 -83.0000000000
1713 -81.0000000000
1737 -77.0000000000
1798 -76.0000000000
1813 -75.0000000000
1846 -74.0000000000
1865 -73.0000000000
1947 -72.0000000000
1983 -70.0000000000
2018 -69.0000000000
2091 -68.0000000000
2098 -67.0000000000
2113 -66.0000000000
2158 -65.0000000000
2208 -64.0000000000
2218 -63.0000000000
2241 -62.0000000000
2275 -61.0000000000
2291 -60.0000000000
2294 -59.0000000000
2372 -57.0000000000
2402 -56.0000000000
2460 -55.0000000000
2469 -52.0000000000
2617 -49.0000000000
2624 -48.0000000000
2649 -47.0000000000
2652 -46.0000000000
2654 -45.0000000000
2699 -42.0000000000
2756 -39.0000000000
2764 -38.0000000000
2903 -37.0000000000
2918 -35.0000000000
3014 -33.0000000000
3070 -32.0000000000
3180 -31.0000000000
3329 -30.0000000000
3361 -28.0000000000
3393 -27.0000000000
3429 -26.0000000000
3571 -24.0000000000
3738 -23.0000000000
3740 -22.0000000000
3830 -21.0000000000
4000 -20.0000000000
4221 -19.0000000000
4465 -18.0000000000
4507 -17.0000000000
4691 -16.0000000000
4804 -13.0000000000
4841 -12.0000000000
5321 -11.0000000000
5484 -8.0000000000
5679 -7.0000000000
6138 -6.0000000000
6495 -5.0000000000
7000 -4.0000000000
7419 -3.0000000000
7774 373.0000000000
8127 381.0000000000
8670 388.0000000000
10010 -8.0000000000
evaluations raw_y
1 -213.0000000000
5 -206.0000000000
12 -205.0000000000
25 -203.0000000000
28 -201.0000000000
36 -193.0000000000
40 -192.0000000000
44 -190.0000000000
62 -183.0000000000
94 -181.0000000000
100 -175.0000000000
114 -173.0000000000
119 -171.0000000000
140 -167.0000000000
171 -157.0000000000
247 -155.0000000000
263 -153.0000000000
279 -150.0000000000
316 -149.0000000000
395 -139.0000000000
446 -134.0000000000
474 -133.0000000000
788 -122.0000000000
986 -121.0000000000
1097 -120.0000000000
1110 -117.0000000000
1176 -114.0000000000
1186 -113.0000000000
1206 -107.0000000000
1293 -104.0000000000
1307 -100.0000000000
1441 -99.0000000000
1466 -97.0000000000
1520 -92.0000000000
1559 -91.0000000000
1579 -88.0000000000
1589 -86.0000000000
1621 -85.0000000000
1629 -83.0000000000
1644 -82.0000000000
1658 -81.0000000000
1660 -80.0000000000
1693 -78.0000000000
1735 -77.0000000000
1749 -76.0000000000
1763 -74.0000000000
1780 -70.0000000000
1824 -69.0000000000
1860 -68.0000000000
1878 -67.0000000000
1915 -65.0000000000
1944 -63.0000000000
1975 -62.0000000000
2001 -59.0000000000
2033 -58.0000000000
2057 -57.0000000000
2059 -54.0000000000
2096 -53.0000000000
2153 -50.0000000000
2189 -48.0000000000
2238 -45.0000000000
2366 -43.0000000000
2429 -42.0000000000
2433 -41.0000000000
2496 -39.0000000000
2558 -38.0000000000
2589 -36.0000000000
2634 -35.0000000000
2670 -34.0000000000
2739 -33.0000000000
2807 -32.0000000000
3021 -31.0000000000
3471 -30.0000000000
3654 -26.0000000000
3824 -25.0000000000
3986 -24.0000000000
4062 -22.0000000000
4132 -19.0000000000
4176 -18.0000000000
4421 -16.0000000000
4655 -15.0000000000
4821 -14.0000000000
4889 -13.0000000000
5022 -12.0000000000
5299 -10.0000000000
5590 -9.0000000000
7083 -8.0000000000
7373 -7.0000000000
7560 -6.0000000000
10010 -11.0000000000
evaluations raw_y
1 -196.0000000000
15 -184.0000000000
46 -180.0000000000
50 -179.0000000000
57 -174.0000000000
87 -173.0000000000
99 -171.0000000000
118 -166.0000000000
140 -161.0000000000
171 -158.0000000000
189 -157.0000000000
206 -154.0000000000
265 -153.0000000000
297 -152.0000000000
430 -151.0000000000
446 -150.0000000000
464 -146.0000000000
535 -145.0000000000
543 -143.0000000000
593 -139.0000000000
609 -135.0000000000
707 -133.0000000000
768 -131.0000000000
803 -121.0000000000
858 -120.0000000000
902 -118.0000000000
910 -114.0000000000
990 -113.0000000000
1119 -109.0000000000
1336 -108.0000000000
1383 -106.0000000000
1394 -102.0000000000
1436 -100.0000000000
1459 -98.0000000000
1477 -97.0000000000
1489 -95.0000000000
1520 -87.0000000000
1596 -86.0000000000
1617 -85.0000000000
1638 -84.0000000000
1642 -81.0000000000
1679 -79.0000000000
1703 -78.0000000000
1739 -77.0000000000
1766 -75.0000000000
1769 -73.0000000000
1817 -71.0000000000
1849 -70.0000000000
1853 -68.0000000000
1921 -67.0000000000
1959 -65.0000000000
2023 -62.0000000000
2120 -61.0000000000
2132 -60.0000000000
2143 -59.0000000000
2197 -58.0000000000
2252 -55.0000000000
2276 -53.0000000000
2317 -52.0000000000
2366 -48.0000000000
2602 -45.0000000000
2712 -42.0000000000
2812 -41.0000000000
2890 -40.0000000000
2895 -39.0000000000
2905 -38.0000000000
2986 -37.0000000000
3028 -36.0000000000
3067 -34.0000000000
3073 -33.0000000000
3154 -31.0000000000
3241 -30.0000000000
3266 -28.0000000000
3321 -27.0000000000
3391 -25.0000000000
3459 -23.0000000000
3696 -22.0000000000
3740 -21.0000000000
3936 -18.0000000000
4233 -17.0000000000
4340 -16.0000000000
4458 -14.0000000000
4974 -13.0000000000
5090 -12.0000000000
5519 -11.0000000000
5538 -10.0000000000
5836 -9.0000000000
5950 -8.0000000000
6572 -6.0000000000
6729 -5.0000000000
7365 -3.0000000000
7888 -2.0000000000
9087 -1.0000000000
9455 396.0000000000
9937 397.0000000000
10010 -4.0000000000
evaluations raw_y
1 -203.0000000000
27 -200.0000000000
40 -191.0000000000
56 -184.0000000000
68 -179.0000000000
79 -177.0000000000
82 -172.0000000000
97 -169.0000000000
110 -167.0000000000
114 -160.0000000000
161 -152.0000000000
210 -150.0000000000
239 -145.0000000000
323 -141.0000000000
404 -140.0000000000
417 -139.0000000000
445 -136.0000000000
586 -134.0000000000
740 -132.0000000000
768 -131.0000000000
779 -129.0000000000
894 -125.0000000000
993 -123.0000000000
1111 -122.0000000000
1279 -116.0000000000
1359 -115.0000000000
1365 -112.0000000000
1373 -108.0000000000
1427 -104.0000000000
1477 -102.0000000000
1502 -101.0000000000
1546 -100.0000000000
1561 -99.0000000000
1596 -96.0000000000
1609 -94.0000000000
1618 -91.0000000000
1631 -90.0000000000
1643 -88.0000000000
1687 -86.0000000000
1698 -85.0000000000
1705 -84.0000000000
1722 -82.0000000000
1735 -80.0000000000
1756 -78.0000000000
1804 -77.0000000000
1842 -76.0000000000
1857 -75.0000000000
1865 -74.0000000000
1913 -73.0000000000
1926 -71.0000000000
1932 -70.0000000000
1964 -69.0000000000
1985 -67.0000000000
2028 -66.0000000000
2034 -65.0000000000
2062 -64.0000000000
2084 -63.0000000000
2106 -62.0000000000
2130 -61.0000000000
2153 -60.0000000000
2165 -58.0000000000
2187 -55.0000000000
2237 -54.0000000000
2241 -53.0000000000
2243 -52.0000000000
2302 -51.0000000000
2326 -50.0000000000
2405 -49.0000000000
2426 -48.0000000000
2448 -47.0000000000
2460 -44.0000000000
2510 -43.0000000000
2528 -39.0000000000
2541 -38.0000000000
2595 -37.0000000000
2631 -36.0000000000
2729 -35.0000000000
2754 -34.0000000000
2769 -33.0000000000
2821 -32.0000000000
2989 -31.0000000000
3172 -30.0000000000
3185 -29.0000000000
3298 -27.0000000000
3324 -24.0000000000
3447 -23.0000000000
3502 -22.0000000000
3598 -20.0000000000
3638 -19.0000000000
3653 -18.0000000000
3937 -17.0000000000
4052 -16.0000000000
4103 -15.0000000000
4218 -14.0000000000
4234 -13.0000000000
4437 -12.0000000000
4608 -9.0000000000
4679 -8.0000000000
5118 -7.0000000000
5154 -6.0000000000
5231 -5.0000000000
5479 -4.0000000000
7500 -3.0000000000
8006 -2.0000000000
8785 -1.0000000000
9897 385.0000000000
10010 -8.0000000000
evaluations raw_y
1 -208.0000000000
3 -198.0000000000
13 -194.0000000000
22 -191.0000000000
28 -187.0000000000
57 -184.0000000000
78 -174.0000000000
110 -172.0000000000
123 -169.0000000000
128 -168.0000000000
155 -166.0000000000
178 -162.0000000000
196 -159.0000000000
318 -151.0000000000
339 -146.0000000000
384 -143.0000000000
397 -139.0000000000
549 -137.0000000000
579 -136.0000000000
588 -129.0000000000
690 -127.0000000000
778 -124.0000000000
897 -122.0000000000
957 -112.0000000000
1169 -110.0000000000
1258 -104.0000000000
1292 -101.0000000000
1317 -97.0000000000
1343 -96.0000000000
1389 -93.0000000000
1426 -92.0000000000
1445 -87.0000000000
1488 -85.0000000000
1558 -84.0000000000
1582 -81.0000000000
1640 -76.0000000000
1679 -75.0000000000
1704 -73.0000000000
1748 -71.0000000000
1794 -68.0000000000
1803 -67.0000000000
1836 -66.0000000000
1849 -65.0000000000
1910 -62.0000000000
1935 -60.0000000000
2041 -59.0000000000
2096 -58.0000000000
2108 -54.0000000000
2136 -53.0000000000
2250 -52.0000000000
2253 -51.0000000000
2302 -50.0000000000
2390 -48.0000000000
2412 -46.0000000000
2460 -45.0000000000
2548 -43.0000000000
2680 -42.0000000000
2729 -41.0000000000
2778 -39.0000000000
2796 -38.0000000000
2870 -37.0000000000
2940 -36.0000000000
3038 -34.0000000000
3108 -33.0000000000
3171 -31.0000000000
3328 -29.0000000000
3666 -28.0000000000
3749 -26.0000000000
3827 -25.0000000000
3970 -24.0000000000
4136 -23.0000000000
4276 -22.0000000000
4636 -19.0000000000
4936 -16.0000000000
5090 -15.0000000000
5179 -14.0000000000
5468 -12.0000000000
5599 -11.0000000000
5733 -10.0000000000
5785 -9.0000000000
5941 -8.0000000000
5949 -7.0000000000
6456 -6.0000000000
6470 -4.0000000000
6931 -3.0000000000
7350 -2.0000000000
7529 -1.0000000000
8123 386.0000000000
8826 390.0000000000
8878 409.0000000000
10010 -1.0000000000
evaluations raw_y
1 -196.0000000000
18 -193.0000000000
41 -192.0000000000
43 -186.0000000000
59 -184.0000000000
79 -181.0000000000
87 -179.0000000000
114 -176.0000000000
121 -174.0000000000
123 -168.0000000000
169 -163.0000000000
200 -160.0000000000
202 -159.0000000000
224 -150.0000000000
272 -147.0000000000
284 -145.0000000000
378 -140.0000000000
757 -138.0000000000
764 -135.0000000000
861 -127.0000000000
915 -124.0000000000
927 -123.0000000000
1055 -116.0000000000
1115 -113.0000000000
1125 -111.0000000000
1127 -107.0000000000
1231 -106.0000000000
1266 -103.0000000000
1327 -102.0000000000
1379 -97.0000000000
1398 -96.0000000000
1473 -94.0000000000
1475 -93.0000000000
1505 -92.0000000000
1528 -87.0000000000
1548 -85.0000000000
1585 -83.0000000000
1594 -80.0000000000
1612 -78.0000000000
1632 -77.0000000000
1693 -76.0000000000
1703 -74.0000000000
1721 -72.0000000000
1754 -67.0000000000
1808 -65.0000000000
1822 -63.0000000000
1876 -62.0000000000
1977 -61.0000000000
1982 -60.0000000000
2003 -58.0000000000
2108 -57.0000000000
2164 -54.0000000000
2184 -52.0000000000
2257 -50.0000000000
2288 -49.0000000000
2329 -47.0000000000
2395 -45.0000000000
2411 -44.0000000000
2416 -42.0000000000
2477 -41.0000000000
2488 -39.0000000000
2627 -38.0000000000
2638 -37.0000000000
2888 -36.0000000000
2934 -35.0000000000
2969 -33.0000000000
3030 -32.0000000000
3177 -30.0000000000
3221 -29.0000000000
3283 -28.0000000000
3477 -27.0000000000
3603 -26.0000000000
3694 -25.0000000000
3864 -24.0000000000
3981 -23.0000000000
4014 -22.0000000000
4137 -20.0000000000
4204 -19.0000000000
4434 -18.0000000000
4540 -16.0000000000
4953 -14.0000000000
5162 -13.0000000000
5810 -11.0000000000
6180 -9.0000000000
6298 -8.0000000000
6350 -7.0000000000
6859 -6.0000000000
8210 -5.0000000000
8351 -4.0000000000
9282 -3.0000000000
9491 -2.0000000000
10010 -8.0000000000
evaluations raw_y
1 -209.0000000000
2 -207.0000000000
3 -204.0000000000
5 -196.0000000000
26 -191.0000000000
40 -186.0000000000
60 -180.0000000000
85 -175.0000000000
109 -174.0000000000
144 -173.0000000000
155 -172.0000000000
159 -166.0000000000
169 -165.0000000000
176 -164.0000000000
195 -154.0000000000
237 -152.0000000000
264 -144.0000000000
302 -143.0000000000
429 -137.0000000000
530 -136.0000000000
575 -134.0000000000
784 -133.0000000000
807 -132.0000000000
853 -131.0000000000
892 -127.0000000000
903 -126.0000000000
952 -118.0000000000
998 -116.0000000000
1028 -113.0000000000
1197 -111.0000000000
1248 -107.0000000000
1285 -104.0000000000
1312 -100.0000000000
1492 -95.0000000000
1537 -92.0000000000
1570 -90.0000000000
1602 -89.0000000000
1620 -88.0000000000
1621 -86.0000000000
1646 -81.0000000000
1671 -80.0000000000
1677 -75.0000000000
1749 -73.0000000000
1768 -71.0000000000
1840 -70.0000000000
1853 -69.0000000000
1887 -65.0000000000
1897 -64.0000000000
1913 -62.0000000000
2022 -59.0000000000
2076 -57.0000000000
2133 -52.0000000000
2179 -51.0000000000
2195 -50.0000000000
2255 -49.0000000000
2297 -46.0000000000
2353 -45.0000000000
2355 -44.0000000000
2401 -43.0000000000
2415 -42.0000000000
2448 -41.0000000000
2503 -40.0000000000
2617 -39.0000000000
2714 -38.0000000000
2816 -37.0000000000
2935 -36.0000000000
2976 -34.0000000000
3068 -31.0000000000
3255 -30.0000000000
3281 -27.0000000000
3423 -26.0000000000
3764 -25.0000000000
3791 -24.0000000000
3902 -23.0000000000
4003 -22.0000000000
4060 -20.0000000000
4097 -19.0000000000
4174 -18.0000000000
4308 -16.0000000000
4905 -15.0000000000
5344 -14.0000000000
5468 -12.0000000000
5670 -11.0000000000
6016 -10.0000000000
6254 -9.0000000000
6307 -8.0000000000
7668 -7.0000000000
8335 -5.0000000000
9419 -4.0000000000
9440 -3.0000000000
10010 -8.0000000000
evaluations raw_y
1 -209.0000000000
3 -201.0000000000
4 -197.0000000000
30 -195.0000000000
47 -190.0000000000
62 -184.0000000000
76 -180.0000000000
88 -167.0000000000
119 -165.0000000000
142 -156.0000000000
220 -149.0000000000
269 -148.0000000000
272 -145.0000000000
354 -142.0000000000
615 -141.0000000000
725 -140.0000000000
785 -139.0000000000
829 -136.0000000000
849 -133.0000000000
852 -130.0000000000
875 -128.0000000000
977 -125.0000000000
1074 -123.0000000000
1103 -122.0000000000
1119 -121.0000000000
1212 -118.0000000000
1232 -117.0000000000
1260 -115.0000000000
1269 -113.0000000000
1306 -111.0000000000
1322 -107.0000000000
1372 -103.0000000000
1419 -102.0000000000
1463 -101.0000000000
1479 -99.0000000000
1488 -98.0000000000
1512 -97.0000000000
1518 -96.0000000000
1530 -95.0000000000
1539 -93.0000000000
1572 -89.0000000000
1602 -88.0000000000
1627 -85.0000000000
1641 -83.0000000000
1687 -82.0000000000
1691 -79.0000000000
1700 -78.0000000000
1734 -75.0000000000
1811 -73.0000000000
1870 -72.0000000000
1879 -70.0000000000
1930 -69.0000000000
1948 -64.0000000000
1971 -62.0000000000
2064 -60.0000000000
2081 -59.0000000000
2114 -56.0000000000
2177 -55.0000000000
2201 -53.0000000000
2253 -52.0000000000
2280 -51.0000000000
2366 -49.0000000000
2431 -48.0000000000
2448 -47.0000000000
2498 -45.0000000000
2539 -42.0000000000
2657 -40.0000000000
2672 -39.0000000000
2795 -38.0000000000
2861 -37.0000000000
2934 -35.0000000000
2954 -34.0000000000
2969 -33.0000000000
3035 -32.0000000000
3052 -31.0000000000
3113 -30.0000000000
3156 -29.0000000000
3185 -27.0000000000
3260 -26.0000000000
3315 -24.0000000000
3426 -23.0000000000
3444 -22.0000000000
3517 -21.0000000000
3552 -20.0000000000
3579 -19.0000000000
3895 -18.0000000000
3931 -17.0000000000
4126 -16.0000000000
4171 -15.0000000000
4432 -13.0000000000
5101 -12.0000000000
6043 -10.0000000000
6195 -9.0000000000
6255 -8.0000000000
6728 -7.0000000000
6783 -6.0000000000
6977 -4.0000000000
8320 -3.0000000000
8475 -1.0000000000
8711 396.0000000000
9144 404.0000000000
9661 409.0000000000
10010 -7.0000000000
evaluations raw_y
1 -232.0000000000
2 -211.0000000000
4 -199.0000000000
12 -191.0000000000
37 -187.0000000000
56 -184.0000000000
64 -179.0000000000
88 -174.0000000000
114 -167.0000000000
118 -166.0000000000
138 -163.0000000000
139 -160.0000000000
202 -159.0000000000
242 -158.0000000000
249 -157.0000000000
274 -156.0000000000
321 -151.0000000000
327 -148.0000000000
411 -146.0000000000
460 -143.0000000000
461 -141.0000000000
610 -137.0000000000
648 -136.0000000000
654 -135.0000000000
711 -134.0000000000
721 -130.0000000000
752 -128.0000000000
763 -125.0000000000
939 -124.0000000000
956 -123.0000000000
1007 -120.0000000000
1045 -113.0000000000
1285 -112.0000000000
1308 -110.0000000000
1325 -107.0000000000
1366 -106.0000000000
1398 -104.0000000000
1430 -102.0000000000
1431 -97.0000000000
1464 -96.0000000000
1521 -93.0000000000
1556 -90.0000000000
1593 -89.0000000000
1607 -88.0000000000
1610 -86.0000000000
1622 -85.0000000000
1662 -84.0000000000
1672 -83.0000000000
1687 -82.0000000000
1693 -80.0000000000
1719 -77.0000000000
1727 -76.0000000000
1749 -75.0000000000
1826 -73.0000000000
1834 -71.0000000000
1846 -70.0000000000
1862 -69.0000000000
1866 -66.0000000000
1939 -65.0000000000
1969 -64.0000000000
1982 -60.0000000000
2032 -58.0000000000
2054 -57.0000000000
2084 -56.0000000000
2146 -55.0000000000
2162 -53.0000000000
2164 -52.0000000000
2276 -50.0000000000
2329 -48.0000000000
2363 -47.0000000000
2412 -46.0000000000
2420 -45.0000000000
2475 -43.0000000000
2506 -41.0000000000
2537 -40.0000000000
2630 -38.0000000000
2655 -36.0000000000
2685 -35.0000000000
2856 -34.0000000000
2868 -33.0000000000
3010 -31.0000000000
3056 -30.0000000000
3263 -29.0000000000
3269 -27.0000000000
3489 -26.0000000000
3543 -25.0000000000
3650 -24.0000000000
3841 -23.0000000000
4072 -22.0000000000
4139 -21.0000000000
4340 -20.0000000000
4629 -18.0000000000
4659 -17.0000000000
4692 -16.0000000000
4782 -15.0000000000
4931 -13.0000000000
5197 -11.0000000000
5303 -10.0000000000
5532 -9.0000000000
5867 -8.0000000000
6910 -7.0000000000
6982 -6.0000000000
7192 -5.0000000000
7577 -4.0000000000
8612 -2.0000000000
9008 -1.0000000000
10010 -8.0000000000
evaluations raw_y
1 -216.0000000000
2 -215.0000000000
11 -210.0000000000
12 -207.0000000000
13 -203.0000000000
17 -200.0000000000
24 -199.0000000000
27 -186.0000000000
58 -184.0000000000
65 -183.0000000000
79 -179.0000000000
81 -176.0000000000
91 -171.0000000000
142 -169.0000000000
149 -162.0000000000
246 -161.0000000000
260 -158.0000000000
280 -153.0000000000
325 -152.0000000000
335 -150.0000000000
337 -149.0000000000
356 -148.0000000000
384 -147.0000000000
431 -142.0000000000
457 -140.0000000000
595 -139.0000000000
631 -136.0000000000
668 -135.0000000000
836 -133.0000000000
875 -128.0000000000
919 -125.0000000000
974 -124.0000000000
1003 -123.0000000000
1031 -117.0000000000
1117 -115.0000000000
1156 -113.0000000000
1180 -111.0000000000
1252 -109.0000000000
1299 -105.0000000000
1308 -102.0000000000
1344 -101.0000000000
1459 -98.0000000000
1478 -96.0000000000
1482 -94.0000000000
1528 -91.0000000000
1536 -89.0000000000
1558 -86.0000000000
1629 -85.0000000000
1633 -84.0000000000
1641 -83.0000000000
1666 -76.0000000000
1731 -74.0000000000
1769 -72.0000000000
1772 -71.0000000000
1819 -70.0000000000
1853 -67.0000000000
1917 -66.0000000000
1934 -65.0000000000
1947 -63.0000000000
2019 -61.0000000000
2061 -59.0000000000
2086 -58.0000000000
2134 -57.0000000000
2135 -56.0000000000
2148 -54.0000000000
2168 -51.0000000000
2249 -49.0000000000
2268 -46.0000000000
2353 -45.0000000000
2414 -44.0000000000
2559 -43.0000000000
2617 -42.0000000000
2650 -39.0000000000
2670 -38.0000000000
2701 -37.0000000000
2827 -36.0000000000
2834 -34.0000000000
2976 -33.0000000000
3096 -31.0000000000
3270 -30.0000000000
3325 -29.0000000000
3343 -28.0000000000
3468 -27.0000000000
3491 -26.0000000000
3667 -24.0000000000
3736 -23.0000000000
3784 -22.0000000000
3825 -21.0000000000
4058 -19.0000000000
4143 -18.0000000000
4154 -15.0000000000
4208 -14.0000000000
4236 -13.0000000000
4254 -12.0000000000
4417 -11.0000000000
5184 -10.0000000000
5853 -9.0000000000
5946 -6.0000000000
6402 -5.0000000000
6471 -4.0000000000
6753 -3.0000000000
7211 -2.0000000000
8787 -1.0000000000
8949 388.0000000000
8962 391.0000000000
9118 392.0000000000
9613 394.0000000000
10010 -12.0000000000
evaluations raw_y
1 -214.0000000000
2 -208.0000000000
9 -207.0000000000
10 -202.0000000000
21 -200.0000000000
23 -183.0000000000
62 -178.0000000000
94 -176.0000000000
107 -168.0000000000
122 -161.0000000000
135 -160.0000000000
166 -159.0000000000
211 -158.0000000000
240 -156.0000000000
279 -151.0000000000
341 -149.0000000000
431 -144.0000000000
485 -143.0000000000
508 -140.0000000000
559 -132.0000000000
628 -128.0000000000
757 -127.0000000000
881 -118.0000000000
1200 -117.0000000000
1263 -114.0000000000
1297 -111.0000000000
1305 -110.0000000000
1311 -106.0000000000
1356 -105.0000000000
1369 -104.0000000000
1373 -99.0000000000
1422 -97.0000000000
1463 -96.0000000000
1466 -93.0000000000
1472 -89.0000000000
1485 -88.0000000000
1575 -86.0000000000
1598 -82.0000000000
1630 -81.0000000000
1665 -80.0000000000
1685 -79.0000000000
1687 -77.0000000000
1728 -76.0000000000
1736 -73.0000000000
1795 -70.0000000000
1872 -69.0000000000
1908 -68.0000000000
1943 -67.0000000000
2003 -62.0000000000
2043 -60.0000000000
2164 -59.0000000000
2231 -55.0000000000
2265 -53.0000000000
2291 -52.0000000000
2336 -51.0000000000
2377 -48.0000000000
2448 -47.0000000000
2530 -46.0000000000
2535 -44.0000000000
2639 -42.0000000000
2736 -41.0000000000
2753 -40.0000000000
2794 -39.0000000000
2821 -36.0000000000
2864 -35.0000000000
2880 -34.0000000000
2923 -33.0000000000
2933 -32.0000000000
2954 -31.0000000000
2976 -30.0000000000
3017 -29.0000000000
3115 -28.0000000000
3118 -27.0000000000
3173 -26.0000000000
3189 -24.0000000000
3313 -23.0000000000
3332 -22.0000000000
3420 -21.0000000000
3431 -20.0000000000
3453 -19.0000000000
3705 -18.0000000000
3739 -17.0000000000
3827 -16.0000000000
4072 -14.0000000000
4568 -13.0000000000
5167 -12.0000000000
5249 -10.0000000000
5371 -9.0000000000
5704 -8.0000000000
5769 -7.0000000000
6160 -5.0000000000
6378 -3.0000000000
6837 -2.0000000000
7014 -1.0000000000
7650 370.0000000000
9154 385.0000000000
9177 387.0000000000
10010 -2.0000000000
evaluations raw_y
1 -202.0000000000
15 -201.0000000000
22 -199.0000000000
24 -191.0000000000
38 -185.0000000000
47 -184.0000000000
69 -182.0000000000
73 -179.0000000000
102 -168.0000000000
107 -159.0000000000
180 -149.0000000000
223 -145.0000000000
450 -141.0000000000
482 -138.0000000000
600 -137.0000000000
629 -135.0000000000
631 -122.0000000000
681 -120.0000000000
694 -118.0000000000
804 -113.0000000000
920 -108.0000000000
932 -104.0000000000
1006 -100.0000000000
1170 -96.0000000000
1173 -89.0000000000
1451 -88.0000000000
1458 -86.0000000000
1463 -85.0000000000
1531 -84.0000000000
1550 -82.0000000000
1556 -81.0000000000
1558 -80.0000000000
1584 -76.0000000000
1599 -75.0000000000
1617 -74.0000000000
1627 -71.0000000000
1686 -70.0000000000
1777 -69.0000000000
1799 -68.0000000000
1837 -66.0000000000
1869 -65.0000000000
1939 -64.0000000000
1976 -63.0000000000
1980 -62.0000000000
1995 -61.0000000000
1998 -59.0000000000
2013 -58.0000000000
2036 -57.0000000000
2059 -54.0000000000
2269 -53.0000000000
2284 -52.0000000000
2334 -51.0000000000
2342 -50.0000000000
2367 -49.0000000000
2445 -47.0000000000
2489 -46.0000000000
2594 -45.0000000000
2676 -43.0000000000
2807 -42.0000000000
2823 -41.0000000000
2853 -40.0000000000
2873 -38.0000000000
3095 -37.0000000000
3220 -36.0000000000
3249 -32.0000000000
3424 -31.0000000000
3469 -30.0000000000
3541 -28.0000000000
3699 -27.0000000000
3920 -26.0000000000
4086 -25.0000000000
4156 -24.0000000000
4258 -22.0000000000
4363 -21.0000000000
4494 -19.0000000000
4679 -18.0000000000
4903 -17.0000000000
5141 -16.0000000000
5421 -14.0000000000
5960 -13.0000000000
6452 -12.0000000000
6570 -11.0000000000
7016 -10.0000000000
7137 -9.0000000000
7313 -8.0000000000
7513 -7.0000000000
7697 -6.0000000000
8462 -5.0000000000
8669 -4.0000000000
9379 -3.0000000000
9583 -2.0000000000
9992 -1.0000000000
10010 -7.0000000000
evaluations raw_y
1 -220.0000000000
2 -200.0000000000
18 -198.0000000000
22 -184.0000000000
59 -183.0000000000
72 -181.0000000000
92 -177.0000000000
93 -176.0000000000
96 -172.0000000000
118 -170.0000000000
123 -160.0000000000
131 -158.0000000000
151 -157.0000000000
164 -153.0000000000
184 -152.0000000000
222 -150.0000000000
382 -149.0000000000
413 -146.0000000000
424 -141.0000000000
435 -139.0000000000
465 -138.0000000000
685 -134.0000000000
727 -133.0000000000
793 -131.0000000000
850 -127.0000000000
945 -124.0000000000
989 -123.0000000000
1069 -122.0000000000
1083 -119.0000000000
1230 -113.0000000000
1275 -112.0000000000
1315 -109.0000000000
1333 -108.0000000000
1352 -107.0000000000
1353 -105.0000000000
1409 -103.0000000000
1443 -102.0000000000
1482 -98.0000000000
1510 -96.0000000000
1523 -92.0000000000
1552 -91.0000000000
1560 -90.0000000000
1562 -89.0000000000
1567 -87.0000000000
1611 -84.0000000000
1626 -81.0000000000
1648 -80.0000000000
1663 -79.0000000000
1699 -78.0000000000
1702 -76.0000000000
1727 -75.0000000000
1743 -73.0000000000
1757 -72.0000000000
1764 -68.0000000000
1780 -67.0000000000
1785 -66.0000000000
1808 -64.0000000000
1860 -63.0000000000
1873 -62.0000000000
1922 -61.0000000000
1959 -60.0000000000
1990 -59.0000000000
2018 -55.0000000000
2085 -54.0000000000
2087 -53.0000000000
2127 -51.0000000000
2178 -49.0000000000
2221 -48.0000000000
2224 -45.0000000000
2307 -42.0000000000
2373 -39.0000000000
2441 -38.0000000000
2590 -37.0000000000
2729 -36.0000000000
2770 -35.0000000000
2844 -32.0000000000
2941 -31.0000000000
2967 -30.0000000000
3023 -29.0000000000
3091 -28.0000000000
3221 -27.0000000000
3364 -26.0000000000
3479 -25.0000000000
3653 -24.0000000000
3861 -23.0000000000
3937 -22.0000000000
4038 -21.0000000000
4170 -20.0000000000
4280 -19.0000000000
4625 -18.0000000000
4697 -16.0000000000
4757 -15.0000000000
4887 -14.0000000000
5012 -13.0000000000
5238 -12.0000000000
5824 -11.0000000000
6114 -10.0000000000
6858 -8.0000000000
6954 -7.0000000000
7467 -6.0000000000
7591 -5.0000000000
7758 -3.0000000000
8214 -2.0000000000
8351 401.0000000000
9623 410.0000000000
10010 -12.0000000000
evaluations raw_y
1 -223.0000000000
2 -216.0000000000
3 -213.0000000000
4 -206.0000000000
12 -199.0000000000
21 -197.0000000000
32 -193.0000000000
44 -190.0000000000
49 -188.0000000000
51 -184.0000000000
73 -183.0000000000
81 -182.0000000000
87 -179.0000000000
100 -178.0000000000
114 -174.0000000000
130 -168.0000000000
147 -167.0000000000
149 -161.0000000000
189 -160.0000000000
323 -157.0000000000
381 -154.0000000000
416 -149.0000000000
424 -145.0000000000
442 -141.0000000000
500 -140.0000000000
599 -138.0000000000
621 -131.0000000000
694 -129.0000000000
799 -127.0000000000
884 -118.0000000000
1181 -117.0000000000
1225 -115.0000000000
1246 -113.0000000000
1302 -111.0000000000
1374 -110.0000000000
1376 -105.0000000000
1392 -102.0000000000
1443 -97.0000000000
1507 -96.0000000000
1516 -92.0000000000
1545 -91.0000000000
1577 -89.0000000000
1606 -87.0000000000
1625 -84.0000000000
1659 -79.0000000000
1721 -78.0000000000
1742 -77.0000000000
1743 -75.0000000000
1753 -74.0000000000
1768 -73.0000000000
1788 -72.0000000000
1825 -71.0000000000
1834 -69.0000000000
1874 -68.0000000000
1889 -66.0000000000
1891 -65.0000000000
1895 -63.0000000000
1915 -61.0000000000
1947 -60.0000000000
2011 -58.0000000000
2024 -56.0000000000
2059 -55.0000000000
2088 -54.0000000000
2092 -53.0000000000
2123 -52.0000000000
2135 -50.0000000000
2156 -49.0000000000
2208 -47.0000000000
2267 -45.0000000000
2352 -43.0000000000
2397 -42.0000000000
2402 -41.0000000000
2560 -40.0000000000
2606 -39.0000000000
2681 -36.0000000000
2803 -33.0000000000
2938 -32.0000000000
2960 -31.0000000000
3195 -29.0000000000
3401 -28.0000000000
3486 -27.0000000000
3659 -26.0000000000
3836 -24.0000000000
4003 -22.0000000000
4239 -21.0000000000
4339 -20.0000000000
4414 -19.0000000000
4640 -18.0000000000
4804 -17.0000000000
4931 -16.0000000000
4983 -14.0000000000
5111 -13.0000000000
5568 -12.0000000000
5695 -11.0000000000
5703 -10.0000000000
5850 -9.0000000000
6272 -7.0000000000
6828 -5.0000000000
7017 -4.0000000000
7595 -3.0000000000
8144 -2.0000000000
9884 -1.0000000000
10010 -7.0000000000
evaluations raw_y
1 -200.0000000000
19 -194.0000000000
20 -192.0000000000
26 -174.0000000000
52 -165.0000000000
57 -164.0000000000
119 -163.0000000000
128 -152.0000000000
206 -149.0000000000
226 -144.0000000000
261 -141.0000000000
378 -140.0000000000
504 -138.0000000000
567 -135.0000000000
671 -128.0000000000
761 -126.0000000000
788 -125.0000000000
838 -122.0000000000
919 -121.0000000000
982 -118.0000000000
1071 -116.0000000000
1116 -115.0000000000
1143 -113.0000000000
1281 -112.0000000000
1283 -111.0000000000
1297 -109.0000000000
1346 -108.0000000000
1362 -104.0000000000
1432 -103.0000000000
1434 -100.0000000000
1473 -98.0000000000
1501 -97.0000000000
1541 -96.0000000000
1551 -94.0000000000
1580 -93.0000000000
1600 -89.0000000000
1643 -88.0000000000
1707 -85.0000000000
1714 -82.0000000000
1756 -80.0000000000
1771 -79.0000000000
1832 -77.0000000000
1862 -74.0000000000
1881 -71.0000000000
1918 -70.0000000000
1942 -68.0000000000
1999 -67.0000000000
2039 -66.0000000000
2072 -65.0000000000
2102 -64.0000000000
2159 -63.0000000000
2204 -61.0000000000
2235 -59.0000000000
2273 -58.0000000000
2297 -56.0000000000
2343 -55.0000000000
2357 -54.0000000000
2410 -52.0000000000
2456 -50.0000000000
2521 -49.0000000000
2571 -47.0000000000
2650 -46.0000000000
2730 -45.0000000000
2771 -42.0000000000
2838 -41.0000000000
2852 -40.0000000000
2933 -38.0000000000
3004 -37.0000000000
3060 -36.0000000000
3100 -35.0000000000
3179 -34.0000000000
3247 -33.0000000000
3287 -31.0000000000
3521 -30.0000000000
3649 -28.0000000000
3694 -26.0000000000
3776 -25.0000000000
4098 -24.0000000000
4120 -21.0000000000
4196 -19.0000000000
4240 -18.0000000000
4521 -17.0000000000
4678 -16.0000000000
4749 -14.0000000000
5245 -13.0000000000
5362 -12.0000000000
5683 -11.0000000000
5819 -9.0000000000
6341 -8.0000000000
6387 -7.0000000000
6655 -6.0000000000
6718 -5.0000000000
6849 -4.0000000000
7235 -3.0000000000
7616 -2.0000000000
8290 -1.0000000000
8586 383.0000000000
8627 395.0000000000
8706 398.0000000000
10010 -5.0000000000
evaluations raw_y
1 -205.0000000000
4 -202.0000000000
5 -198.0000000000
25 -196.0000000000
32 -192.0000000000
42 -185.0000000000
62 -177.0000000000
76 -175.0000000000
93 -170.0000000000
107 -166.0000000000
131 -160.0000000000
205 -158.0000000000
207 -153.0000000000
282 -150.0000000000
300 -145.0000000000
336 -139.0000000000
519 -138.0000000000
522 -131.0000000000
546 -124.0000000000
633 -121.0000000000
661 -119.0000000000
718 -118.0000000000
748 -113.0000000000
974 -111.0000000000
1104 -106.0000000000
1274 -105.0000000000
1391 -103.0000000000
1410 -102.0000000000
1434 -98.0000000000
1451 -97.0000000000
1469 -96.0000000000
1510 -89.0000000000
1556 -88.0000000000
1569 -87.0000000000
1594 -85.0000000000
1617 -83.0000000000
1663 -82.0000000000
1678 -79.0000000000
1702 -78.0000000000
1717 -76.0000000000
1744 -74.0000000000
1802 -72.0000000000
1855 -69.0000000000
1893 -68.0000000000
1903 -66.0000000000
1937 -65.0000000000
1967 -64.0000000000
2001 -63.0000000000
2029 -62.0000000000
2068 -61.0000000000
2086 -60.0000000000
2125 -58.0000000000
2197 -56.0000000000
2210 -54.0000000000
2292 -51.0000000000
2318 -50.0000000000
2336 -49.0000000000
2363 -48.0000000000
2401 -47.0000000000
2424 -46.0000000000
2437 -44.0000000000
2552 -42.0000000000
2665 -40.0000000000
2727 -38.0000000000
2772 -37.0000000000
2784 -36.0000000000
2843 -35.0000000000
2922 -33.0000000000
3003 -32.0000000000
3069 -31.0000000000
3100 -29.0000000000
3101 -28.0000000000
3121 -27.0000000000
3139 -25.0000000000
3241 -24.0000000000
3260 -21.0000000000
3551 -20.0000000000
3666 -19.0000000000
3753 -18.0000000000
3845 -17.0000000000
3957 -16.0000000000
3975 -14.0000000000
4044 -13.0000000000
4369 -12.0000000000
4623 -11.0000000000
4887 -10.0000000000
4971 -9.0000000000
5553 -7.0000000000
6114 -6.0000000000
6337 -5.0000000000
6697 -4.0000000000
8064 -3.0000000000
9545 -2.0000000000
10010 -6.0000000000
evaluations raw_y
1 -191.0000000000
24 -189.0000000000
40 -187.0000000000
65 -177.0000000000
76 -175.0000000000
83 -174.0000000000
120 -173.0000000000
124 -170.0000000000
128 -168.0000000000
157 -167.0000000000
175 -160.0000000000
198 -159.0000000000
211 -153.0000000000
225 -152.0000000000
231 -151.0000000000
480 -147.0000000000
539 -146.0000000000
545 -145.0000000000
563 -144.0000000000
585 -142.0000000000
606 -141.0000000000
657 -135.0000000000
679 -133.0000000000
884 -130.0000000000
921 -129.0000000000
1072 -128.0000000000
1084 -124.0000000000
1160 -122.0000000000
1182 -121.0000000000
1197 -119.0000000000
1213 -117.0000000000
1236 -116.0000000000
1272 -112.0000000000
1287 -111.0000000000
1301 -108.0000000000
1369 -107.0000000000
1372 -104.0000000000
1402 -103.0000000000
1407 -101.0000000000
1454 -100.0000000000
1481 -99.0000000000
1503 -98.0000000000
1528 -96.0000000000
1536 -95.0000000000
1566 -93.0000000000
1577 -92.0000000000
1611 -90.0000000000
1617 -89.0000000000
1629 -87.0000000000
1646 -85.0000000000
1659 -84.0000000000
1687 -83.0000000000
1700 -80.0000000000
1778 -79.0000000000
1803 -78.0000000000
1825 -77.0000000000
1853 -75.0000000000
1859 -74.0000000000
1879 -73.0000000000
1894 -72.0000000000
1917 -69.0000000000
1922 -68.0000000000
1963 -67.0000000000
1967 -65.0000000000
1977 -63.0000000000
2010 -62.0000000000
2032 -61.0000000000
2034 -60.0000000000
2054 -58.0000000000
2059 -57.0000000000
2084 -56.0000000000
2088 -53.0000000000
2108 -52.0000000000
2149 -50.0000000000
2320 -48.0000000000
2343 -47.0000000000
2434 -46.0000000000
2443 -45.0000000000
2482 -42.0000000000
2597 -41.0000000000
2687 -40.0000000000
2706 -38.0000000000
2772 -37.0000000000
2799 -36.0000000000
2847 -34.0000000000
2960 -33.0000000000
3067 -31.0000000000
3088 -30.0000000000
3331 -29.0000000000
3388 -27.0000000000
3606 -25.0000000000
3861 -23.0000000000
4019 -21.0000000000
4069 -19.0000000000
4266 -18.0000000000
4433 -17.0000000000
4642 -16.0000000000
4691 -15.0000000000
4797 -14.0000000000
4938 -13.0000000000
5129 -11.0000000000
5478 -10.0000000000
5746 -7.0000000000
6224 -6.0000000000
6365 -5.0000000000
6516 -4.0000000000
6851 -3.0000000000
7006 -2.0000000000
7324 -1.0000000000
8723 400.0000000000
9129 409.0000000000
9314 418.0000000000
10010 -3.0000000000
evaluations raw_y
1 -217.0000000000
2 -211.0000000000
7 -205.0000000000
9 -191.0000000000
48 -186.0000000000
58 -184.0000000000
72 -180.0000000000
76 -176.0000000000
89 -173.0000000000
102 -170.0000000000
131 -169.0000000000
142 -168.0000000000
147 -167.0000000000
167 -159.0000000000
229 -154.0000000000
245 -151.0000000000
350 -150.0000000000
411 -149.0000000000
441 -147.0000000000
460 -142.0000000000
596 -136.0000000000
650 -134.0000000000
702 -133.0000000000
767 -131.0000000000
849 -123.0000000000
889 -122.0000000000
896 -121.0000000000
1051 -119.0000000000
1066 -116.0000000000
1099 -114.0000000000
1111 -108.0000000000
1231 -107.0000000000
1263 -99.0000000000
1351 -98.0000000000
1386 -97.0000000000
1408 -96.0000000000
1425 -94.0000000000
1443 -91.0000000000
1478 -89.0000000000
1533 -87.0000000000
1571 -86.0000000000
1598 -83.0000000000
1599 -82.0000000000
1614 -80.0000000000
1654 -76.0000000000
1682 -75.0000000000
1747 -73.0000000000
1778 -72.0000000000
1788 -69.0000000000
1818 -68.0000000000
1830 -67.0000000000
1855 -66.0000000000
1860 -65.0000000000
1932 -64.0000000000
1933 -63.0000000000
2006 -62.0000000000
2149 -60.0000000000
2166 -59.0000000000
2176 -58.0000000000
2207 -56.0000000000
2228 -54.0000000000
2308 -53.0000000000
2314 -52.0000000000
2421 -50.0000000000
2483 -49.0000000000
2491 -47.0000000000
2520 -46.0000000000
2532 -44.0000000000
2560 -42.0000000000
2606 -40.0000000000
2721 -39.0000000000
2751 -38.0000000000
2786 -36.0000000000
2826 -34.0000000000
2898 -32.0000000000
3041 -30.0000000000
3098 -29.0000000000
3140 -26.0000000000
3193 -25.0000000000
3414 -24.0000000000
3517 -23.0000000000
3654 -22.0000000000
3745 -21.0000000000
3791 -20.0000000000
3840 -19.0000000000
3914 -18.0000000000
4110 -16.0000000000
4287 -15.0000000000
4327 -13.0000000000
4442 -12.0000000000
4445 -11.0000000000
4551 -10.0000000000
4870 -8.0000000000
5659 -7.0000000000
5875 -6.0000000000
6222 -5.0000000000
7047 -2.0000000000
8162 -1.0000000000
8327 392.0000000000
8713 394.0000000000
9434 396.0000000000
9962 398.0000000000
10010 -1.0000000000
evaluations raw_y
1 -207.0000000000
7 -204.0000000000
19 -203.0000000000
28 -181.0000000000
44 -176.0000000000
60 -174.0000000000
67 -173.0000000000
84 -169.0000000000
100 -167.0000000000
106 -163.0000000000
123 -162.0000000000
146 -161.0000000000
185 -160.0000000000
239 -157.0000000000
326 -154.0000000000
388 -151.0000000000
401 -142.0000000000
569 -139.0000000000
620 -136.0000000000
670 -135.0000000000
680 -133.0000000000
714 -129.0000000000
764 -126.0000000000
880 -125.0000000000
1000 -124.0000000000
1003 -123.0000000000
1040 -122.0000000000
1080 -120.0000000000
1110 -118.0000000000
1153 -113.0000000000
1239 -112.0000000000
1278 -109.0000000000
1362 -105.0000000000
1371 -102.0000000000
1390 -101.0000000000
1398 -99.0000000000
1439 -98.0000000000
1453 -97.0000000000
1470 -96.0000000000
1480 -95.0000000000
1485 -94.0000000000
1534 -93.0000000000
1575 -91.0000000000
1585 -90.0000000000
1588 -89.0000000000
1594 -86.0000000000
1619 -85.0000000000
1652 -79.0000000000
1659 -78.0000000000
1676 -77.0000000000
1713 -75.0000000000
1748 -72.0000000000
1766 -71.0000000000
1767 -70.0000000000
1841 -69.0000000000
1857 -68.0000000000
1884 -67.0000000000
1891 -66.0000000000
1901 -65.0000000000
1917 -64.0000000000
1944 -63.0000000000
1967 -61.0000000000
1988 -60.0000000000
2019 -57.0000000000
2133 -56.0000000000
2165 -54.0000000000
2204 -53.0000000000
2249 -52.0000000000
2314 -51.0000000000
2430 -50.0000000000
2438 -48.0000000000
2459 -47.0000000000
2471 -46.0000000000
2530 -45.0000000000
2544 -43.0000000000
2596 -41.0000000000
2663 -39.0000000000
2801 -37.0000000000
2866 -35.0000000000
2954 -34.0000000000
3193 -33.0000000000
3243 -32.0000000000
3459 -31.0000000000
3536 -29.0000000000
3564 -27.0000000000
3636 -23.0000000000
3717 -22.0000000000
3867 -21.0000000000
4019 -20.0000000000
4030 -19.0000000000
4166 -18.0000000000
4183 -17.0000000000
4229 -15.0000000000
4342 -14.0000000000
4489 -13.0000000000
4541 -12.0000000000
4761 -11.0000000000
4839 -10.0000000000
5001 -8.0000000000
5243 -7.0000000000
5386 -6.0000000000
6079 -5.0000000000
6612 -4.0000000000
6825 -3.0000000000
7505 -2.0000000000
7918 -1.0000000000
7962 365.0000000000
8472 369.0000000000
9762 372.0000000000
9856 392.0000000000
10010 -6.0000000000
evaluations raw_y
1 -227.0000000000
2 -193.0000000000
7 -192.0000000000
24 -179.0000000000
56 -165.0000000000
59 -162.0000000000
108 -158.0000000000
284 -155.0000000000
409 -154.0000000000
444 -153.0000000000
491 -149.0000000000
506 -147.0000000000
545 -143.0000000000
651 -137.0000000000
702 -135.0000000000
711 -132.0000000000
771 -129.0000000000
825 -127.0000000000
929 -119.0000000000
1084 -117.0000000000
1128 -115.0000000000
1134 -114.0000000000
1142 -113.0000000000
1155 -108.0000000000
1200 -107.0000000000
1228 -102.0000000000
1229 -101.0000000000
1308 -100.0000000000
1328 -97.0000000000
1360 -96.0000000000
1372 -94.0000000000
1423 -93.0000000000
1439 -89.0000000000
1449 -88.0000000000
1476 -87.0000000000
1479 -85.0000000000
1516 -84.0000000000
1528 -80.0000000000
1601 -79.0000000000
1605 -78.0000000000
1613 -75.0000000000
1644 -74.0000000000
1685 -68.0000000000
1718 -67.0000000000
1741 -66.0000000000
1753 -64.0000000000
1781 -62.0000000000
1826 -60.0000000000
1849 -59.0000000000
1881 -57.0000000000
1914 -54.0000000000
1949 -53.0000000000
2041 -50.0000000000
2067 -49.0000000000
2082 -48.0000000000
2103 -47.0000000000
2206 -46.0000000000
2245 -45.0000000000
2279 -44.0000000000
2308 -42.0000000000
2318 -41.0000000000
2393 -40.0000000000
2419 -38.0000000000
2449 -37.0000000000
2490 -36.0000000000
2529 -34.0000000000
2622 -32.0000000000
2646 -31.0000000000
2717 -28.0000000000
3069 -27.0000000000
3173 -26.0000000000
3194 -25.0000000000
3266 -23.0000000000
3362 -21.0000000000
3441 -20.0000000000
3500 -19.0000000000
3700 -17.0000000000
3809 -16.0000000000
4021 -14.0000000000
4769 -12.0000000000
5189 -11.0000000000
6393 -10.0000000000
6750 -8.0000000000
6909 -7.0000000000
6991 -6.0000000000
7301 -5.0000000000
7843 -4.0000000000
7864 -3.0000000000
7929 -2.0000000000
7981 -1.0000000000
8041 363.0000000000
8287 365.0000000000
8570 371.0000000000
9157 376.0000000000
9432 384.0000000000
9441 388.0000000000
9496 401.0000000000
9692 408.0000000000
10010 -7.0000000000
evaluations raw_y
1 -208.0000000000
2 -206.0000000000
4 -203.0000000000
5 -199.0000000000
6 -196.0000000000
10 -181.0000000000
34 -178.0000000000
39 -175.0000000000
55 -170.0000000000
110 -169.0000000000
135 -164.0000000000
177 -156.0000000000
244 -154.0000000000
252 -153.0000000000
261 -151.0000000000
278 -147.0000000000
308 -145.0000000000
355 -143.0000000000
367 -135.0000000000
714 -132.0000000000
722 -129.0000000000
786 -126.0000000000
810 -125.0000000000
843 -124.0000000000
950 -123.0000000000
974 -119.0000000000
1023 -118.0000000000
1068 -117.0000000000
1083 -116.0000000000
1101 -115.0000000000
1168 -112.0000000000
1222 -109.0000000000
1236 -107.0000000000
1288 -106.0000000000
1333 -103.0000000000
1339 -99.0000000000
1379 -93.0000000000
1443 -91.0000000000
1512 -89.0000000000
1575 -88.0000000000
1581 -87.0000000000
1605 -85.0000000000
1629 -83.0000000000
1640 -78.0000000000
1652 -77.0000000000
1661 -74.0000000000
1683 -71.0000000000
1703 -70.0000000000
1707 -69.0000000000
1763 -68.0000000000
1775 -67.0000000000
1782 -65.0000000000
1806 -64.0000000000
1827 -61.0000000000
1918 -60.0000000000
1967 -58.0000000000
1983 -57.0000000000
2026 -55.0000000000
2094 -54.0000000000
2121 -53.0000000000
2164 -51.0000000000
2231 -49.0000000000
2261 -48.0000000000
2313 -47.0000000000
2361 -46.0000000000
2370 -44.0000000000
2379 -43.0000000000
2425 -42.0000000000
2437 -40.0000000000
2528 -38.0000000000
2571 -36.0000000000
2774 -34.0000000000
2885 -33.0000000000
3015 -32.0000000000
3105 -31.0000000000
3196 -30.0000000000
3292 -28.0000000000
3366 -27.0000000000
3504 -26.0000000000
3609 -24.0000000000
3927 -23.0000000000
4159 -22.0000000000
4181 -21.0000000000
4254 -20.0000000000
4442 -19.0000000000
4481 -18.0000000000
4497 -17.0000000000
4647 -15.0000000000
4991 -14.0000000000
5200 -13.0000000000
5530 -12.0000000000
5770 -11.0000000000
6240 -10.0000000000
6249 -9.0000000000
6298 -8.0000000000
6382 -7.0000000000
6462 -6.0000000000
6702 -5.0000000000
7357 -4.0000000000
7888 -3.0000000000
9146 -2.0000000000
10010 -6.0000000000
evaluations raw_y
1 -226.0000000000
2 -214.0000000000
8 -210.0000000000
12 -206.0000000000
13 -202.0000000000
20 -188.0000000000
36 -184.0000000000
40 -182.0000000000
47 -181.0000000000
105 -173.0000000000
115 -170.0000000000
158 -169.0000000000
184 -163.0000000000
228 -162.0000000000
237 -152.0000000000
356 -151.0000000000
376 -149.0000000000
386 -148.0000000000
472 -145.0000000000
489 -142.0000000000
612 -139.0000000000
629 -131.0000000000
692 -129.0000000000
856 -128.0000000000
880 -127.0000000000
914 -126.0000000000
944 -125.0000000000
946 -124.0000000000
1103 -114.0000000000
1179 -111.0000000000
1241 -110.0000000000
1276 -108.0000000000
1364 -103.0000000000
1392 -101.0000000000
1407 -100.0000000000
1425 -99.0000000000
1463 -96.0000000000
1484 -94.0000000000
1499 -89.0000000000
1545 -88.0000000000
1569 -86.0000000000
1582 -85.0000000000
1589 -84.0000000000
1617 -83.0000000000
1623 -81.0000000000
1644 -76.0000000000
1698 -75.0000000000
1723 -74.0000000000
1741 -73.0000000000
1809 -72.0000000000
1823 -71.0000000000
1826 -70.0000000000
1866 -68.0000000000
1925 -64.0000000000
1987 -62.0000000000
2007 -59.0000000000
2048 -57.0000000000
2133 -55.0000000000
2176 -52.0000000000
2183 -48.0000000000
2249 -47.0000000000
2287 -46.0000000000
2308 -45.0000000000
2327 -44.0000000000
2405 -40.0000000000
2478 -38.0000000000
2592 -37.0000000000
2604 -36.0000000000
2712 -35.0000000000
2740 -33.0000000000
2813 -32.0000000000
3129 -30.0000000000
3387 -28.0000000000
3774 -27.0000000000
3823 -26.0000000000
4005 -25.0000000000
4067 -23.0000000000
4180 -22.0000000000
4289 -21.0000000000
4554 -20.0000000000
4601 -19.0000000000
5024 -18.0000000000
5132 -17.0000000000
5308 -14.0000000000
5686 -13.0000000000
5691 -12.0000000000
6016 -11.0000000000
6449 -8.0000000000
6872 -7.0000000000
7194 -5.0000000000
7477 -4.0000000000
7928 -2.0000000000
8129 -1.0000000000
8727 371.0000000000
9680 378.0000000000
10010 -3.0000000000
evaluations raw_y
1 -213.0000000000
8 -206.0000000000
10 -203.0000000000
24 -202.0000000000
28 -188.0000000000
72 -186.0000000000
82 -183.0000000000
85 -177.0000000000
103 -164.0000000000
214 -160.0000000000
227 -157.0000000000
282 -154.0000000000
331 -152.0000000000
405 -151.0000000000
590 -150.0000000000
604 -146.0000000000
628 -143.0000000000
653 -141.0000000000
654 -139.0000000000
773 -136.0000000000
861 -131.0000000000
922 -125.0000000000
1003 -124.0000000000
1054 -122.0000000000
1105 -120.0000000000
1119 -115.0000000000
1227 -112.0000000000
1243 -111.0000000000
1254 -109.0000000000
1262 -107.0000000000
1276 -104.0000000000
1346 -103.0000000000
1403 -100.0000000000
1426 -99.0000000000
1428 -98.0000000000
1454 -97.0000000000
1466 -95.0000000000
1482 -93.0000000000
1498 -92.0000000000
1526 -91.0000000000
1528 -90.0000000000
1535 -88.0000000000
1564 -87.0000000000
1583 -79.0000000000
1613 -76.0000000000
1704 -74.0000000000
1737 -72.0000000000
1776 -71.0000000000
1804 -70.0000000000
1837 -68.0000000000
1845 -67.0000000000
1880 -66.0000000000
1934 -64.0000000000
1981 -63.0000000000
1984 -62.0000000000
1994 -60.0000000000
2025 -59.0000000000
2046 -57.0000000000
2087 -56.0000000000
2131 -52.0000000000
2169 -51.0000000000
2212 -49.0000000000
2222 -48.0000000000
2252 -46.0000000000
2354 -44.0000000000
2379 -42.0000000000
2440 -40.0000000000
2505 -39.0000000000
2573 -38.0000000000
2610 -36.0000000000
2695 -35.0000000000
2862 -33.0000000000
2889 -31.0000000000
2951 -29.0000000000
3084 -28.0000000000
3115 -26.0000000000
3223 -25.0000000000
3286 -24.0000000000
3334 -23.0000000000
3571 -21.0000000000
3792 -20.0000000000
3945 -19.0000000000
4605 -18.0000000000
4700 -16.0000000000
4792 -15.0000000000
4846 -14.0000000000
4882 -13.0000000000
4988 -12.0000000000
5114 -11.0000000000
5235 -10.0000000000
5279 -9.0000000000
5330 -8.0000000000
6063 -7.0000000000
6594 -6.0000000000
7470 -5.0000000000
8055 -4.0000000000
8249 -3.0000000000
8336 -2.0000000000
9989 -1.0000000000
10010 393.0000000000
evaluations raw_y
1 -205.0000000000
2 -194.0000000000
22 -193.0000000000
37 -183.0000000000
58 -180.0000000000
65 -178.0000000000
75 -175.0000000000
108 -170.0000000000
121 -163.0000000000
201 -160.0000000000
216 -157.0000000000
220 -154.0000000000
255 -151.0000000000
264 -147.0000000000
289 -143.0000000000
358 -141.0000000000
428 -136.0000000000
492 -134.0000000000
625 -133.0000000000
635 -130.0000000000
797 -126.0000000000
1002 -125.0000000000
1013 -113.0000000000
1240 -111.0000000000
1308 -110.0000000000
1342 -106.0000000000
1399 -102.0000000000
1469 -101.0000000000
1484 -100.0000000000
1487 -98.0000000000
1520 -97.0000000000
1564 -95.0000000000
1602 -91.0000000000
1642 -90.0000000000
1670 -89.0000000000
1686 -88.0000000000
1699 -85.0000000000
1743 -84.0000000000
1779 -82.0000000000
1815 -77.0000000000
1894 -76.0000000000
1949 -73.0000000000
1989 -72.0000000000
2010 -71.0000000000
2029 -68.0000000000
2070 -67.0000000000
2093 -66.0000000000
2136 -63.0000000000
2165 -60.0000000000
2214 -59.0000000000
2222 -57.0000000000
2262 -53.0000000000
2285 -52.0000000000
2395 -51.0000000000
2405 -49.0000000000
2422 -48.0000000000
2492 -47.0000000000
2502 -46.0000000000
2635 -45.0000000000
2664 -44.0000000000
2720 -43.0000000000
2738 -42.0000000000
2739 -39.0000000000
2777 -36.0000000000
2808 -34.0000000000
2870 -33.0000000000
2911 -32.0000000000
3002 -30.0000000000
3024 -28.0000000000
3087 -27.0000000000
3610 -26.0000000000
3896 -24.0000000000
4056 -23.0000000000
4105 -22.0000000000
4148 -21.0000000000
4242 -20.0000000000
4331 -19.0000000000
4388 -17.0000000000
4492 -15.0000000000
4583 -14.0000000000
4660 -13.0000000000
4828 -12.0000000000
4939 -11.0000000000
5026 -9.0000000000
5513 -8.0000000000
6061 -7.0000000000
6292 -5.0000000000
6813 -4.0000000000
8188 -3.0000000000
8597 -2.0000000000
9373 -1.0000000000
9670 400.0000000000
9910 403.0000000000
10010 -2.0000000000
evaluations raw_y
1 -229.0000000000
2 -209.0000000000
5 -200.0000000000
26 -197.0000000000
30 -196.0000000000
40 -194.0000000000
46 -188.0000000000
59 -176.0000000000
92 -175.0000000000
107 -165.0000000000
123 -158.0000000000
129 -155.0000000000
147 -154.0000000000
269 -152.0000000000
294 -151.0000000000
321 -147.0000000000
384 -146.0000000000
437 -141.0000000000
545 -140.0000000000
553 -137.0000000000
563 -134.0000000000
609 -131.0000000000
677 -129.0000000000
882 -127.0000000000
921 -123.0000000000
1013 -122.0000000000
1014 -120.0000000000
1070 -117.0000000000
1101 -116.0000000000
1216 -112.0000000000
1245 -108.0000000000
1303 -103.0000000000
1431 -100.0000000000
1437 -99.0000000000
1481 -95.0000000000
1514 -91.0000000000
1517 -90.0000000000
1558 -88.0000000000
1568 -87.0000000000
1590 -84.0000000000
1616 -80.0000000000
1671 -79.0000000000
1678 -78.0000000000
1686 -77.0000000000
1697 -74.0000000000
1758 -73.0000000000
1790 -70.0000000000
1796 -69.0000000000
1830 -65.0000000000
1867 -63.0000000000
1937 -62.0000000000
1949 -60.0000000000
1974 -59.0000000000
2044 -57.0000000000
2083 -56.0000000000
2095 -54.0000000000
2150 -53.0000000000
2186 -48.0000000000
2246 -47.0000000000
2287 -45.0000000000
2320 -43.0000000000
2388 -42.0000000000
2389 -41.0000000000
2443 -40.0000000000
2453 -39.0000000000
2485 -37.0000000000
2506 -36.0000000000
2523 -30.0000000000
2617 -29.0000000000
2723 -28.0000000000
2964 -25.0000000000
3064 -23.0000000000
3281 -22.0000000000
3314 -20.0000000000
3384 -19.0000000000
3627 -17.0000000000
4238 -16.0000000000
4347 -15.0000000000
4748 -14.0000000000
4769 -13.0000000000
4955 -11.0000000000
5075 -10.0000000000
5277 -9.0000000000
6036 -8.0000000000
6155 -7.0000000000
6552 -6.0000000000
6846 -5.0000000000
7250 -4.0000000000
7624 -3.0000000000
7723 -1.0000000000
8694 362.0000000000
8713 363.0000000000
8716 385.0000000000
9061 394.0000000000
10010 -6.0000000000
