evaluations raw_y
1 5.8000000000
2 6.0000000000
3 7.8000000000
11 8.0000000000
12 8.6000000000
34 9.4000000000
108 10.2000000000
134 10.6000000000
148 10.8000000000
221 11.0000000000
243 11.4000000000
290 11.8000000000
348 12.0000000000
383 12.8000000000
401 13.0000000000
422 13.2000000000
448 13.4000000000
455 13.6000000000
556 13.8000000000
586 14.0000000000
665 14.2000000000
742 14.4000000000
805 14.6000000000
876 14.8000000000
962 15.0000000000
1027 15.2000000000
1087 15.4000000000
1185 15.6000000000
1243 15.8000000000
1731 16.0000000000
1989 16.2000000000
100000 16.2000000000
evaluations raw_y
1 7.4000000000
2 8.2000000000
9 8.4000000000
62 9.8000000000
115 10.6000000000
188 11.2000000000
231 11.6000000000
300 12.0000000000
374 12.6000000000
389 12.8000000000
443 13.0000000000
500 13.2000000000
556 13.4000000000
621 13.6000000000
694 13.8000000000
753 14.0000000000
802 14.2000000000
864 14.4000000000
969 14.6000000000
1035 14.8000000000
1126 15.0000000000
1153 15.2000000000
1311 15.4000000000
1434 15.6000000000
1493 15.8000000000
1569 16.0000000000
1871 16.2000000000
2522 16.4000000000
100000 16.2000000000
evaluations raw_y
1 7.4000000000
4 8.0000000000
23 8.6000000000
45 9.0000000000
59 9.6000000000
171 10.0000000000
227 10.8000000000
314 11.2000000000
353 11.4000000000
362 11.8000000000
426 12.0000000000
502 12.4000000000
507 12.6000000000
567 13.0000000000
627 13.2000000000
773 13.4000000000
842 13.6000000000
876 13.8000000000
973 14.0000000000
1014 14.2000000000
1174 14.4000000000
1233 14.6000000000
1375 14.8000000000
1409 15.0000000000
1609 15.2000000000
1734 15.4000000000
1939 15.6000000000
2065 15.8000000000
2117 16.0000000000
2201 16.2000000000
2225 16.4000000000
100000 16.4000000000
evaluations raw_y
1 7.8000000000
11 9.2000000000
48 9.4000000000
58 9.6000000000
75 10.2000000000
86 10.6000000000
169 11.6000000000
208 12.2000000000
357 12.4000000000
392 12.8000000000
436 13.0000000000
463 13.4000000000
602 13.6000000000
640 13.8000000000
688 14.0000000000
691 14.2000000000
769 14.4000000000
920 14.6000000000
1022 14.8000000000
1062 15.0000000000
1200 15.2000000000
1289 15.4000000000
1403 15.6000000000
1551 15.8000000000
2052 16.0000000000
100000 15.6000000000
evaluations raw_y
1 6.4000000000
3 7.4000000000
8 7.8000000000
11 8.4000000000
16 8.8000000000
70 9.2000000000
86 11.0000000000
202 11.6000000000
326 11.8000000000
336 12.2000000000
355 12.6000000000
396 12.8000000000
439 13.0000000000
476 13.2000000000
529 13.4000000000
566 13.6000000000
596 13.8000000000
637 14.0000000000
641 14.2000000000
727 14.4000000000
748 14.6000000000
842 14.8000000000
865 15.0000000000
926 15.2000000000
979 15.4000000000
1091 15.6000000000
1185 15.8000000000
1225 16.0000000000
1652 16.2000000000
1848 16.4000000000
100000 16.2000000000
evaluations raw_y
1 7.8000000000
12 8.0000000000
24 8.4000000000
30 8.6000000000
40 9.0000000000
63 9.2000000000
80 9.6000000000
127 9.8000000000
157 10.2000000000
206 10.4000000000
233 11.0000000000
315 11.8000000000
341 12.6000000000
416 13.0000000000
474 13.2000000000
513 13.4000000000
542 13.8000000000
675 14.0000000000
702 14.4000000000
841 14.6000000000
915 14.8000000000
1018 15.0000000000
1065 15.2000000000
1232 15.4000000000
1319 15.6000000000
1427 15.8000000000
1462 16.0000000000
1587 16.2000000000
1752 16.4000000000
1895 16.6000000000
100000 16.6000000000
evaluations raw_y
1 7.2000000000
9 9.0000000000
59 9.6000000000
110 10.0000000000
185 10.6000000000
189 11.2000000000
278 11.4000000000
292 11.6000000000
323 11.8000000000
340 12.0000000000
366 12.2000000000
382 12.6000000000
431 12.8000000000
444 13.0000000000
487 13.2000000000
535 13.4000000000
562 13.6000000000
606 13.8000000000
654 14.0000000000
682 14.2000000000
751 14.4000000000
855 14.6000000000
926 14.8000000000
1011 15.0000000000
1140 15.2000000000
1313 15.4000000000
1400 15.6000000000
1532 15.8000000000
1639 16.0000000000
2195 16.2000000000
100000 16.2000000000
evaluations raw_y
1 5.2000000000
2 6.2000000000
4 6.4000000000
5 7.8000000000
6 8.6000000000
20 8.8000000000
50 9.2000000000
83 9.4000000000
89 10.4000000000
187 10.6000000000
199 10.8000000000
299 11.2000000000
344 11.4000000000
367 11.6000000000
390 12.0000000000
428 12.4000000000
443 12.6000000000
469 12.8000000000
495 13.2000000000
570 13.4000000000
603 13.6000000000
618 13.8000000000
665 14.0000000000
846 14.2000000000
906 14.4000000000
916 14.6000000000
1011 14.8000000000
1074 15.0000000000
1168 15.2000000000
1231 15.4000000000
1385 15.6000000000
1399 15.8000000000
1471 16.0000000000
1655 16.2000000000
1708 16.4000000000
1779 16.6000000000
2206 16.8000000000
2545 17.0000000000
100000 16.8000000000
evaluations raw_y
1 8.6000000000
41 9.0000000000
79 9.6000000000
157 10.4000000000
167 10.6000000000
189 11.8000000000
321 12.2000000000
358 12.4000000000
397 12.6000000000
408 12.8000000000
483 13.0000000000
512 13.2000000000
574 13.6000000000
661 13.8000000000
729 14.0000000000
785 14.2000000000
949 14.4000000000
992 14.6000000000
1076 14.8000000000
1128 15.0000000000
1257 15.4000000000
1427 15.6000000000
1564 15.8000000000
1655 16.0000000000
1722 16.2000000000
1870 16.4000000000
100000 15.2000000000
evaluations raw_y
1 5.2000000000
2 6.8000000000
7 7.0000000000
10 7.6000000000
11 7.8000000000
15 8.0000000000
25 8.4000000000
44 8.6000000000
47 9.8000000000
106 10.0000000000
189 10.2000000000
211 10.8000000000
226 11.2000000000
262 11.6000000000
281 12.4000000000
315 12.6000000000
321 13.0000000000
338 13.2000000000
407 13.4000000000
434 13.6000000000
488 14.0000000000
498 14.2000000000
568 14.4000000000
605 14.6000000000
673 14.8000000000
812 15.0000000000
918 15.2000000000
979 15.4000000000
1120 15.6000000000
1149 15.8000000000
1513 16.0000000000
1721 16.2000000000
1770 16.4000000000
1891 16.6000000000
2570 16.8000000000
100000 16.6000000000
