evaluations raw_y
1 -1930.0000000000
8 -1844.0000000000
83 -1813.0000000000
130 -1796.0000000000
244 -1780.0000000000
324 -1775.0000000000
340 -1740.0000000000
467 -1727.0000000000
672 -1725.0000000000
674 -1719.0000000000
690 -1712.0000000000
837 -1700.0000000000
864 -1698.0000000000
886 -1697.0000000000
924 -1695.0000000000
942 -1678.0000000000
959 -1672.0000000000
978 -1670.0000000000
1061 -1662.0000000000
1097 -1655.0000000000
1153 -1637.0000000000
1264 -1634.0000000000
1285 -1632.0000000000
1323 -1628.0000000000
1426 -1625.0000000000
1427 -1620.0000000000
1440 -1619.0000000000
1468 -1614.0000000000
1484 -1613.0000000000
1516 -1604.0000000000
1575 -1589.0000000000
1646 -1576.0000000000
1663 -1570.0000000000
1685 -1561.0000000000
1698 -1560.0000000000
1703 -1558.0000000000
1723 -1555.0000000000
1735 -1553.0000000000
1754 -1547.0000000000
1773 -1545.0000000000
1787 -1535.0000000000
1851 -1527.0000000000
1870 -1525.0000000000
1903 -1524.0000000000
1906 -1514.0000000000
1972 -1512.0000000000
1991 -1506.0000000000
1998 -1505.0000000000
2026 -1504.0000000000
2045 -1498.0000000000
2075 -1496.0000000000
2082 -1493.0000000000
2113 -1488.0000000000
2150 -1486.0000000000
2163 -1477.0000000000
2194 -1471.0000000000
2217 -1463.0000000000
2251 -1462.0000000000
2255 -1461.0000000000
2262 -1458.0000000000
2290 -1453.0000000000
2311 -1450.0000000000
2360 -1441.0000000000
2387 -1436.0000000000
2411 -1432.0000000000
2417 -1428.0000000000
2424 -1420.0000000000
2478 -1414.0000000000
2517 -1410.0000000000
2523 -1407.0000000000
2546 -1405.0000000000
2624 -1403.0000000000
2653 -1401.0000000000
2681 -1398.0000000000
2692 -1394.0000000000
2708 -1389.0000000000
2739 -1383.0000000000
2768 -1374.0000000000
2776 -1371.0000000000
2800 -1364.0000000000
2859 -1361.0000000000
2861 -1356.0000000000
2971 -1350.0000000000
3051 -1349.0000000000
3210 -1344.0000000000
3313 -1343.0000000000
3656 -1342.0000000000
3817 -1341.0000000000
3829 -1337.0000000000
3890 -1324.0000000000
3913 -1321.0000000000
3993 -1319.0000000000
4006 -1318.0000000000
4124 -1314.0000000000
4186 -1312.0000000000
4201 -1306.0000000000
4207 -1303.0000000000
4244 -1301.0000000000
4356 -1300.0000000000
4398 -1298.0000000000
4653 -1291.0000000000
4741 -1288.0000000000
4787 -1281.0000000000
4873 -1277.0000000000
4875 -1274.0000000000
4902 -1266.0000000000
5143 -1262.0000000000
5170 -1260.0000000000
5291 -1259.0000000000
5314 -1258.0000000000
5325 -1257.0000000000
5386 -1254.0000000000
5858 -1252.0000000000
6374 -1247.0000000000
6441 -1245.0000000000
6464 -1240.0000000000
7024 -1233.0000000000
7133 -1232.0000000000
7246 -1228.0000000000
7342 -1227.0000000000
7367 -1226.0000000000
7643 -1224.0000000000
7655 -1219.0000000000
7675 -1218.0000000000
7768 -1203.0000000000
8447 -1201.0000000000
8636 -1198.0000000000
8830 -1196.0000000000
9336 -1193.0000000000
9459 -1192.0000000000
9842 -1187.0000000000
10010 -1216.0000000000
evaluations raw_y
1 -1949.0000000000
2 -1947.0000000000
4 -1922.0000000000
11 -1891.0000000000
21 -1860.0000000000
61 -1840.0000000000
92 -1835.0000000000
104 -1822.0000000000
111 -1810.0000000000
169 -1790.0000000000
199 -1776.0000000000
236 -1757.0000000000
245 -1756.0000000000
274 -1722.0000000000
537 -1708.0000000000
671 -1707.0000000000
739 -1699.0000000000
880 -1688.0000000000
916 -1678.0000000000
1017 -1676.0000000000
1084 -1675.0000000000
1137 -1653.0000000000
1235 -1646.0000000000
1241 -1645.0000000000
1296 -1640.0000000000
1318 -1635.0000000000
1419 -1625.0000000000
1447 -1613.0000000000
1487 -1612.0000000000
1507 -1605.0000000000
1535 -1601.0000000000
1558 -1593.0000000000
1595 -1588.0000000000
1599 -1585.0000000000
1614 -1582.0000000000
1636 -1580.0000000000
1651 -1574.0000000000
1667 -1571.0000000000
1682 -1565.0000000000
1692 -1557.0000000000
1727 -1553.0000000000
1749 -1549.0000000000
1752 -1537.0000000000
1807 -1514.0000000000
1842 -1513.0000000000
1870 -1512.0000000000
1893 -1505.0000000000
1903 -1502.0000000000
1925 -1496.0000000000
1958 -1495.0000000000
1960 -1494.0000000000
1977 -1493.0000000000
1989 -1482.0000000000
2044 -1476.0000000000
2115 -1469.0000000000
2143 -1468.0000000000
2148 -1457.0000000000
2226 -1455.0000000000
2239 -1453.0000000000
2254 -1447.0000000000
2297 -1445.0000000000
2320 -1441.0000000000
2348 -1438.0000000000
2382 -1433.0000000000
2386 -1428.0000000000
2417 -1427.0000000000
2452 -1426.0000000000
2457 -1410.0000000000
2482 -1404.0000000000
2536 -1403.0000000000
2537 -1400.0000000000
2597 -1393.0000000000
2776 -1391.0000000000
2804 -1388.0000000000
2810 -1385.0000000000
2850 -1384.0000000000
2855 -1382.0000000000
2980 -1378.0000000000
3020 -1376.0000000000
3096 -1374.0000000000
3137 -1371.0000000000
3161 -1364.0000000000
3380 -1357.0000000000
3508 -1355.0000000000
3556 -1350.0000000000
3656 -1347.0000000000
3731 -1341.0000000000
3818 -1333.0000000000
4132 -1328.0000000000
4147 -1323.0000000000
4289 -1322.0000000000
4339 -1318.0000000000
4414 -1308.0000000000
4534 -1307.0000000000
4569 -1306.0000000000
4632 -1303.0000000000
4682 -1297.0000000000
4846 -1287.0000000000
4916 -1281.0000000000
4944 -1280.0000000000
5049 -1276.0000000000
5062 -1272.0000000000
5341 -1259.0000000000
5739 -1252.0000000000
5877 -1251.0000000000
6111 -1249.0000000000
6243 -1238.0000000000
6423 -1234.0000000000
6714 -1233.0000000000
6790 -1231.0000000000
7069 -1225.0000000000
7077 -1219.0000000000
7152 -1216.0000000000
7295 -1215.0000000000
7434 -1213.0000000000
7441 -1212.0000000000
7449 -1207.0000000000
7612 -1195.0000000000
8317 -1188.0000000000
8531 -1187.0000000000
8767 -1185.0000000000
8962 -1181.0000000000
9134 -1178.0000000000
9145 -1177.0000000000
9226 -1171.0000000000
9570 -1161.0000000000
9722 -1156.0000000000
9804 -1155.0000000000
10010 -1167.0000000000
evaluations raw_y
1 -1922.0000000000
15 -1902.0000000000
24 -1893.0000000000
43 -1871.0000000000
61 -1844.0000000000
114 -1836.0000000000
149 -1830.0000000000
163 -1829.0000000000
172 -1821.0000000000
182 -1800.0000000000
225 -1794.0000000000
272 -1784.0000000000
305 -1779.0000000000
318 -1773.0000000000
411 -1761.0000000000
445 -1745.0000000000
548 -1741.0000000000
584 -1738.0000000000
604 -1728.0000000000
634 -1727.0000000000
679 -1726.0000000000
754 -1717.0000000000
811 -1715.0000000000
861 -1709.0000000000
865 -1708.0000000000
867 -1694.0000000000
935 -1685.0000000000
955 -1682.0000000000
1058 -1681.0000000000
1074 -1667.0000000000
1117 -1661.0000000000
1180 -1652.0000000000
1195 -1631.0000000000
1236 -1629.0000000000
1248 -1624.0000000000
1308 -1623.0000000000
1362 -1621.0000000000
1424 -1607.0000000000
1500 -1592.0000000000
1580 -1590.0000000000
1588 -1588.0000000000
1609 -1587.0000000000
1630 -1586.0000000000
1644 -1578.0000000000
1646 -1574.0000000000
1662 -1573.0000000000
1674 -1570.0000000000
1693 -1565.0000000000
1718 -1558.0000000000
1742 -1555.0000000000
1760 -1554.0000000000
1767 -1546.0000000000
1774 -1535.0000000000
1812 -1527.0000000000
1835 -1525.0000000000
1854 -1523.0000000000
1856 -1519.0000000000
1884 -1516.0000000000
1885 -1513.0000000000
1896 -1510.0000000000
1910 -1506.0000000000
1953 -1505.0000000000
1979 -1499.0000000000
2045 -1485.0000000000
2076 -1472.0000000000
2112 -1471.0000000000
2125 -1461.0000000000
2150 -1456.0000000000
2177 -1455.0000000000
2183 -1454.0000000000
2210 -1449.0000000000
2226 -1448.0000000000
2245 -1440.0000000000
2253 -1436.0000000000
2305 -1433.0000000000
2352 -1426.0000000000
2356 -1421.0000000000
2385 -1397.0000000000
2535 -1394.0000000000
2555 -1390.0000000000
2613 -1389.0000000000
2617 -1382.0000000000
2680 -1374.0000000000
2736 -1371.0000000000
2748 -1368.0000000000
2768 -1366.0000000000
2786 -1363.0000000000
2820 -1357.0000000000
2856 -1354.0000000000
2898 -1351.0000000000
2918 -1349.0000000000
2943 -1342.0000000000
2962 -1340.0000000000
3054 -1335.0000000000
3080 -1332.0000000000
3277 -1331.0000000000
3296 -1322.0000000000
3350 -1320.0000000000
3442 -1315.0000000000
3466 -1312.0000000000
3579 -1310.0000000000
3724 -1305.0000000000
3892 -1304.0000000000
3965 -1301.0000000000
4014 -1300.0000000000
4039 -1297.0000000000
4057 -1291.0000000000
4187 -1285.0000000000
4205 -1284.0000000000
4481 -1281.0000000000
4632 -1280.0000000000
4678 -1276.0000000000
4907 -1275.0000000000
4984 -1274.0000000000
4986 -1272.0000000000
5068 -1269.0000000000
5147 -1261.0000000000
5165 -1238.0000000000
5371 -1235.0000000000
5376 -1233.0000000000
5624 -1231.0000000000
5713 -1228.0000000000
5902 -1227.0000000000
6093 -1210.0000000000
6318 -1205.0000000000
6707 -1204.0000000000
6817 -1202.0000000000
6979 -1196.0000000000
7018 -1193.0000000000
7022 -1192.0000000000
7037 -1190.0000000000
7049 -1189.0000000000
7381 -1186.0000000000
7967 -1185.0000000000
8096 -1183.0000000000
8318 -1181.0000000000
8478 -1178.0000000000
8618 -1172.0000000000
8761 -1170.0000000000
9180 -1169.0000000000
9658 -1168.0000000000
9675 -1165.0000000000
10010 -1198.0000000000
evaluations raw_y
1 -1967.0000000000
2 -1917.0000000000
21 -1881.0000000000
53 -1879.0000000000
58 -1868.0000000000
72 -1842.0000000000
91 -1825.0000000000
123 -1817.0000000000
132 -1815.0000000000
133 -1799.0000000000
291 -1793.0000000000
331 -1777.0000000000
378 -1753.0000000000
502 -1744.0000000000
567 -1722.0000000000
680 -1714.0000000000
730 -1713.0000000000
748 -1709.0000000000
805 -1701.0000000000
893 -1700.0000000000
912 -1694.0000000000
925 -1672.0000000000
952 -1662.0000000000
1085 -1657.0000000000
1109 -1656.0000000000
1119 -1655.0000000000
1156 -1652.0000000000
1196 -1648.0000000000
1259 -1636.0000000000
1273 -1632.0000000000
1316 -1628.0000000000
1319 -1623.0000000000
1353 -1618.0000000000
1408 -1608.0000000000
1438 -1600.0000000000
1448 -1595.0000000000
1462 -1593.0000000000
1530 -1592.0000000000
1541 -1590.0000000000
1546 -1587.0000000000
1552 -1585.0000000000
1581 -1582.0000000000
1586 -1580.0000000000
1612 -1568.0000000000
1643 -1566.0000000000
1662 -1557.0000000000
1696 -1547.0000000000
1717 -1537.0000000000
1750 -1530.0000000000
1775 -1522.0000000000
1782 -1518.0000000000
1806 -1513.0000000000
1817 -1512.0000000000
1847 -1507.0000000000
1857 -1506.0000000000
1882 -1504.0000000000
1898 -1502.0000000000
1926 -1491.0000000000
1964 -1483.0000000000
1975 -1481.0000000000
2037 -1476.0000000000
2065 -1471.0000000000
2117 -1464.0000000000
2215 -1460.0000000000
2248 -1456.0000000000
2268 -1451.0000000000
2291 -1450.0000000000
2298 -1448.0000000000
2329 -1447.0000000000
2335 -1438.0000000000
2345 -1435.0000000000
2356 -1432.0000000000
2371 -1431.0000000000
2396 -1426.0000000000
2401 -1415.0000000000
2452 -1408.0000000000
2509 -1407.0000000000
2531 -1406.0000000000
2559 -1403.0000000000
2568 -1401.0000000000
2675 -1399.0000000000
2679 -1393.0000000000
2707 -1392.0000000000
2718 -1387.0000000000
2754 -1386.0000000000
2756 -1372.0000000000
3063 -1370.0000000000
3256 -1368.0000000000
3262 -1367.0000000000
3281 -1360.0000000000
3320 -1355.0000000000
3377 -1349.0000000000
3391 -1338.0000000000
3512 -1335.0000000000
3527 -1329.0000000000
3621 -1327.0000000000
3642 -1324.0000000000
3692 -1320.0000000000
3746 -1307.0000000000
3836 -1306.0000000000
3941 -1304.0000000000
3960 -1298.0000000000
4129 -1280.0000000000
4335 -1279.0000000000
4367 -1278.0000000000
4470 -1272.0000000000
4564 -1269.0000000000
4602 -1267.0000000000
4781 -1261.0000000000
4913 -1248.0000000000
5133 -1247.0000000000
5333 -1245.0000000000
5357 -1243.0000000000
5459 -1240.0000000000
5514 -1235.0000000000
5567 -1234.0000000000
5598 -1232.0000000000
5899 -1230.0000000000
5922 -1228.0000000000
5984 -1226.0000000000
6007 -1220.0000000000
6028 -1219.0000000000
6047 -1217.0000000000
6128 -1215.0000000000
6608 -1212.0000000000
6639 -1210.0000000000
6887 -1206.0000000000
7013 -1200.0000000000
7322 -1196.0000000000
7372 -1191.0000000000
7393 -1190.0000000000
7412 -1185.0000000000
7436 -1183.0000000000
7543 -1176.0000000000
7604 -1173.0000000000
7864 -1170.0000000000
7981 -1169.0000000000
8292 -1167.0000000000
8422 -1166.0000000000
8570 -1165.0000000000
8742 -1163.0000000000
8866 -1161.0000000000
9110 -1159.0000000000
9362 -1158.0000000000
9410 -1155.0000000000
9759 -1152.0000000000
9801 -1149.0000000000
10010 -1186.0000000000
evaluations raw_y
1 -1960.0000000000
5 -1942.0000000000
13 -1935.0000000000
17 -1933.0000000000
20 -1914.0000000000
21 -1902.0000000000
41 -1888.0000000000
68 -1877.0000000000
89 -1853.0000000000
100 -1828.0000000000
119 -1824.0000000000
162 -1791.0000000000
164 -1789.0000000000
229 -1770.0000000000
244 -1762.0000000000
316 -1760.0000000000
381 -1759.0000000000
484 -1749.0000000000
494 -1744.0000000000
498 -1739.0000000000
510 -1730.0000000000
578 -1703.0000000000
718 -1702.0000000000
741 -1697.0000000000
769 -1685.0000000000
1042 -1683.0000000000
1118 -1682.0000000000
1130 -1678.0000000000
1160 -1676.0000000000
1168 -1665.0000000000
1186 -1653.0000000000
1223 -1650.0000000000
1281 -1646.0000000000
1283 -1640.0000000000
1294 -1639.0000000000
1312 -1632.0000000000
1333 -1622.0000000000
1402 -1620.0000000000
1443 -1616.0000000000
1452 -1612.0000000000
1485 -1608.0000000000
1499 -1607.0000000000
1505 -1606.0000000000
1513 -1605.0000000000
1520 -1587.0000000000
1553 -1585.0000000000
1560 -1581.0000000000
1567 -1580.0000000000
1571 -1574.0000000000
1589 -1572.0000000000
1604 -1566.0000000000
1608 -1549.0000000000
1644 -1541.0000000000
1705 -1540.0000000000
1715 -1536.0000000000
1733 -1535.0000000000
1754 -1534.0000000000
1773 -1533.0000000000
1786 -1525.0000000000
1818 -1518.0000000000
1842 -1512.0000000000
1869 -1511.0000000000
1923 -1505.0000000000
1954 -1499.0000000000
1996 -1492.0000000000
1997 -1490.0000000000
2009 -1483.0000000000
2037 -1480.0000000000
2043 -1479.0000000000
2067 -1475.0000000000
2081 -1474.0000000000
2106 -1467.0000000000
2148 -1463.0000000000
2164 -1458.0000000000
2210 -1457.0000000000
2212 -1456.0000000000
2222 -1448.0000000000
2226 -1443.0000000000
2235 -1442.0000000000
2271 -1440.0000000000
2292 -1439.0000000000
2312 -1435.0000000000
2339 -1425.0000000000
2362 -1421.0000000000
2384 -1420.0000000000
2386 -1417.0000000000
2409 -1412.0000000000
2464 -1407.0000000000
2469 -1402.0000000000
2509 -1391.0000000000
2586 -1386.0000000000
2668 -1385.0000000000
2697 -1384.0000000000
2816 -1376.0000000000
2972 -1372.0000000000
2982 -1371.0000000000
2985 -1368.0000000000
3010 -1367.0000000000
3051 -1362.0000000000
3090 -1359.0000000000
3158 -1355.0000000000
3177 -1353.0000000000
3270 -1351.0000000000
3280 -1350.0000000000
3320 -1347.0000000000
3349 -1345.0000000000
3584 -1343.0000000000
3586 -1341.0000000000
3673 -1337.0000000000
3695 -1328.0000000000
3864 -1327.0000000000
4026 -1326.0000000000
4096 -1324.0000000000
4183 -1323.0000000000
4224 -1320.0000000000
4235 -1319.0000000000
4337 -1318.0000000000
4354 -1315.0000000000
4401 -1306.0000000000
4473 -1300.0000000000
4513 -1297.0000000000
4530 -1292.0000000000
4534 -1291.0000000000
4552 -1290.0000000000
4571 -1282.0000000000
4900 -1278.0000000000
5111 -1274.0000000000
5158 -1273.0000000000
5195 -1271.0000000000
5262 -1267.0000000000
5685 -1261.0000000000
5809 -1257.0000000000
5888 -1256.0000000000
5911 -1254.0000000000
5941 -1253.0000000000
6050 -1252.0000000000
6097 -1251.0000000000
6139 -1245.0000000000
6209 -1243.0000000000
6238 -1240.0000000000
6339 -1239.0000000000
6357 -1238.0000000000
6446 -1232.0000000000
6539 -1222.0000000000
6785 -1220.0000000000
6886 -1214.0000000000
6981 -1211.0000000000
7045 -1210.0000000000
7151 -1205.0000000000
7265 -1202.0000000000
7582 -1197.0000000000
7707 -1192.0000000000
7919 -1191.0000000000
8149 -1187.0000000000
8323 -1186.0000000000
8580 -1181.0000000000
8681 -1180.0000000000
8751 -1178.0000000000
9110 -1177.0000000000
9439 -1173.0000000000
9632 -1171.0000000000
10010 -1189.0000000000
evaluations raw_y
1 -2008.0000000000
2 -1969.0000000000
8 -1968.0000000000
10 -1899.0000000000
36 -1893.0000000000
44 -1887.0000000000
55 -1881.0000000000
68 -1857.0000000000
74 -1855.0000000000
93 -1833.0000000000
122 -1826.0000000000
130 -1817.0000000000
188 -1808.0000000000
222 -1795.0000000000
223 -1793.0000000000
232 -1792.0000000000
237 -1785.0000000000
257 -1777.0000000000
277 -1751.0000000000
328 -1746.0000000000
474 -1737.0000000000
568 -1718.0000000000
737 -1717.0000000000
753 -1707.0000000000
905 -1690.0000000000
972 -1681.0000000000
1031 -1680.0000000000
1034 -1679.0000000000
1119 -1667.0000000000
1195 -1661.0000000000
1209 -1642.0000000000
1260 -1639.0000000000
1265 -1638.0000000000
1281 -1632.0000000000
1286 -1624.0000000000
1355 -1619.0000000000
1376 -1596.0000000000
1416 -1595.0000000000
1499 -1592.0000000000
1512 -1590.0000000000
1534 -1587.0000000000
1555 -1586.0000000000
1557 -1583.0000000000
1568 -1578.0000000000
1576 -1577.0000000000
1593 -1568.0000000000
1623 -1564.0000000000
1649 -1563.0000000000
1660 -1562.0000000000
1661 -1558.0000000000
1667 -1552.0000000000
1683 -1546.0000000000
1716 -1545.0000000000
1719 -1531.0000000000
1743 -1527.0000000000
1760 -1525.0000000000
1788 -1507.0000000000
1826 -1506.0000000000
1837 -1504.0000000000
1860 -1498.0000000000
1929 -1495.0000000000
1949 -1485.0000000000
1978 -1477.0000000000
1981 -1468.0000000000
2039 -1462.0000000000
2172 -1461.0000000000
2196 -1454.0000000000
2223 -1448.0000000000
2249 -1447.0000000000
2282 -1445.0000000000
2293 -1440.0000000000
2357 -1437.0000000000
2401 -1435.0000000000
2405 -1434.0000000000
2425 -1427.0000000000
2457 -1425.0000000000
2497 -1423.0000000000
2513 -1410.0000000000
2551 -1402.0000000000
2590 -1401.0000000000
2834 -1397.0000000000
2856 -1396.0000000000
2857 -1387.0000000000
2915 -1386.0000000000
2965 -1384.0000000000
3050 -1373.0000000000
3086 -1371.0000000000
3122 -1369.0000000000
3176 -1367.0000000000
3177 -1364.0000000000
3276 -1353.0000000000
3334 -1347.0000000000
3519 -1345.0000000000
3597 -1341.0000000000
3605 -1340.0000000000
3615 -1338.0000000000
3670 -1337.0000000000
3723 -1334.0000000000
3761 -1326.0000000000
3777 -1325.0000000000
3784 -1321.0000000000
3864 -1316.0000000000
4009 -1312.0000000000
4019 -1305.0000000000
4079 -1303.0000000000
4141 -1301.0000000000
4148 -1298.0000000000
4246 -1296.0000000000
4284 -1291.0000000000
4371 -1290.0000000000
4494 -1283.0000000000
4638 -1280.0000000000
4725 -1275.0000000000
4759 -1274.0000000000
4831 -1270.0000000000
5080 -1264.0000000000
5134 -1255.0000000000
5150 -1253.0000000000
5287 -1252.0000000000
5335 -1251.0000000000
5347 -1250.0000000000
5441 -1246.0000000000
5615 -1245.0000000000
6026 -1244.0000000000
6028 -1242.0000000000
6072 -1239.0000000000
6098 -1234.0000000000
6164 -1231.0000000000
6219 -1223.0000000000
6463 -1222.0000000000
6653 -1220.0000000000
6684 -1216.0000000000
7070 -1215.0000000000
7419 -1210.0000000000
7525 -1198.0000000000
7590 -1196.0000000000
7730 -1195.0000000000
7842 -1189.0000000000
7865 -1185.0000000000
7892 -1184.0000000000
8010 -1180.0000000000
8314 -1177.0000000000
8481 -1175.0000000000
8503 -1167.0000000000
8974 -1166.0000000000
8988 -1165.0000000000
9652 -1164.0000000000
9913 -1160.0000000000
10010 -1184.0000000000
evaluations raw_y
1 -2006.0000000000
2 -1926.0000000000
20 -1914.0000000000
23 -1913.0000000000
27 -1906.0000000000
35 -1905.0000000000
43 -1892.0000000000
46 -1885.0000000000
50 -1847.0000000000
97 -1840.0000000000
115 -1823.0000000000
134 -1816.0000000000
155 -1806.0000000000
182 -1804.0000000000
219 -1803.0000000000
255 -1801.0000000000
256 -1797.0000000000
269 -1791.0000000000
293 -1770.0000000000
354 -1764.0000000000
364 -1745.0000000000
406 -1740.0000000000
443 -1732.0000000000
467 -1729.0000000000
524 -1709.0000000000
691 -1695.0000000000
713 -1684.0000000000
760 -1683.0000000000
837 -1676.0000000000
947 -1673.0000000000
980 -1669.0000000000
981 -1654.0000000000
1153 -1646.0000000000
1185 -1631.0000000000
1291 -1629.0000000000
1301 -1627.0000000000
1359 -1612.0000000000
1405 -1610.0000000000
1439 -1609.0000000000
1456 -1603.0000000000
1458 -1601.0000000000
1477 -1595.0000000000
1481 -1594.0000000000
1502 -1590.0000000000
1520 -1586.0000000000
1525 -1571.0000000000
1585 -1559.0000000000
1609 -1554.0000000000
1638 -1550.0000000000
1654 -1545.0000000000
1671 -1541.0000000000
1689 -1538.0000000000
1692 -1537.0000000000
1708 -1536.0000000000
1727 -1531.0000000000
1733 -1528.0000000000
1759 -1527.0000000000
1762 -1526.0000000000
1788 -1524.0000000000
1798 -1522.0000000000
1812 -1521.0000000000
1827 -1519.0000000000
1837 -1517.0000000000
1841 -1512.0000000000
1844 -1495.0000000000
1916 -1494.0000000000
1949 -1493.0000000000
1976 -1492.0000000000
1979 -1488.0000000000
1988 -1478.0000000000
2031 -1475.0000000000
2044 -1469.0000000000
2092 -1466.0000000000
2115 -1464.0000000000
2152 -1461.0000000000
2197 -1458.0000000000
2219 -1456.0000000000
2228 -1455.0000000000
2230 -1454.0000000000
2237 -1450.0000000000
2275 -1444.0000000000
2285 -1440.0000000000
2326 -1434.0000000000
2410 -1429.0000000000
2475 -1426.0000000000
2484 -1421.0000000000
2497 -1420.0000000000
2515 -1419.0000000000
2520 -1413.0000000000
2544 -1407.0000000000
2596 -1403.0000000000
2691 -1393.0000000000
2719 -1392.0000000000
2794 -1388.0000000000
2823 -1384.0000000000
2837 -1381.0000000000
2861 -1364.0000000000
2983 -1360.0000000000
3031 -1359.0000000000
3113 -1354.0000000000
3150 -1348.0000000000
3212 -1346.0000000000
3228 -1341.0000000000
3252 -1338.0000000000
3262 -1335.0000000000
3284 -1334.0000000000
3319 -1329.0000000000
3335 -1326.0000000000
3391 -1324.0000000000
3432 -1323.0000000000
3604 -1316.0000000000
3687 -1313.0000000000
3691 -1312.0000000000
3699 -1302.0000000000
3867 -1299.0000000000
3893 -1298.0000000000
3910 -1297.0000000000
3914 -1296.0000000000
3960 -1295.0000000000
4016 -1292.0000000000
4308 -1290.0000000000
4448 -1287.0000000000
4470 -1281.0000000000
4591 -1280.0000000000
4601 -1275.0000000000
4604 -1263.0000000000
4731 -1260.0000000000
4764 -1259.0000000000
4791 -1255.0000000000
4848 -1249.0000000000
4940 -1247.0000000000
5079 -1243.0000000000
5214 -1242.0000000000
5561 -1241.0000000000
5718 -1238.0000000000
5800 -1236.0000000000
5818 -1231.0000000000
5917 -1230.0000000000
5929 -1229.0000000000
6280 -1226.0000000000
6435 -1225.0000000000
6490 -1222.0000000000
6578 -1221.0000000000
7013 -1219.0000000000
7224 -1216.0000000000
7639 -1215.0000000000
7660 -1212.0000000000
7691 -1200.0000000000
7828 -1198.0000000000
8007 -1196.0000000000
8090 -1194.0000000000
8110 -1189.0000000000
8566 -1188.0000000000
8920 -1186.0000000000
9142 -1185.0000000000
9215 -1174.0000000000
9746 -1173.0000000000
9980 -1171.0000000000
10010 -1193.0000000000
evaluations raw_y
1 -1999.0000000000
2 -1956.0000000000
7 -1922.0000000000
18 -1920.0000000000
21 -1903.0000000000
23 -1876.0000000000
39 -1864.0000000000
57 -1857.0000000000
83 -1837.0000000000
110 -1812.0000000000
130 -1801.0000000000
150 -1793.0000000000
199 -1792.0000000000
256 -1769.0000000000
277 -1762.0000000000
437 -1758.0000000000
507 -1743.0000000000
590 -1739.0000000000
662 -1726.0000000000
688 -1718.0000000000
701 -1711.0000000000
813 -1706.0000000000
874 -1677.0000000000
933 -1676.0000000000
992 -1675.0000000000
1088 -1646.0000000000
1209 -1642.0000000000
1225 -1624.0000000000
1291 -1621.0000000000
1303 -1613.0000000000
1319 -1608.0000000000
1351 -1604.0000000000
1358 -1603.0000000000
1377 -1592.0000000000
1405 -1583.0000000000
1455 -1577.0000000000
1511 -1567.0000000000
1559 -1563.0000000000
1563 -1556.0000000000
1574 -1553.0000000000
1594 -1548.0000000000
1640 -1543.0000000000
1648 -1540.0000000000
1652 -1539.0000000000
1678 -1531.0000000000
1697 -1524.0000000000
1714 -1522.0000000000
1732 -1519.0000000000
1739 -1513.0000000000
1746 -1511.0000000000
1759 -1500.0000000000
1779 -1498.0000000000
1809 -1493.0000000000
1838 -1472.0000000000
1880 -1469.0000000000
1898 -1468.0000000000
1944 -1464.0000000000
1948 -1463.0000000000
1967 -1449.0000000000
2077 -1446.0000000000
2084 -1445.0000000000
2101 -1437.0000000000
2112 -1436.0000000000
2155 -1433.0000000000
2176 -1431.0000000000
2182 -1429.0000000000
2185 -1427.0000000000
2201 -1422.0000000000
2261 -1419.0000000000
2312 -1417.0000000000
2323 -1416.0000000000
2329 -1411.0000000000
2397 -1408.0000000000
2409 -1407.0000000000
2433 -1405.0000000000
2767 -1404.0000000000
2778 -1402.0000000000
2793 -1399.0000000000
2804 -1397.0000000000
2812 -1396.0000000000
2817 -1394.0000000000
2851 -1377.0000000000
2903 -1373.0000000000
2920 -1370.0000000000
2958 -1362.0000000000
3014 -1358.0000000000
3158 -1355.0000000000
3195 -1352.0000000000
3221 -1348.0000000000
3353 -1342.0000000000
3374 -1335.0000000000
3494 -1332.0000000000
3532 -1325.0000000000
3565 -1323.0000000000
3604 -1318.0000000000
3651 -1309.0000000000
3848 -1307.0000000000
3850 -1305.0000000000
3859 -1304.0000000000
3864 -1299.0000000000
3919 -1289.0000000000
3972 -1288.0000000000
4007 -1287.0000000000
4110 -1286.0000000000
4140 -1284.0000000000
4330 -1281.0000000000
4441 -1278.0000000000
4457 -1275.0000000000
4553 -1272.0000000000
4571 -1268.0000000000
4619 -1264.0000000000
5171 -1263.0000000000
5231 -1253.0000000000
5260 -1251.0000000000
5360 -1250.0000000000
5554 -1242.0000000000
5650 -1240.0000000000
5784 -1239.0000000000
5788 -1238.0000000000
6010 -1237.0000000000
6290 -1233.0000000000
6308 -1231.0000000000
6341 -1230.0000000000
6431 -1229.0000000000
6664 -1228.0000000000
6751 -1227.0000000000
6763 -1224.0000000000
7042 -1222.0000000000
7067 -1219.0000000000
7281 -1212.0000000000
7744 -1208.0000000000
7770 -1205.0000000000
7788 -1204.0000000000
7806 -1200.0000000000
7964 -1197.0000000000
8155 -1189.0000000000
8204 -1184.0000000000
9075 -1183.0000000000
9498 -1182.0000000000
9838 -1180.0000000000
10010 -1201.0000000000
evaluations raw_y
1 -2011.0000000000
2 -1981.0000000000
3 -1971.0000000000
4 -1931.0000000000
23 -1893.0000000000
43 -1880.0000000000
58 -1844.0000000000
82 -1838.0000000000
132 -1833.0000000000
158 -1808.0000000000
192 -1785.0000000000
259 -1781.0000000000
313 -1766.0000000000
340 -1758.0000000000
400 -1757.0000000000
419 -1745.0000000000
563 -1742.0000000000
605 -1732.0000000000
615 -1713.0000000000
664 -1700.0000000000
791 -1699.0000000000
818 -1696.0000000000
940 -1692.0000000000
1009 -1685.0000000000
1028 -1684.0000000000
1069 -1682.0000000000
1076 -1680.0000000000
1092 -1673.0000000000
1112 -1666.0000000000
1164 -1661.0000000000
1191 -1648.0000000000
1233 -1646.0000000000
1243 -1639.0000000000
1287 -1631.0000000000
1296 -1624.0000000000
1330 -1602.0000000000
1428 -1599.0000000000
1465 -1597.0000000000
1474 -1594.0000000000
1478 -1593.0000000000
1493 -1585.0000000000
1513 -1584.0000000000
1526 -1583.0000000000
1534 -1577.0000000000
1539 -1573.0000000000
1554 -1563.0000000000
1566 -1562.0000000000
1600 -1549.0000000000
1640 -1539.0000000000
1670 -1538.0000000000
1684 -1528.0000000000
1696 -1524.0000000000
1706 -1517.0000000000
1734 -1507.0000000000
1769 -1506.0000000000
1785 -1505.0000000000
1817 -1504.0000000000
1839 -1502.0000000000
1845 -1500.0000000000
1864 -1495.0000000000
1912 -1493.0000000000
1913 -1492.0000000000
1917 -1491.0000000000
1923 -1490.0000000000
1930 -1476.0000000000
1954 -1473.0000000000
1995 -1468.0000000000
2018 -1460.0000000000
2042 -1459.0000000000
2056 -1457.0000000000
2087 -1453.0000000000
2097 -1452.0000000000
2150 -1448.0000000000
2186 -1444.0000000000
2202 -1442.0000000000
2221 -1441.0000000000
2270 -1439.0000000000
2312 -1438.0000000000
2328 -1434.0000000000
2331 -1433.0000000000
2351 -1432.0000000000
2369 -1431.0000000000
2397 -1429.0000000000
2404 -1417.0000000000
2426 -1416.0000000000
2451 -1412.0000000000
2468 -1410.0000000000
2470 -1400.0000000000
2530 -1398.0000000000
2554 -1393.0000000000
2578 -1392.0000000000
2596 -1383.0000000000
2678 -1375.0000000000
2775 -1373.0000000000
2800 -1368.0000000000
2834 -1366.0000000000
2934 -1364.0000000000
2939 -1361.0000000000
3145 -1359.0000000000
3178 -1348.0000000000
3319 -1346.0000000000
3524 -1339.0000000000
3702 -1338.0000000000
3717 -1337.0000000000
3732 -1330.0000000000
3751 -1326.0000000000
3794 -1322.0000000000
3945 -1318.0000000000
4165 -1314.0000000000
4205 -1313.0000000000
4252 -1311.0000000000
4411 -1308.0000000000
4563 -1306.0000000000
4564 -1300.0000000000
4745 -1299.0000000000
4803 -1296.0000000000
4833 -1295.0000000000
4914 -1294.0000000000
5167 -1292.0000000000
5240 -1291.0000000000
5281 -1286.0000000000
5355 -1285.0000000000
5392 -1281.0000000000
5602 -1276.0000000000
5633 -1275.0000000000
5635 -1273.0000000000
5707 -1266.0000000000
5781 -1260.0000000000
5803 -1258.0000000000
5851 -1256.0000000000
5931 -1254.0000000000
5988 -1246.0000000000
6098 -1242.0000000000
6279 -1240.0000000000
6369 -1239.0000000000
6440 -1238.0000000000
6459 -1232.0000000000
6503 -1225.0000000000
6581 -1224.0000000000
6643 -1223.0000000000
6674 -1222.0000000000
6677 -1213.0000000000
6759 -1211.0000000000
6880 -1206.0000000000
6954 -1200.0000000000
7117 -1194.0000000000
7427 -1187.0000000000
7811 -1185.0000000000
7977 -1179.0000000000
8244 -1175.0000000000
9049 -1164.0000000000
9424 -1160.0000000000
9580 -1158.0000000000
9945 -1157.0000000000
10010 -1185.0000000000
evaluations raw_y
1 -1985.0000000000
2 -1972.0000000000
4 -1929.0000000000
9 -1920.0000000000
13 -1913.0000000000
33 -1908.0000000000
42 -1904.0000000000
45 -1887.0000000000
62 -1828.0000000000
162 -1807.0000000000
183 -1806.0000000000
204 -1794.0000000000
263 -1786.0000000000
391 -1778.0000000000
424 -1776.0000000000
455 -1769.0000000000
493 -1760.0000000000
522 -1744.0000000000
528 -1741.0000000000
531 -1733.0000000000
548 -1732.0000000000
585 -1708.0000000000
695 -1699.0000000000
746 -1674.0000000000
825 -1672.0000000000
902 -1669.0000000000
1056 -1663.0000000000
1098 -1654.0000000000
1178 -1651.0000000000
1207 -1645.0000000000
1261 -1642.0000000000
1295 -1637.0000000000
1384 -1635.0000000000
1398 -1633.0000000000
1416 -1630.0000000000
1434 -1624.0000000000
1454 -1617.0000000000
1463 -1610.0000000000
1486 -1609.0000000000
1491 -1600.0000000000
1546 -1599.0000000000
1552 -1598.0000000000
1564 -1597.0000000000
1577 -1595.0000000000
1584 -1585.0000000000
1613 -1569.0000000000
1640 -1565.0000000000
1660 -1564.0000000000
1665 -1560.0000000000
1673 -1555.0000000000
1700 -1552.0000000000
1711 -1547.0000000000
1720 -1538.0000000000
1767 -1533.0000000000
1802 -1531.0000000000
1804 -1529.0000000000
1807 -1520.0000000000
1842 -1518.0000000000
1845 -1507.0000000000
1922 -1505.0000000000
1939 -1488.0000000000
2019 -1486.0000000000
2029 -1479.0000000000
2061 -1471.0000000000
2136 -1469.0000000000
2156 -1468.0000000000
2158 -1465.0000000000
2190 -1460.0000000000
2194 -1450.0000000000
2242 -1449.0000000000
2250 -1448.0000000000
2286 -1445.0000000000
2287 -1440.0000000000
2315 -1437.0000000000
2351 -1435.0000000000
2390 -1433.0000000000
2397 -1427.0000000000
2496 -1426.0000000000
2500 -1420.0000000000
2502 -1419.0000000000
2515 -1417.0000000000
2524 -1415.0000000000
2533 -1406.0000000000
2672 -1403.0000000000
2678 -1400.0000000000
2707 -1399.0000000000
2727 -1396.0000000000
2806 -1388.0000000000
2863 -1384.0000000000
2878 -1378.0000000000
2892 -1377.0000000000
2906 -1373.0000000000
2920 -1371.0000000000
2954 -1367.0000000000
3009 -1366.0000000000
3021 -1365.0000000000
3031 -1364.0000000000
3036 -1358.0000000000
3053 -1355.0000000000
3067 -1353.0000000000
3141 -1352.0000000000
3146 -1350.0000000000
3165 -1349.0000000000
3245 -1348.0000000000
3278 -1338.0000000000
3287 -1332.0000000000
3374 -1325.0000000000
3381 -1324.0000000000
3555 -1320.0000000000
3632 -1315.0000000000
3765 -1314.0000000000
3897 -1311.0000000000
4072 -1306.0000000000
4252 -1301.0000000000
4311 -1299.0000000000
4337 -1295.0000000000
4393 -1294.0000000000
4462 -1292.0000000000
4489 -1291.0000000000
4540 -1290.0000000000
4547 -1288.0000000000
4580 -1282.0000000000
4614 -1276.0000000000
4727 -1269.0000000000
4748 -1267.0000000000
4836 -1261.0000000000
4915 -1258.0000000000
5010 -1254.0000000000
5063 -1251.0000000000
5096 -1245.0000000000
5324 -1243.0000000000
5356 -1242.0000000000
5443 -1240.0000000000
5736 -1235.0000000000
6178 -1232.0000000000
6193 -1226.0000000000
6323 -1222.0000000000
6447 -1219.0000000000
6499 -1216.0000000000
6655 -1215.0000000000
6706 -1214.0000000000
6745 -1211.0000000000
7263 -1210.0000000000
7294 -1209.0000000000
7745 -1207.0000000000
7848 -1205.0000000000
8171 -1204.0000000000
8341 -1200.0000000000
8453 -1197.0000000000
8538 -1196.0000000000
8593 -1193.0000000000
8646 -1192.0000000000
8661 -1190.0000000000
9172 -1183.0000000000
9173 -1182.0000000000
9220 -1179.0000000000
9757 -1172.0000000000
9965 -1170.0000000000
10010 -1189.0000000000
evaluations raw_y
1 -1968.0000000000
5 -1960.0000000000
6 -1959.0000000000
12 -1943.0000000000
21 -1909.0000000000
25 -1907.0000000000
28 -1900.0000000000
40 -1865.0000000000
53 -1858.0000000000
66 -1853.0000000000
82 -1821.0000000000
97 -1815.0000000000
121 -1789.0000000000
192 -1788.0000000000
221 -1778.0000000000
223 -1775.0000000000
241 -1770.0000000000
257 -1768.0000000000
334 -1766.0000000000
366 -1751.0000000000
498 -1738.0000000000
545 -1721.0000000000
551 -1715.0000000000
730 -1713.0000000000
733 -1712.0000000000
747 -1704.0000000000
960 -1702.0000000000
997 -1701.0000000000
1005 -1699.0000000000
1009 -1688.0000000000
1036 -1664.0000000000
1121 -1660.0000000000
1153 -1654.0000000000
1188 -1644.0000000000
1215 -1643.0000000000
1231 -1633.0000000000
1372 -1626.0000000000
1388 -1619.0000000000
1412 -1616.0000000000
1415 -1614.0000000000
1416 -1613.0000000000
1467 -1606.0000000000
1495 -1594.0000000000
1530 -1585.0000000000
1545 -1573.0000000000
1563 -1571.0000000000
1592 -1558.0000000000
1670 -1555.0000000000
1688 -1551.0000000000
1711 -1550.0000000000
1718 -1549.0000000000
1747 -1548.0000000000
1768 -1535.0000000000
1820 -1523.0000000000
1829 -1521.0000000000
1843 -1517.0000000000
1874 -1515.0000000000
1878 -1501.0000000000
1955 -1497.0000000000
1965 -1491.0000000000
1967 -1481.0000000000
1995 -1477.0000000000
2013 -1476.0000000000
2037 -1466.0000000000
2086 -1463.0000000000
2117 -1461.0000000000
2118 -1454.0000000000
2184 -1452.0000000000
2207 -1449.0000000000
2238 -1446.0000000000
2253 -1440.0000000000
2306 -1439.0000000000
2353 -1438.0000000000
2365 -1437.0000000000
2366 -1433.0000000000
2379 -1425.0000000000
2459 -1424.0000000000
2480 -1418.0000000000
2508 -1417.0000000000
2526 -1397.0000000000
2654 -1384.0000000000
2694 -1382.0000000000
2709 -1377.0000000000
2772 -1372.0000000000
2793 -1370.0000000000
2834 -1368.0000000000
2899 -1366.0000000000
2956 -1363.0000000000
2972 -1362.0000000000
3067 -1354.0000000000
3083 -1349.0000000000
3147 -1347.0000000000
3246 -1345.0000000000
3311 -1343.0000000000
3357 -1342.0000000000
3465 -1326.0000000000
3554 -1323.0000000000
3596 -1320.0000000000
3799 -1315.0000000000
3954 -1313.0000000000
4139 -1307.0000000000
4200 -1306.0000000000
4241 -1304.0000000000
4253 -1303.0000000000
4314 -1299.0000000000
4384 -1292.0000000000
4486 -1291.0000000000
4512 -1290.0000000000
4513 -1288.0000000000
4577 -1284.0000000000
4634 -1279.0000000000
4701 -1275.0000000000
4764 -1270.0000000000
4825 -1263.0000000000
4869 -1262.0000000000
4915 -1260.0000000000
5293 -1258.0000000000
5381 -1255.0000000000
5514 -1252.0000000000
5652 -1247.0000000000
6060 -1245.0000000000
6160 -1244.0000000000
6237 -1242.0000000000
6298 -1241.0000000000
6358 -1236.0000000000
6501 -1234.0000000000
6591 -1233.0000000000
6604 -1229.0000000000
6694 -1226.0000000000
6789 -1225.0000000000
6941 -1221.0000000000
7195 -1220.0000000000
7290 -1219.0000000000
7353 -1212.0000000000
7565 -1211.0000000000
7646 -1209.0000000000
7650 -1204.0000000000
8001 -1202.0000000000
8354 -1201.0000000000
8923 -1200.0000000000
9062 -1197.0000000000
9367 -1195.0000000000
9524 -1189.0000000000
10010 -1216.0000000000
evaluations raw_y
1 -1883.0000000000
22 -1872.0000000000
25 -1861.0000000000
40 -1850.0000000000
59 -1835.0000000000
78 -1821.0000000000
104 -1811.0000000000
116 -1787.0000000000
180 -1784.0000000000
192 -1774.0000000000
199 -1771.0000000000
240 -1752.0000000000
325 -1751.0000000000
352 -1747.0000000000
458 -1742.0000000000
712 -1731.0000000000
756 -1723.0000000000
804 -1720.0000000000
879 -1718.0000000000
897 -1702.0000000000
969 -1689.0000000000
1016 -1684.0000000000
1036 -1667.0000000000
1074 -1664.0000000000
1132 -1659.0000000000
1218 -1656.0000000000
1245 -1654.0000000000
1271 -1646.0000000000
1290 -1641.0000000000
1294 -1634.0000000000
1339 -1628.0000000000
1365 -1614.0000000000
1383 -1610.0000000000
1394 -1608.0000000000
1434 -1603.0000000000
1457 -1598.0000000000
1462 -1593.0000000000
1481 -1592.0000000000
1497 -1588.0000000000
1507 -1586.0000000000
1514 -1583.0000000000
1533 -1567.0000000000
1575 -1561.0000000000
1603 -1552.0000000000
1624 -1550.0000000000
1636 -1547.0000000000
1669 -1546.0000000000
1681 -1543.0000000000
1687 -1539.0000000000
1706 -1537.0000000000
1707 -1531.0000000000
1729 -1528.0000000000
1736 -1523.0000000000
1743 -1521.0000000000
1750 -1520.0000000000
1767 -1512.0000000000
1821 -1510.0000000000
1838 -1509.0000000000
1854 -1504.0000000000
1891 -1503.0000000000
1911 -1491.0000000000
1963 -1480.0000000000
1998 -1479.0000000000
2051 -1477.0000000000
2058 -1475.0000000000
2073 -1474.0000000000
2077 -1468.0000000000
2105 -1458.0000000000
2159 -1453.0000000000
2186 -1448.0000000000
2213 -1445.0000000000
2234 -1444.0000000000
2237 -1442.0000000000
2242 -1436.0000000000
2255 -1434.0000000000
2295 -1433.0000000000
2319 -1428.0000000000
2347 -1420.0000000000
2399 -1419.0000000000
2408 -1418.0000000000
2424 -1415.0000000000
2446 -1410.0000000000
2453 -1405.0000000000
2531 -1403.0000000000
2558 -1402.0000000000
2572 -1388.0000000000
2634 -1380.0000000000
2706 -1378.0000000000
2746 -1367.0000000000
2770 -1366.0000000000
2884 -1363.0000000000
2907 -1362.0000000000
2974 -1359.0000000000
3028 -1355.0000000000
3184 -1345.0000000000
3248 -1340.0000000000
3483 -1334.0000000000
3528 -1332.0000000000
3687 -1328.0000000000
3797 -1322.0000000000
3894 -1319.0000000000
3979 -1314.0000000000
4126 -1312.0000000000
4154 -1309.0000000000
4169 -1308.0000000000
4371 -1300.0000000000
4636 -1297.0000000000
4649 -1294.0000000000
4786 -1292.0000000000
4808 -1288.0000000000
4824 -1286.0000000000
4882 -1281.0000000000
4964 -1276.0000000000
4996 -1273.0000000000
5012 -1272.0000000000
5064 -1270.0000000000
5336 -1260.0000000000
5500 -1253.0000000000
5571 -1248.0000000000
5884 -1247.0000000000
5970 -1240.0000000000
5998 -1235.0000000000
6116 -1234.0000000000
6125 -1229.0000000000
6296 -1228.0000000000
6530 -1227.0000000000
6837 -1226.0000000000
6878 -1220.0000000000
6886 -1210.0000000000
6961 -1202.0000000000
7175 -1201.0000000000
7255 -1200.0000000000
7273 -1198.0000000000
7397 -1195.0000000000
7478 -1193.0000000000
7619 -1192.0000000000
7644 -1176.0000000000
7826 -1175.0000000000
7964 -1174.0000000000
8192 -1170.0000000000
8227 -1168.0000000000
8536 -1167.0000000000
8890 -1166.0000000000
8960 -1164.0000000000
9122 -1163.0000000000
9163 -1162.0000000000
9169 -1155.0000000000
9441 -1154.0000000000
9462 -1150.0000000000
9552 -1148.0000000000
9665 -1143.0000000000
10010 -1188.0000000000
evaluations raw_y
1 -1990.0000000000
2 -1963.0000000000
4 -1957.0000000000
8 -1921.0000000000
22 -1892.0000000000
60 -1891.0000000000
81 -1880.0000000000
83 -1874.0000000000
104 -1864.0000000000
105 -1858.0000000000
113 -1851.0000000000
151 -1846.0000000000
169 -1843.0000000000
171 -1806.0000000000
205 -1796.0000000000
228 -1781.0000000000
253 -1780.0000000000
271 -1777.0000000000
306 -1762.0000000000
354 -1759.0000000000
407 -1751.0000000000
455 -1743.0000000000
474 -1742.0000000000
495 -1726.0000000000
719 -1722.0000000000
737 -1720.0000000000
825 -1715.0000000000
847 -1714.0000000000
1002 -1713.0000000000
1042 -1700.0000000000
1057 -1694.0000000000
1102 -1681.0000000000
1204 -1677.0000000000
1262 -1672.0000000000
1269 -1654.0000000000
1310 -1650.0000000000
1335 -1649.0000000000
1372 -1646.0000000000
1394 -1638.0000000000
1474 -1633.0000000000
1487 -1621.0000000000
1528 -1606.0000000000
1555 -1599.0000000000
1569 -1590.0000000000
1599 -1588.0000000000
1614 -1586.0000000000
1634 -1572.0000000000
1675 -1565.0000000000
1697 -1563.0000000000
1717 -1556.0000000000
1763 -1552.0000000000
1767 -1551.0000000000
1771 -1550.0000000000
1802 -1546.0000000000
1808 -1545.0000000000
1822 -1539.0000000000
1832 -1538.0000000000
1851 -1531.0000000000
1874 -1527.0000000000
1889 -1521.0000000000
1906 -1520.0000000000
1948 -1519.0000000000
1977 -1518.0000000000
1996 -1517.0000000000
2002 -1514.0000000000
2022 -1509.0000000000
2058 -1504.0000000000
2087 -1500.0000000000
2099 -1492.0000000000
2141 -1490.0000000000
2157 -1486.0000000000
2180 -1483.0000000000
2207 -1482.0000000000
2213 -1476.0000000000
2219 -1475.0000000000
2240 -1470.0000000000
2272 -1467.0000000000
2275 -1460.0000000000
2302 -1450.0000000000
2346 -1442.0000000000
2404 -1441.0000000000
2454 -1429.0000000000
2524 -1422.0000000000
2528 -1421.0000000000
2560 -1415.0000000000
2603 -1412.0000000000
2607 -1411.0000000000
2627 -1402.0000000000
2680 -1397.0000000000
2735 -1388.0000000000
2811 -1387.0000000000
2835 -1382.0000000000
2840 -1380.0000000000
2898 -1369.0000000000
2920 -1362.0000000000
2976 -1360.0000000000
2996 -1350.0000000000
3032 -1348.0000000000
3098 -1347.0000000000
3109 -1346.0000000000
3203 -1338.0000000000
3210 -1331.0000000000
3278 -1327.0000000000
3338 -1323.0000000000
3543 -1322.0000000000
3551 -1319.0000000000
3600 -1318.0000000000
3645 -1309.0000000000
3694 -1305.0000000000
3697 -1304.0000000000
3707 -1299.0000000000
3761 -1296.0000000000
3779 -1287.0000000000
3814 -1283.0000000000
3980 -1280.0000000000
4044 -1279.0000000000
4060 -1277.0000000000
4068 -1271.0000000000
4117 -1267.0000000000
4195 -1261.0000000000
4315 -1260.0000000000
4580 -1252.0000000000
4816 -1250.0000000000
4824 -1249.0000000000
4983 -1239.0000000000
5051 -1238.0000000000
5101 -1237.0000000000
5227 -1233.0000000000
5316 -1231.0000000000
5495 -1228.0000000000
5559 -1226.0000000000
5686 -1222.0000000000
5905 -1218.0000000000
5968 -1216.0000000000
6029 -1212.0000000000
6044 -1208.0000000000
6079 -1206.0000000000
6279 -1205.0000000000
6290 -1202.0000000000
6512 -1201.0000000000
6859 -1199.0000000000
7147 -1197.0000000000
7266 -1195.0000000000
7631 -1193.0000000000
7797 -1182.0000000000
8079 -1180.0000000000
8089 -1175.0000000000
8465 -1169.0000000000
8505 -1166.0000000000
8977 -1160.0000000000
9209 -1153.0000000000
9871 -1151.0000000000
10010 -1160.0000000000
evaluations raw_y
1 -1994.0000000000
3 -1940.0000000000
4 -1939.0000000000
8 -1905.0000000000
36 -1873.0000000000
57 -1866.0000000000
72 -1861.0000000000
79 -1858.0000000000
95 -1846.0000000000
114 -1835.0000000000
116 -1830.0000000000
128 -1825.0000000000
132 -1809.0000000000
157 -1794.0000000000
196 -1790.0000000000
266 -1789.0000000000
282 -1745.0000000000
426 -1731.0000000000
482 -1727.0000000000
488 -1715.0000000000
704 -1702.0000000000
836 -1688.0000000000
936 -1681.0000000000
1078 -1664.0000000000
1153 -1657.0000000000
1161 -1652.0000000000
1188 -1647.0000000000
1191 -1646.0000000000
1211 -1644.0000000000
1342 -1637.0000000000
1355 -1613.0000000000
1390 -1610.0000000000
1437 -1599.0000000000
1465 -1585.0000000000
1499 -1571.0000000000
1537 -1564.0000000000
1585 -1563.0000000000
1588 -1549.0000000000
1630 -1544.0000000000
1649 -1542.0000000000
1671 -1537.0000000000
1688 -1522.0000000000
1752 -1511.0000000000
1807 -1510.0000000000
1817 -1506.0000000000
1834 -1504.0000000000
1852 -1502.0000000000
1863 -1496.0000000000
1896 -1487.0000000000
1911 -1480.0000000000
1955 -1475.0000000000
1975 -1474.0000000000
1977 -1471.0000000000
2019 -1466.0000000000
2043 -1456.0000000000
2068 -1453.0000000000
2160 -1448.0000000000
2180 -1446.0000000000
2194 -1443.0000000000
2220 -1440.0000000000
2280 -1439.0000000000
2327 -1431.0000000000
2371 -1429.0000000000
2386 -1422.0000000000
2407 -1420.0000000000
2546 -1415.0000000000
2557 -1413.0000000000
2575 -1412.0000000000
2578 -1409.0000000000
2698 -1408.0000000000
2705 -1404.0000000000
2715 -1403.0000000000
2752 -1399.0000000000
2783 -1397.0000000000
2802 -1395.0000000000
2824 -1393.0000000000
2907 -1389.0000000000
2957 -1383.0000000000
3081 -1379.0000000000
3112 -1376.0000000000
3153 -1372.0000000000
3172 -1369.0000000000
3275 -1366.0000000000
3335 -1364.0000000000
3451 -1359.0000000000
3521 -1356.0000000000
3548 -1355.0000000000
3570 -1349.0000000000
3711 -1346.0000000000
3799 -1344.0000000000
3803 -1342.0000000000
3843 -1339.0000000000
3888 -1324.0000000000
3992 -1319.0000000000
4010 -1317.0000000000
4112 -1313.0000000000
4251 -1308.0000000000
4284 -1307.0000000000
4310 -1306.0000000000
4345 -1300.0000000000
4459 -1296.0000000000
4549 -1295.0000000000
4596 -1293.0000000000
4604 -1288.0000000000
4633 -1282.0000000000
4751 -1277.0000000000
4756 -1273.0000000000
4826 -1270.0000000000
5044 -1264.0000000000
5112 -1259.0000000000
5269 -1257.0000000000
5393 -1255.0000000000
5428 -1247.0000000000
5440 -1243.0000000000
5726 -1242.0000000000
5861 -1241.0000000000
5923 -1240.0000000000
5936 -1237.0000000000
6013 -1234.0000000000
6062 -1233.0000000000
6074 -1229.0000000000
6095 -1225.0000000000
6133 -1217.0000000000
6185 -1213.0000000000
6677 -1212.0000000000
6777 -1206.0000000000
7913 -1203.0000000000
8636 -1200.0000000000
9147 -1198.0000000000
9398 -1194.0000000000
10010 -1222.0000000000
evaluations raw_y
1 -1956.0000000000
5 -1915.0000000000
22 -1884.0000000000
41 -1882.0000000000
45 -1857.0000000000
57 -1847.0000000000
76 -1833.0000000000
93 -1828.0000000000
133 -1820.0000000000
194 -1816.0000000000
203 -1808.0000000000
220 -1804.0000000000
248 -1803.0000000000
272 -1801.0000000000
274 -1782.0000000000
319 -1781.0000000000
339 -1745.0000000000
464 -1744.0000000000
468 -1742.0000000000
473 -1736.0000000000
501 -1724.0000000000
540 -1721.0000000000
614 -1704.0000000000
760 -1702.0000000000
812 -1698.0000000000
829 -1693.0000000000
856 -1691.0000000000
913 -1690.0000000000
973 -1682.0000000000
1021 -1678.0000000000
1090 -1675.0000000000
1183 -1672.0000000000
1190 -1663.0000000000
1231 -1662.0000000000
1275 -1657.0000000000
1284 -1656.0000000000
1295 -1652.0000000000
1318 -1649.0000000000
1335 -1644.0000000000
1358 -1635.0000000000
1372 -1634.0000000000
1390 -1627.0000000000
1418 -1611.0000000000
1429 -1604.0000000000
1461 -1584.0000000000
1510 -1583.0000000000
1515 -1581.0000000000
1548 -1575.0000000000
1588 -1573.0000000000
1602 -1572.0000000000
1621 -1567.0000000000
1658 -1562.0000000000
1682 -1555.0000000000
1723 -1550.0000000000
1773 -1540.0000000000
1801 -1537.0000000000
1811 -1535.0000000000
1846 -1530.0000000000
1856 -1529.0000000000
1883 -1524.0000000000
1903 -1518.0000000000
1976 -1516.0000000000
1987 -1513.0000000000
2021 -1510.0000000000
2039 -1508.0000000000
2050 -1503.0000000000
2055 -1502.0000000000
2098 -1500.0000000000
2152 -1497.0000000000
2167 -1492.0000000000
2201 -1489.0000000000
2224 -1484.0000000000
2239 -1483.0000000000
2264 -1477.0000000000
2294 -1470.0000000000
2342 -1468.0000000000
2348 -1467.0000000000
2357 -1460.0000000000
2370 -1453.0000000000
2393 -1449.0000000000
2404 -1448.0000000000
2437 -1446.0000000000
2482 -1445.0000000000
2484 -1443.0000000000
2492 -1438.0000000000
2507 -1437.0000000000
2509 -1436.0000000000
2511 -1429.0000000000
2577 -1425.0000000000
2625 -1424.0000000000
2628 -1423.0000000000
2629 -1418.0000000000
2634 -1414.0000000000
2678 -1399.0000000000
2733 -1397.0000000000
2836 -1382.0000000000
2979 -1380.0000000000
3012 -1378.0000000000
3076 -1370.0000000000
3131 -1364.0000000000
3166 -1361.0000000000
3174 -1356.0000000000
3240 -1351.0000000000
3270 -1345.0000000000
3377 -1339.0000000000
3453 -1335.0000000000
3459 -1334.0000000000
3463 -1332.0000000000
3490 -1326.0000000000
3623 -1321.0000000000
3805 -1320.0000000000
3849 -1316.0000000000
3901 -1315.0000000000
3915 -1307.0000000000
3983 -1300.0000000000
4042 -1299.0000000000
4113 -1296.0000000000
4394 -1293.0000000000
4542 -1284.0000000000
4669 -1279.0000000000
4799 -1277.0000000000
5060 -1276.0000000000
5065 -1275.0000000000
5162 -1274.0000000000
5373 -1273.0000000000
5493 -1272.0000000000
5558 -1271.0000000000
5565 -1262.0000000000
5824 -1260.0000000000
5863 -1257.0000000000
6243 -1256.0000000000
6519 -1255.0000000000
6558 -1253.0000000000
6559 -1252.0000000000
6567 -1245.0000000000
6705 -1243.0000000000
6752 -1240.0000000000
6789 -1239.0000000000
6816 -1232.0000000000
6839 -1221.0000000000
6981 -1220.0000000000
7297 -1216.0000000000
7327 -1214.0000000000
7501 -1208.0000000000
7980 -1201.0000000000
8242 -1197.0000000000
8327 -1194.0000000000
8457 -1192.0000000000
8530 -1183.0000000000
8680 -1177.0000000000
8793 -1171.0000000000
9130 -1170.0000000000
10010 -1185.0000000000
evaluations raw_y
1 -1961.0000000000
7 -1928.0000000000
22 -1921.0000000000
29 -1914.0000000000
34 -1903.0000000000
42 -1889.0000000000
52 -1867.0000000000
57 -1855.0000000000
103 -1834.0000000000
160 -1829.0000000000
161 -1818.0000000000
194 -1793.0000000000
249 -1792.0000000000
253 -1787.0000000000
260 -1781.0000000000
311 -1769.0000000000
319 -1765.0000000000
341 -1747.0000000000
355 -1728.0000000000
503 -1710.0000000000
621 -1692.0000000000
875 -1685.0000000000
903 -1682.0000000000
932 -1672.0000000000
1094 -1666.0000000000
1138 -1650.0000000000
1177 -1635.0000000000
1227 -1621.0000000000
1265 -1619.0000000000
1329 -1612.0000000000
1355 -1610.0000000000
1370 -1609.0000000000
1383 -1608.0000000000
1420 -1599.0000000000
1430 -1598.0000000000
1484 -1583.0000000000
1524 -1581.0000000000
1531 -1577.0000000000
1533 -1575.0000000000
1535 -1568.0000000000
1581 -1564.0000000000
1585 -1563.0000000000
1592 -1554.0000000000
1634 -1549.0000000000
1687 -1546.0000000000
1690 -1544.0000000000
1694 -1543.0000000000
1711 -1536.0000000000
1722 -1526.0000000000
1743 -1523.0000000000
1748 -1517.0000000000
1767 -1516.0000000000
1770 -1492.0000000000
1817 -1484.0000000000
1846 -1476.0000000000
1876 -1473.0000000000
1948 -1471.0000000000
1975 -1465.0000000000
1994 -1464.0000000000
2033 -1463.0000000000
2043 -1460.0000000000
2055 -1456.0000000000
2077 -1455.0000000000
2120 -1449.0000000000
2158 -1444.0000000000
2247 -1438.0000000000
2273 -1435.0000000000
2281 -1432.0000000000
2354 -1430.0000000000
2368 -1423.0000000000
2430 -1418.0000000000
2447 -1413.0000000000
2495 -1407.0000000000
2507 -1405.0000000000
2548 -1403.0000000000
2568 -1401.0000000000
2779 -1396.0000000000
2826 -1388.0000000000
2856 -1387.0000000000
2985 -1386.0000000000
2990 -1384.0000000000
2997 -1383.0000000000
3061 -1378.0000000000
3090 -1373.0000000000
3184 -1370.0000000000
3248 -1365.0000000000
3267 -1363.0000000000
3278 -1362.0000000000
3444 -1356.0000000000
3484 -1353.0000000000
3558 -1352.0000000000
3646 -1339.0000000000
3674 -1338.0000000000
3683 -1331.0000000000
3760 -1326.0000000000
3785 -1320.0000000000
3835 -1318.0000000000
3865 -1313.0000000000
4346 -1312.0000000000
4407 -1308.0000000000
4543 -1306.0000000000
4581 -1305.0000000000
4642 -1299.0000000000
4926 -1298.0000000000
5045 -1290.0000000000
5129 -1281.0000000000
5174 -1280.0000000000
5214 -1277.0000000000
5361 -1276.0000000000
5483 -1268.0000000000
5495 -1262.0000000000
5656 -1259.0000000000
5870 -1255.0000000000
5883 -1252.0000000000
6006 -1244.0000000000
6021 -1241.0000000000
6167 -1240.0000000000
6180 -1239.0000000000
6366 -1238.0000000000
6453 -1234.0000000000
6513 -1233.0000000000
6541 -1231.0000000000
6752 -1219.0000000000
7332 -1216.0000000000
7414 -1215.0000000000
7442 -1210.0000000000
7683 -1205.0000000000
8023 -1203.0000000000
8392 -1202.0000000000
8611 -1201.0000000000
8680 -1197.0000000000
8720 -1195.0000000000
9095 -1194.0000000000
9181 -1188.0000000000
9502 -1187.0000000000
9808 -1181.0000000000
10010 -1222.0000000000
evaluations raw_y
1 -1977.0000000000
2 -1956.0000000000
3 -1940.0000000000
4 -1938.0000000000
6 -1931.0000000000
9 -1925.0000000000
20 -1922.0000000000
21 -1875.0000000000
39 -1869.0000000000
49 -1858.0000000000
57 -1840.0000000000
86 -1808.0000000000
176 -1798.0000000000
197 -1766.0000000000
206 -1758.0000000000
238 -1746.0000000000
328 -1745.0000000000
375 -1738.0000000000
392 -1730.0000000000
473 -1728.0000000000
876 -1719.0000000000
940 -1702.0000000000
982 -1690.0000000000
1116 -1688.0000000000
1121 -1680.0000000000
1195 -1677.0000000000
1222 -1675.0000000000
1242 -1667.0000000000
1243 -1661.0000000000
1266 -1657.0000000000
1267 -1652.0000000000
1296 -1648.0000000000
1322 -1647.0000000000
1345 -1618.0000000000
1364 -1614.0000000000
1395 -1613.0000000000
1467 -1612.0000000000
1476 -1611.0000000000
1479 -1603.0000000000
1502 -1600.0000000000
1504 -1599.0000000000
1514 -1597.0000000000
1516 -1588.0000000000
1549 -1585.0000000000
1557 -1584.0000000000
1582 -1583.0000000000
1591 -1572.0000000000
1603 -1571.0000000000
1615 -1569.0000000000
1621 -1562.0000000000
1645 -1561.0000000000
1670 -1557.0000000000
1706 -1553.0000000000
1718 -1551.0000000000
1723 -1545.0000000000
1726 -1540.0000000000
1755 -1534.0000000000
1764 -1527.0000000000
1826 -1522.0000000000
1846 -1519.0000000000
1847 -1510.0000000000
1877 -1505.0000000000
1929 -1504.0000000000
1932 -1498.0000000000
1949 -1496.0000000000
2012 -1491.0000000000
2024 -1486.0000000000
2068 -1476.0000000000
2096 -1473.0000000000
2123 -1472.0000000000
2136 -1464.0000000000
2176 -1462.0000000000
2206 -1461.0000000000
2232 -1458.0000000000
2283 -1457.0000000000
2284 -1454.0000000000
2307 -1450.0000000000
2310 -1448.0000000000
2336 -1442.0000000000
2367 -1439.0000000000
2379 -1437.0000000000
2401 -1435.0000000000
2411 -1429.0000000000
2447 -1422.0000000000
2519 -1420.0000000000
2562 -1415.0000000000
2597 -1406.0000000000
2664 -1404.0000000000
2695 -1403.0000000000
2702 -1400.0000000000
2740 -1399.0000000000
2742 -1398.0000000000
2763 -1391.0000000000
2872 -1390.0000000000
2930 -1388.0000000000
3002 -1386.0000000000
3059 -1385.0000000000
3073 -1384.0000000000
3098 -1382.0000000000
3120 -1379.0000000000
3151 -1378.0000000000
3168 -1375.0000000000
3175 -1374.0000000000
3188 -1372.0000000000
3223 -1365.0000000000
3350 -1362.0000000000
3413 -1359.0000000000
3490 -1357.0000000000
3618 -1355.0000000000
3622 -1352.0000000000
3624 -1348.0000000000
3698 -1343.0000000000
3786 -1342.0000000000
3808 -1341.0000000000
3901 -1333.0000000000
3931 -1331.0000000000
4007 -1326.0000000000
4020 -1320.0000000000
4035 -1317.0000000000
4114 -1307.0000000000
4277 -1304.0000000000
4330 -1303.0000000000
4355 -1299.0000000000
4395 -1298.0000000000
4399 -1293.0000000000
4591 -1287.0000000000
4710 -1279.0000000000
4721 -1278.0000000000
4745 -1274.0000000000
4752 -1271.0000000000
5282 -1268.0000000000
5467 -1264.0000000000
5633 -1256.0000000000
5796 -1255.0000000000
5811 -1254.0000000000
5827 -1251.0000000000
5836 -1249.0000000000
5858 -1245.0000000000
6063 -1242.0000000000
6240 -1241.0000000000
6241 -1239.0000000000
6283 -1237.0000000000
6324 -1236.0000000000
6354 -1234.0000000000
6378 -1231.0000000000
6419 -1222.0000000000
6552 -1219.0000000000
6637 -1218.0000000000
6689 -1214.0000000000
6784 -1212.0000000000
7091 -1210.0000000000
7126 -1202.0000000000
7387 -1198.0000000000
7485 -1197.0000000000
7588 -1192.0000000000
8078 -1183.0000000000
8150 -1181.0000000000
8254 -1174.0000000000
8441 -1172.0000000000
8523 -1171.0000000000
8995 -1166.0000000000
9969 -1164.0000000000
9975 -1160.0000000000
10010 -1187.0000000000
evaluations raw_y
1 -1988.0000000000
2 -1980.0000000000
3 -1951.0000000000
9 -1912.0000000000
25 -1901.0000000000
36 -1897.0000000000
39 -1883.0000000000
70 -1854.0000000000
98 -1847.0000000000
107 -1845.0000000000
133 -1835.0000000000
170 -1832.0000000000
229 -1831.0000000000
250 -1829.0000000000
254 -1826.0000000000
260 -1817.0000000000
292 -1812.0000000000
303 -1799.0000000000
351 -1772.0000000000
439 -1770.0000000000
448 -1769.0000000000
580 -1767.0000000000
584 -1759.0000000000
599 -1758.0000000000
630 -1756.0000000000
657 -1751.0000000000
675 -1748.0000000000
726 -1734.0000000000
805 -1733.0000000000
812 -1722.0000000000
868 -1720.0000000000
928 -1711.0000000000
938 -1695.0000000000
993 -1681.0000000000
1094 -1679.0000000000
1112 -1676.0000000000
1123 -1666.0000000000
1174 -1665.0000000000
1197 -1658.0000000000
1200 -1650.0000000000
1239 -1643.0000000000
1279 -1639.0000000000
1292 -1633.0000000000
1347 -1626.0000000000
1353 -1620.0000000000
1371 -1613.0000000000
1391 -1609.0000000000
1409 -1603.0000000000
1436 -1595.0000000000
1487 -1594.0000000000
1506 -1584.0000000000
1587 -1582.0000000000
1597 -1576.0000000000
1613 -1570.0000000000
1642 -1567.0000000000
1644 -1565.0000000000
1646 -1559.0000000000
1665 -1557.0000000000
1679 -1554.0000000000
1705 -1553.0000000000
1739 -1550.0000000000
1751 -1548.0000000000
1763 -1540.0000000000
1784 -1537.0000000000
1788 -1536.0000000000
1790 -1527.0000000000
1810 -1526.0000000000
1823 -1523.0000000000
1825 -1522.0000000000
1834 -1519.0000000000
1852 -1513.0000000000
1884 -1506.0000000000
1933 -1503.0000000000
1942 -1501.0000000000
1965 -1487.0000000000
1983 -1482.0000000000
2004 -1474.0000000000
2013 -1464.0000000000
2030 -1462.0000000000
2044 -1459.0000000000
2110 -1455.0000000000
2189 -1453.0000000000
2199 -1449.0000000000
2220 -1445.0000000000
2232 -1444.0000000000
2235 -1443.0000000000
2250 -1440.0000000000
2292 -1433.0000000000
2349 -1430.0000000000
2360 -1424.0000000000
2374 -1423.0000000000
2404 -1418.0000000000
2485 -1417.0000000000
2490 -1411.0000000000
2537 -1389.0000000000
2578 -1377.0000000000
2614 -1375.0000000000
2630 -1374.0000000000
2636 -1365.0000000000
2741 -1362.0000000000
2807 -1359.0000000000
2943 -1355.0000000000
2985 -1353.0000000000
3049 -1351.0000000000
3112 -1349.0000000000
3176 -1345.0000000000
3285 -1343.0000000000
3312 -1340.0000000000
3465 -1339.0000000000
3468 -1337.0000000000
3483 -1329.0000000000
3514 -1326.0000000000
3556 -1325.0000000000
3676 -1321.0000000000
3717 -1320.0000000000
3779 -1318.0000000000
3819 -1307.0000000000
3928 -1303.0000000000
3942 -1295.0000000000
3976 -1293.0000000000
4047 -1292.0000000000
4065 -1289.0000000000
4179 -1288.0000000000
4255 -1287.0000000000
4334 -1283.0000000000
4337 -1280.0000000000
4374 -1278.0000000000
4509 -1273.0000000000
4561 -1271.0000000000
4617 -1264.0000000000
4807 -1263.0000000000
5015 -1262.0000000000
5048 -1258.0000000000
5238 -1253.0000000000
5324 -1248.0000000000
5587 -1236.0000000000
5611 -1234.0000000000
5716 -1233.0000000000
5910 -1231.0000000000
6184 -1230.0000000000
6198 -1229.0000000000
6435 -1215.0000000000
6922 -1211.0000000000
7027 -1210.0000000000
7467 -1209.0000000000
7487 -1207.0000000000
7493 -1206.0000000000
7495 -1203.0000000000
7516 -1200.0000000000
7554 -1199.0000000000
7786 -1197.0000000000
7830 -1193.0000000000
8171 -1190.0000000000
8289 -1184.0000000000
8403 -1180.0000000000
8713 -1179.0000000000
8820 -1178.0000000000
8893 -1175.0000000000
9093 -1173.0000000000
9332 -1169.0000000000
10010 -1206.0000000000
evaluations raw_y
1 -1939.0000000000
7 -1876.0000000000
46 -1865.0000000000
70 -1850.0000000000
79 -1839.0000000000
101 -1835.0000000000
110 -1832.0000000000
112 -1829.0000000000
166 -1810.0000000000
233 -1805.0000000000
251 -1768.0000000000
296 -1762.0000000000
310 -1749.0000000000
553 -1743.0000000000
570 -1734.0000000000
645 -1729.0000000000
682 -1720.0000000000
688 -1719.0000000000
704 -1716.0000000000
706 -1706.0000000000
723 -1701.0000000000
791 -1697.0000000000
794 -1684.0000000000
797 -1673.0000000000
807 -1659.0000000000
872 -1640.0000000000
952 -1627.0000000000
1035 -1625.0000000000
1068 -1622.0000000000
1139 -1621.0000000000
1156 -1615.0000000000
1205 -1613.0000000000
1301 -1607.0000000000
1322 -1605.0000000000
1393 -1600.0000000000
1410 -1598.0000000000
1411 -1591.0000000000
1414 -1582.0000000000
1477 -1579.0000000000
1489 -1578.0000000000
1507 -1568.0000000000
1527 -1565.0000000000
1556 -1562.0000000000
1561 -1554.0000000000
1584 -1547.0000000000
1612 -1545.0000000000
1616 -1544.0000000000
1624 -1540.0000000000
1634 -1535.0000000000
1669 -1529.0000000000
1680 -1527.0000000000
1698 -1523.0000000000
1741 -1522.0000000000
1743 -1517.0000000000
1762 -1516.0000000000
1803 -1503.0000000000
1810 -1493.0000000000
1839 -1489.0000000000
1881 -1484.0000000000
1897 -1483.0000000000
1909 -1481.0000000000
1927 -1479.0000000000
1942 -1470.0000000000
1981 -1469.0000000000
2003 -1459.0000000000
2029 -1451.0000000000
2064 -1444.0000000000
2108 -1443.0000000000
2117 -1432.0000000000
2203 -1430.0000000000
2270 -1429.0000000000
2314 -1426.0000000000
2323 -1425.0000000000
2327 -1424.0000000000
2333 -1421.0000000000
2366 -1415.0000000000
2393 -1410.0000000000
2409 -1409.0000000000
2411 -1408.0000000000
2437 -1404.0000000000
2444 -1403.0000000000
2464 -1397.0000000000
2498 -1393.0000000000
2504 -1392.0000000000
2523 -1391.0000000000
2548 -1390.0000000000
2557 -1389.0000000000
2582 -1382.0000000000
2607 -1379.0000000000
2645 -1373.0000000000
2680 -1372.0000000000
2696 -1365.0000000000
2698 -1358.0000000000
2737 -1346.0000000000
2837 -1343.0000000000
2906 -1339.0000000000
2931 -1338.0000000000
3009 -1326.0000000000
3071 -1325.0000000000
3074 -1323.0000000000
3086 -1320.0000000000
3206 -1318.0000000000
3223 -1311.0000000000
3411 -1310.0000000000
3616 -1304.0000000000
3677 -1302.0000000000
3698 -1300.0000000000
3747 -1298.0000000000
3776 -1297.0000000000
3995 -1286.0000000000
4050 -1284.0000000000
4064 -1279.0000000000
4409 -1274.0000000000
4583 -1273.0000000000
4627 -1272.0000000000
4636 -1262.0000000000
4872 -1253.0000000000
5009 -1250.0000000000
5284 -1249.0000000000
5449 -1248.0000000000
5499 -1246.0000000000
5683 -1241.0000000000
5802 -1240.0000000000
5806 -1234.0000000000
5895 -1223.0000000000
6055 -1221.0000000000
6115 -1215.0000000000
6583 -1214.0000000000
6594 -1209.0000000000
6722 -1205.0000000000
6728 -1203.0000000000
7130 -1201.0000000000
7693 -1197.0000000000
7725 -1195.0000000000
7770 -1194.0000000000
8158 -1193.0000000000
8187 -1188.0000000000
8492 -1187.0000000000
8836 -1183.0000000000
8874 -1181.0000000000
8977 -1179.0000000000
9048 -1173.0000000000
9392 -1172.0000000000
9523 -1170.0000000000
9547 -1165.0000000000
9777 -1164.0000000000
9818 -1163.0000000000
9820 -1161.0000000000
10003 -1158.0000000000
10010 -1170.0000000000
evaluations raw_y
1 -1953.0000000000
2 -1950.0000000000
5 -1896.0000000000
36 -1876.0000000000
68 -1852.0000000000
71 -1851.0000000000
75 -1837.0000000000
77 -1833.0000000000
147 -1830.0000000000
154 -1824.0000000000
174 -1822.0000000000
192 -1778.0000000000
252 -1765.0000000000
422 -1759.0000000000
446 -1750.0000000000
530 -1740.0000000000
596 -1730.0000000000
676 -1726.0000000000
714 -1711.0000000000
782 -1694.0000000000
826 -1684.0000000000
887 -1682.0000000000
955 -1676.0000000000
1000 -1672.0000000000
1035 -1648.0000000000
1176 -1646.0000000000
1218 -1645.0000000000
1264 -1641.0000000000
1329 -1639.0000000000
1331 -1638.0000000000
1335 -1634.0000000000
1356 -1632.0000000000
1357 -1626.0000000000
1378 -1612.0000000000
1444 -1611.0000000000
1482 -1604.0000000000
1502 -1600.0000000000
1529 -1599.0000000000
1532 -1597.0000000000
1549 -1590.0000000000
1558 -1567.0000000000
1591 -1565.0000000000
1608 -1558.0000000000
1624 -1550.0000000000
1676 -1547.0000000000
1678 -1538.0000000000
1703 -1530.0000000000
1722 -1529.0000000000
1752 -1524.0000000000
1756 -1517.0000000000
1788 -1512.0000000000
1831 -1503.0000000000
1864 -1499.0000000000
1875 -1497.0000000000
1901 -1495.0000000000
1913 -1494.0000000000
1918 -1493.0000000000
1944 -1488.0000000000
1959 -1486.0000000000
2007 -1481.0000000000
2017 -1475.0000000000
2042 -1473.0000000000
2059 -1462.0000000000
2099 -1453.0000000000
2171 -1446.0000000000
2209 -1444.0000000000
2243 -1440.0000000000
2246 -1431.0000000000
2331 -1427.0000000000
2353 -1424.0000000000
2356 -1420.0000000000
2373 -1419.0000000000
2393 -1413.0000000000
2412 -1409.0000000000
2416 -1399.0000000000
2512 -1398.0000000000
2514 -1397.0000000000
2537 -1387.0000000000
2662 -1385.0000000000
2674 -1379.0000000000
2688 -1373.0000000000
2759 -1370.0000000000
2782 -1365.0000000000
2811 -1361.0000000000
2878 -1350.0000000000
2934 -1349.0000000000
3004 -1348.0000000000
3048 -1343.0000000000
3084 -1324.0000000000
3108 -1320.0000000000
3236 -1317.0000000000
3415 -1315.0000000000
3502 -1313.0000000000
3531 -1311.0000000000
3569 -1307.0000000000
3900 -1303.0000000000
3902 -1302.0000000000
3925 -1293.0000000000
4029 -1290.0000000000
4041 -1280.0000000000
4058 -1279.0000000000
4189 -1276.0000000000
4287 -1275.0000000000
4357 -1271.0000000000
4453 -1264.0000000000
4529 -1262.0000000000
4683 -1258.0000000000
4829 -1257.0000000000
4872 -1255.0000000000
5221 -1252.0000000000
5632 -1249.0000000000
5710 -1247.0000000000
6011 -1242.0000000000
6038 -1236.0000000000
6075 -1226.0000000000
6533 -1224.0000000000
6622 -1221.0000000000
6671 -1220.0000000000
6711 -1219.0000000000
6799 -1208.0000000000
7644 -1207.0000000000
8766 -1205.0000000000
9033 -1198.0000000000
9071 -1196.0000000000
9114 -1192.0000000000
9212 -1191.0000000000
9249 -1177.0000000000
9614 -1174.0000000000
9639 -1172.0000000000
9722 -1167.0000000000
10010 -1181.0000000000
evaluations raw_y
1 -1943.0000000000
2 -1930.0000000000
10 -1926.0000000000
16 -1899.0000000000
22 -1892.0000000000
49 -1874.0000000000
57 -1859.0000000000
60 -1855.0000000000
76 -1847.0000000000
95 -1836.0000000000
105 -1834.0000000000
114 -1822.0000000000
134 -1802.0000000000
207 -1801.0000000000
222 -1800.0000000000
227 -1777.0000000000
257 -1775.0000000000
278 -1759.0000000000
409 -1756.0000000000
422 -1750.0000000000
454 -1744.0000000000
490 -1738.0000000000
492 -1735.0000000000
523 -1729.0000000000
582 -1722.0000000000
592 -1714.0000000000
810 -1692.0000000000
1013 -1677.0000000000
1071 -1672.0000000000
1092 -1664.0000000000
1130 -1662.0000000000
1210 -1650.0000000000
1239 -1646.0000000000
1330 -1639.0000000000
1359 -1620.0000000000
1390 -1619.0000000000
1411 -1616.0000000000
1416 -1614.0000000000
1428 -1609.0000000000
1508 -1601.0000000000
1518 -1593.0000000000
1547 -1572.0000000000
1579 -1571.0000000000
1601 -1565.0000000000
1610 -1560.0000000000
1636 -1548.0000000000
1643 -1545.0000000000
1661 -1542.0000000000
1709 -1529.0000000000
1729 -1522.0000000000
1744 -1519.0000000000
1761 -1515.0000000000
1770 -1514.0000000000
1785 -1512.0000000000
1805 -1499.0000000000
1827 -1493.0000000000
1907 -1489.0000000000
1941 -1485.0000000000
1962 -1479.0000000000
1967 -1475.0000000000
1982 -1471.0000000000
2012 -1469.0000000000
2029 -1466.0000000000
2066 -1461.0000000000
2078 -1459.0000000000
2086 -1457.0000000000
2099 -1456.0000000000
2119 -1452.0000000000
2124 -1449.0000000000
2128 -1444.0000000000
2188 -1442.0000000000
2198 -1437.0000000000
2209 -1435.0000000000
2225 -1431.0000000000
2229 -1430.0000000000
2264 -1426.0000000000
2278 -1425.0000000000
2286 -1423.0000000000
2319 -1420.0000000000
2326 -1406.0000000000
2399 -1402.0000000000
2423 -1400.0000000000
2436 -1396.0000000000
2537 -1387.0000000000
2553 -1385.0000000000
2607 -1383.0000000000
2629 -1371.0000000000
2702 -1368.0000000000
2715 -1365.0000000000
2808 -1363.0000000000
2848 -1359.0000000000
2899 -1350.0000000000
2909 -1349.0000000000
2932 -1348.0000000000
2977 -1347.0000000000
3023 -1338.0000000000
3047 -1329.0000000000
3281 -1323.0000000000
3369 -1322.0000000000
3522 -1315.0000000000
3649 -1309.0000000000
3678 -1302.0000000000
3734 -1297.0000000000
3778 -1296.0000000000
3836 -1291.0000000000
4074 -1286.0000000000
4078 -1285.0000000000
4094 -1283.0000000000
4164 -1279.0000000000
4228 -1272.0000000000
4330 -1271.0000000000
4350 -1270.0000000000
4371 -1262.0000000000
4502 -1258.0000000000
4569 -1254.0000000000
4641 -1253.0000000000
4705 -1252.0000000000
4873 -1246.0000000000
4919 -1240.0000000000
5281 -1238.0000000000
5502 -1237.0000000000
5867 -1234.0000000000
6107 -1230.0000000000
6264 -1229.0000000000
6425 -1226.0000000000
6533 -1225.0000000000
6549 -1220.0000000000
6602 -1216.0000000000
6811 -1214.0000000000
7037 -1210.0000000000
7210 -1209.0000000000
7462 -1207.0000000000
7687 -1198.0000000000
7938 -1197.0000000000
8165 -1193.0000000000
9156 -1192.0000000000
9240 -1189.0000000000
9446 -1188.0000000000
9653 -1178.0000000000
10010 -1204.0000000000
evaluations raw_y
1 -1953.0000000000
3 -1918.0000000000
30 -1917.0000000000
38 -1908.0000000000
49 -1903.0000000000
58 -1870.0000000000
64 -1859.0000000000
80 -1845.0000000000
116 -1828.0000000000
136 -1819.0000000000
147 -1804.0000000000
171 -1798.0000000000
217 -1791.0000000000
220 -1787.0000000000
300 -1785.0000000000
310 -1780.0000000000
341 -1775.0000000000
410 -1774.0000000000
413 -1771.0000000000
415 -1763.0000000000
461 -1753.0000000000
463 -1752.0000000000
492 -1749.0000000000
675 -1729.0000000000
698 -1727.0000000000
779 -1726.0000000000
825 -1683.0000000000
861 -1680.0000000000
977 -1668.0000000000
1017 -1666.0000000000
1081 -1657.0000000000
1228 -1652.0000000000
1235 -1635.0000000000
1295 -1632.0000000000
1410 -1625.0000000000
1476 -1623.0000000000
1485 -1617.0000000000
1543 -1610.0000000000
1560 -1605.0000000000
1601 -1597.0000000000
1631 -1596.0000000000
1660 -1594.0000000000
1678 -1589.0000000000
1686 -1584.0000000000
1696 -1580.0000000000
1744 -1579.0000000000
1762 -1576.0000000000
1807 -1573.0000000000
1822 -1572.0000000000
1824 -1560.0000000000
1849 -1556.0000000000
1896 -1553.0000000000
1905 -1551.0000000000
1913 -1550.0000000000
1931 -1549.0000000000
1947 -1548.0000000000
1960 -1536.0000000000
1965 -1534.0000000000
1982 -1528.0000000000
2011 -1523.0000000000
2058 -1518.0000000000
2067 -1505.0000000000
2098 -1504.0000000000
2118 -1501.0000000000
2144 -1495.0000000000
2155 -1492.0000000000
2203 -1489.0000000000
2217 -1487.0000000000
2225 -1479.0000000000
2244 -1478.0000000000
2268 -1477.0000000000
2284 -1463.0000000000
2336 -1462.0000000000
2352 -1461.0000000000
2363 -1455.0000000000
2377 -1453.0000000000
2416 -1451.0000000000
2419 -1450.0000000000
2484 -1446.0000000000
2513 -1443.0000000000
2538 -1442.0000000000
2550 -1441.0000000000
2553 -1431.0000000000
2588 -1428.0000000000
2616 -1426.0000000000
2623 -1422.0000000000
2670 -1417.0000000000
2698 -1414.0000000000
2754 -1412.0000000000
2769 -1401.0000000000
2790 -1392.0000000000
2816 -1391.0000000000
2821 -1390.0000000000
2886 -1389.0000000000
2923 -1388.0000000000
2939 -1385.0000000000
2951 -1384.0000000000
2961 -1382.0000000000
2997 -1371.0000000000
3138 -1368.0000000000
3255 -1367.0000000000
3290 -1366.0000000000
3298 -1364.0000000000
3300 -1357.0000000000
3317 -1349.0000000000
3355 -1346.0000000000
3415 -1342.0000000000
3492 -1341.0000000000
3497 -1339.0000000000
3563 -1331.0000000000
3570 -1330.0000000000
3590 -1328.0000000000
3655 -1326.0000000000
3699 -1320.0000000000
3762 -1319.0000000000
3778 -1312.0000000000
3931 -1310.0000000000
3937 -1309.0000000000
4055 -1306.0000000000
4193 -1305.0000000000
4222 -1304.0000000000
4349 -1301.0000000000
4378 -1297.0000000000
4579 -1296.0000000000
4629 -1295.0000000000
4687 -1292.0000000000
4787 -1286.0000000000
4855 -1283.0000000000
4958 -1281.0000000000
4963 -1277.0000000000
4991 -1274.0000000000
5111 -1266.0000000000
5228 -1261.0000000000
5366 -1259.0000000000
5466 -1258.0000000000
5557 -1257.0000000000
5613 -1255.0000000000
5684 -1253.0000000000
5692 -1247.0000000000
5799 -1244.0000000000
6018 -1239.0000000000
6251 -1233.0000000000
6750 -1228.0000000000
6976 -1227.0000000000
7242 -1222.0000000000
7247 -1215.0000000000
7296 -1211.0000000000
7757 -1208.0000000000
7764 -1205.0000000000
7879 -1203.0000000000
8299 -1201.0000000000
8440 -1199.0000000000
8525 -1193.0000000000
8792 -1191.0000000000
8856 -1188.0000000000
8867 -1186.0000000000
9243 -1183.0000000000
9502 -1182.0000000000
9730 -1179.0000000000
10010 -1206.0000000000
evaluations raw_y
1 -2072.0000000000
2 -1960.0000000000
9 -1911.0000000000
36 -1909.0000000000
40 -1904.0000000000
41 -1892.0000000000
48 -1850.0000000000
58 -1844.0000000000
88 -1842.0000000000
108 -1830.0000000000
113 -1825.0000000000
131 -1819.0000000000
168 -1809.0000000000
171 -1806.0000000000
228 -1796.0000000000
257 -1759.0000000000
297 -1758.0000000000
349 -1755.0000000000
371 -1746.0000000000
432 -1742.0000000000
500 -1738.0000000000
539 -1723.0000000000
646 -1717.0000000000
690 -1715.0000000000
710 -1712.0000000000
774 -1711.0000000000
827 -1708.0000000000
901 -1692.0000000000
979 -1691.0000000000
1004 -1675.0000000000
1026 -1672.0000000000
1191 -1671.0000000000
1251 -1670.0000000000
1271 -1664.0000000000
1296 -1652.0000000000
1372 -1639.0000000000
1408 -1632.0000000000
1451 -1630.0000000000
1465 -1625.0000000000
1479 -1624.0000000000
1505 -1620.0000000000
1541 -1618.0000000000
1548 -1617.0000000000
1561 -1609.0000000000
1595 -1608.0000000000
1608 -1589.0000000000
1625 -1584.0000000000
1664 -1578.0000000000
1684 -1571.0000000000
1713 -1570.0000000000
1732 -1567.0000000000
1760 -1562.0000000000
1768 -1553.0000000000
1790 -1550.0000000000
1816 -1545.0000000000
1821 -1539.0000000000
1867 -1538.0000000000
1908 -1536.0000000000
1918 -1532.0000000000
1920 -1524.0000000000
1931 -1517.0000000000
1947 -1516.0000000000
1981 -1513.0000000000
2008 -1510.0000000000
2022 -1507.0000000000
2040 -1499.0000000000
2051 -1498.0000000000
2078 -1492.0000000000
2099 -1481.0000000000
2133 -1478.0000000000
2139 -1473.0000000000
2155 -1469.0000000000
2221 -1468.0000000000
2228 -1467.0000000000
2241 -1466.0000000000
2259 -1459.0000000000
2262 -1450.0000000000
2279 -1445.0000000000
2308 -1441.0000000000
2332 -1435.0000000000
2349 -1430.0000000000
2386 -1413.0000000000
2435 -1410.0000000000
2461 -1401.0000000000
2500 -1390.0000000000
2544 -1386.0000000000
2551 -1383.0000000000
2559 -1382.0000000000
2647 -1381.0000000000
2657 -1376.0000000000
2720 -1372.0000000000
2758 -1367.0000000000
2809 -1364.0000000000
2865 -1361.0000000000
2945 -1358.0000000000
2976 -1357.0000000000
2985 -1352.0000000000
3010 -1350.0000000000
3070 -1345.0000000000
3089 -1338.0000000000
3102 -1334.0000000000
3164 -1333.0000000000
3250 -1328.0000000000
3343 -1327.0000000000
3373 -1318.0000000000
3496 -1315.0000000000
3519 -1312.0000000000
3532 -1309.0000000000
3561 -1308.0000000000
3565 -1307.0000000000
3595 -1303.0000000000
3635 -1297.0000000000
3671 -1296.0000000000
3680 -1293.0000000000
3801 -1292.0000000000
3832 -1289.0000000000
3894 -1278.0000000000
4221 -1274.0000000000
4262 -1272.0000000000
4363 -1270.0000000000
4489 -1269.0000000000
4664 -1266.0000000000
4672 -1264.0000000000
4796 -1263.0000000000
4902 -1261.0000000000
4964 -1260.0000000000
5372 -1258.0000000000
5401 -1248.0000000000
5407 -1246.0000000000
5452 -1233.0000000000
5536 -1232.0000000000
5579 -1231.0000000000
5794 -1230.0000000000
5825 -1227.0000000000
5858 -1221.0000000000
6243 -1219.0000000000
6407 -1216.0000000000
6532 -1213.0000000000
6662 -1210.0000000000
6855 -1209.0000000000
6862 -1204.0000000000
7166 -1201.0000000000
7181 -1200.0000000000
7348 -1197.0000000000
7703 -1196.0000000000
7740 -1195.0000000000
7761 -1193.0000000000
7879 -1191.0000000000
8061 -1188.0000000000
8415 -1186.0000000000
8705 -1183.0000000000
8758 -1177.0000000000
9670 -1172.0000000000
10010 -1195.0000000000
evaluations raw_y
1 -2015.0000000000
2 -1987.0000000000
4 -1939.0000000000
7 -1905.0000000000
29 -1896.0000000000
44 -1893.0000000000
45 -1889.0000000000
56 -1873.0000000000
61 -1860.0000000000
85 -1830.0000000000
110 -1820.0000000000
116 -1813.0000000000
141 -1801.0000000000
184 -1772.0000000000
230 -1771.0000000000
283 -1763.0000000000
405 -1757.0000000000
501 -1749.0000000000
511 -1747.0000000000
513 -1740.0000000000
542 -1738.0000000000
555 -1732.0000000000
658 -1728.0000000000
672 -1722.0000000000
726 -1715.0000000000
762 -1701.0000000000
849 -1700.0000000000
852 -1699.0000000000
893 -1696.0000000000
898 -1695.0000000000
909 -1685.0000000000
957 -1675.0000000000
1056 -1665.0000000000
1100 -1654.0000000000
1105 -1653.0000000000
1121 -1639.0000000000
1238 -1634.0000000000
1266 -1631.0000000000
1278 -1627.0000000000
1299 -1626.0000000000
1309 -1616.0000000000
1356 -1615.0000000000
1387 -1613.0000000000
1402 -1604.0000000000
1479 -1595.0000000000
1498 -1594.0000000000
1528 -1589.0000000000
1529 -1588.0000000000
1546 -1577.0000000000
1589 -1576.0000000000
1614 -1571.0000000000
1626 -1569.0000000000
1660 -1565.0000000000
1666 -1563.0000000000
1696 -1562.0000000000
1704 -1556.0000000000
1705 -1552.0000000000
1715 -1550.0000000000
1742 -1543.0000000000
1775 -1540.0000000000
1806 -1533.0000000000
1821 -1519.0000000000
1869 -1516.0000000000
1924 -1513.0000000000
1925 -1509.0000000000
1941 -1500.0000000000
1949 -1492.0000000000
1971 -1477.0000000000
2005 -1474.0000000000
2020 -1465.0000000000
2078 -1458.0000000000
2129 -1455.0000000000
2164 -1451.0000000000
2171 -1446.0000000000
2183 -1445.0000000000
2251 -1443.0000000000
2259 -1436.0000000000
2276 -1433.0000000000
2315 -1430.0000000000
2330 -1428.0000000000
2344 -1427.0000000000
2367 -1424.0000000000
2383 -1422.0000000000
2515 -1419.0000000000
2517 -1414.0000000000
2560 -1412.0000000000
2610 -1405.0000000000
2700 -1393.0000000000
2780 -1389.0000000000
2831 -1387.0000000000
2834 -1385.0000000000
2865 -1382.0000000000
2895 -1380.0000000000
2925 -1378.0000000000
2930 -1368.0000000000
2970 -1366.0000000000
3023 -1359.0000000000
3051 -1352.0000000000
3254 -1346.0000000000
3577 -1333.0000000000
3687 -1332.0000000000
3734 -1331.0000000000
3844 -1328.0000000000
3894 -1324.0000000000
3948 -1323.0000000000
3995 -1322.0000000000
4001 -1321.0000000000
4028 -1319.0000000000
4054 -1318.0000000000
4108 -1311.0000000000
4114 -1309.0000000000
4152 -1301.0000000000
4245 -1300.0000000000
4347 -1295.0000000000
4352 -1291.0000000000
4402 -1290.0000000000
4414 -1288.0000000000
4472 -1287.0000000000
4505 -1285.0000000000
4571 -1282.0000000000
4884 -1281.0000000000
4969 -1279.0000000000
5026 -1274.0000000000
5437 -1270.0000000000
5519 -1269.0000000000
5526 -1267.0000000000
5545 -1260.0000000000
5611 -1257.0000000000
5629 -1252.0000000000
5739 -1250.0000000000
6066 -1249.0000000000
6094 -1242.0000000000
6341 -1232.0000000000
6503 -1229.0000000000
6567 -1221.0000000000
6811 -1219.0000000000
7051 -1216.0000000000
7460 -1214.0000000000
7586 -1212.0000000000
7818 -1209.0000000000
7974 -1207.0000000000
7986 -1199.0000000000
8132 -1198.0000000000
8233 -1189.0000000000
9175 -1188.0000000000
9333 -1183.0000000000
9550 -1181.0000000000
10010 -1202.0000000000
evaluations raw_y
1 -1978.0000000000
2 -1975.0000000000
3 -1942.0000000000
5 -1934.0000000000
7 -1918.0000000000
11 -1905.0000000000
14 -1895.0000000000
22 -1875.0000000000
47 -1860.0000000000
58 -1854.0000000000
70 -1850.0000000000
94 -1843.0000000000
104 -1834.0000000000
125 -1829.0000000000
133 -1793.0000000000
299 -1789.0000000000
322 -1768.0000000000
364 -1757.0000000000
423 -1753.0000000000
431 -1752.0000000000
538 -1751.0000000000
571 -1730.0000000000
712 -1727.0000000000
767 -1724.0000000000
812 -1721.0000000000
814 -1705.0000000000
851 -1704.0000000000
893 -1693.0000000000
939 -1679.0000000000
1004 -1676.0000000000
1052 -1675.0000000000
1085 -1663.0000000000
1087 -1660.0000000000
1131 -1653.0000000000
1154 -1648.0000000000
1178 -1642.0000000000
1203 -1640.0000000000
1290 -1639.0000000000
1291 -1638.0000000000
1308 -1633.0000000000
1309 -1621.0000000000
1357 -1614.0000000000
1393 -1612.0000000000
1445 -1605.0000000000
1481 -1595.0000000000
1493 -1593.0000000000
1499 -1561.0000000000
1596 -1557.0000000000
1609 -1553.0000000000
1619 -1550.0000000000
1641 -1546.0000000000
1700 -1537.0000000000
1757 -1531.0000000000
1760 -1523.0000000000
1795 -1515.0000000000
1813 -1512.0000000000
1826 -1504.0000000000
1855 -1502.0000000000
1868 -1501.0000000000
1896 -1500.0000000000
1911 -1496.0000000000
1936 -1494.0000000000
1937 -1486.0000000000
1948 -1485.0000000000
1956 -1482.0000000000
1989 -1475.0000000000
2031 -1471.0000000000
2036 -1470.0000000000
2044 -1467.0000000000
2072 -1456.0000000000
2115 -1453.0000000000
2135 -1451.0000000000
2162 -1446.0000000000
2171 -1443.0000000000
2185 -1436.0000000000
2225 -1425.0000000000
2268 -1421.0000000000
2285 -1416.0000000000
2341 -1414.0000000000
2344 -1411.0000000000
2346 -1404.0000000000
2407 -1397.0000000000
2457 -1392.0000000000
2527 -1387.0000000000
2547 -1376.0000000000
2689 -1373.0000000000
2736 -1371.0000000000
2768 -1364.0000000000
2894 -1363.0000000000
2896 -1362.0000000000
2907 -1356.0000000000
2931 -1344.0000000000
3036 -1343.0000000000
3091 -1342.0000000000
3324 -1335.0000000000
3407 -1334.0000000000
3516 -1331.0000000000
3620 -1330.0000000000
3629 -1328.0000000000
3776 -1325.0000000000
3966 -1322.0000000000
4038 -1321.0000000000
4059 -1311.0000000000
4129 -1310.0000000000
4174 -1309.0000000000
4198 -1307.0000000000
4199 -1306.0000000000
4240 -1302.0000000000
4247 -1293.0000000000
4323 -1284.0000000000
4352 -1283.0000000000
4500 -1281.0000000000
4540 -1275.0000000000
4582 -1273.0000000000
4725 -1269.0000000000
4727 -1264.0000000000
4761 -1259.0000000000
4795 -1255.0000000000
5005 -1251.0000000000
5035 -1246.0000000000
5377 -1243.0000000000
5443 -1241.0000000000
5448 -1240.0000000000
5779 -1239.0000000000
5793 -1238.0000000000
5875 -1229.0000000000
6367 -1226.0000000000
6947 -1225.0000000000
7182 -1223.0000000000
7381 -1220.0000000000
7833 -1216.0000000000
8340 -1209.0000000000
8952 -1208.0000000000
9149 -1207.0000000000
9156 -1206.0000000000
9206 -1204.0000000000
9257 -1199.0000000000
9347 -1196.0000000000
9423 -1194.0000000000
9544 -1192.0000000000
9625 -1188.0000000000
9742 -1187.0000000000
9784 -1186.0000000000
9796 -1185.0000000000
9943 -1181.0000000000
10010 -1187.0000000000
evaluations raw_y
1 -1969.0000000000
5 -1961.0000000000
6 -1933.0000000000
16 -1895.0000000000
30 -1872.0000000000
37 -1858.0000000000
46 -1843.0000000000
70 -1838.0000000000
81 -1837.0000000000
104 -1832.0000000000
118 -1829.0000000000
124 -1805.0000000000
138 -1798.0000000000
173 -1772.0000000000
363 -1736.0000000000
527 -1724.0000000000
615 -1707.0000000000
750 -1702.0000000000
850 -1701.0000000000
902 -1690.0000000000
933 -1685.0000000000
1052 -1684.0000000000
1075 -1674.0000000000
1123 -1664.0000000000
1143 -1663.0000000000
1173 -1661.0000000000
1180 -1651.0000000000
1236 -1650.0000000000
1257 -1641.0000000000
1301 -1619.0000000000
1344 -1607.0000000000
1354 -1600.0000000000
1397 -1598.0000000000
1402 -1596.0000000000
1413 -1589.0000000000
1430 -1576.0000000000
1478 -1569.0000000000
1482 -1552.0000000000
1527 -1548.0000000000
1548 -1537.0000000000
1557 -1530.0000000000
1580 -1524.0000000000
1588 -1509.0000000000
1625 -1507.0000000000
1627 -1504.0000000000
1647 -1498.0000000000
1670 -1493.0000000000
1673 -1486.0000000000
1741 -1485.0000000000
1744 -1481.0000000000
1768 -1471.0000000000
1809 -1464.0000000000
1863 -1459.0000000000
1934 -1454.0000000000
1974 -1449.0000000000
2003 -1445.0000000000
2015 -1442.0000000000
2034 -1438.0000000000
2117 -1434.0000000000
2129 -1431.0000000000
2167 -1426.0000000000
2210 -1424.0000000000
2218 -1420.0000000000
2238 -1418.0000000000
2255 -1417.0000000000
2263 -1416.0000000000
2274 -1411.0000000000
2289 -1402.0000000000
2346 -1401.0000000000
2362 -1400.0000000000
2379 -1399.0000000000
2387 -1391.0000000000
2457 -1380.0000000000
2588 -1377.0000000000
2650 -1372.0000000000
2672 -1362.0000000000
2735 -1361.0000000000
2780 -1359.0000000000
2850 -1354.0000000000
2861 -1351.0000000000
2865 -1346.0000000000
2930 -1339.0000000000
3004 -1337.0000000000
3017 -1331.0000000000
3082 -1328.0000000000
3146 -1324.0000000000
3234 -1320.0000000000
3269 -1316.0000000000
3307 -1314.0000000000
3327 -1305.0000000000
3400 -1300.0000000000
3406 -1299.0000000000
3468 -1298.0000000000
3490 -1297.0000000000
3524 -1295.0000000000
3677 -1291.0000000000
3702 -1287.0000000000
3837 -1286.0000000000
3903 -1267.0000000000
4106 -1254.0000000000
4408 -1248.0000000000
4563 -1238.0000000000
4705 -1237.0000000000
4831 -1236.0000000000
5160 -1233.0000000000
5521 -1231.0000000000
5639 -1229.0000000000
5673 -1228.0000000000
5685 -1224.0000000000
5853 -1219.0000000000
5941 -1217.0000000000
6205 -1216.0000000000
6690 -1214.0000000000
6768 -1210.0000000000
6823 -1209.0000000000
6847 -1206.0000000000
6920 -1204.0000000000
7482 -1202.0000000000
7530 -1197.0000000000
7697 -1194.0000000000
7867 -1193.0000000000
7884 -1189.0000000000
8015 -1185.0000000000
8560 -1177.0000000000
9297 -1176.0000000000
9617 -1175.0000000000
9834 -1173.0000000000
10010 -1199.0000000000
evaluations raw_y
1 -1941.0000000000
9 -1940.0000000000
14 -1915.0000000000
39 -1913.0000000000
43 -1888.0000000000
53 -1879.0000000000
78 -1874.0000000000
93 -1854.0000000000
138 -1853.0000000000
145 -1851.0000000000
147 -1845.0000000000
150 -1840.0000000000
151 -1832.0000000000
156 -1821.0000000000
191 -1816.0000000000
210 -1815.0000000000
221 -1805.0000000000
225 -1795.0000000000
245 -1791.0000000000
258 -1787.0000000000
299 -1781.0000000000
311 -1774.0000000000
416 -1768.0000000000
485 -1766.0000000000
486 -1757.0000000000
515 -1753.0000000000
532 -1751.0000000000
543 -1732.0000000000
603 -1727.0000000000
740 -1711.0000000000
894 -1706.0000000000
981 -1694.0000000000
1007 -1682.0000000000
1085 -1679.0000000000
1119 -1677.0000000000
1144 -1663.0000000000
1211 -1659.0000000000
1273 -1648.0000000000
1283 -1647.0000000000
1286 -1645.0000000000
1328 -1642.0000000000
1363 -1624.0000000000
1382 -1618.0000000000
1420 -1614.0000000000
1433 -1610.0000000000
1518 -1602.0000000000
1550 -1599.0000000000
1556 -1598.0000000000
1559 -1590.0000000000
1584 -1589.0000000000
1601 -1587.0000000000
1606 -1573.0000000000
1638 -1570.0000000000
1657 -1567.0000000000
1660 -1563.0000000000
1675 -1560.0000000000
1697 -1550.0000000000
1744 -1541.0000000000
1784 -1540.0000000000
1785 -1534.0000000000
1804 -1520.0000000000
1815 -1518.0000000000
1844 -1517.0000000000
1846 -1502.0000000000
1897 -1495.0000000000
1916 -1492.0000000000
1929 -1486.0000000000
1937 -1483.0000000000
1973 -1479.0000000000
1978 -1472.0000000000
2043 -1470.0000000000
2072 -1467.0000000000
2116 -1462.0000000000
2130 -1461.0000000000
2149 -1456.0000000000
2182 -1451.0000000000
2244 -1437.0000000000
2318 -1431.0000000000
2338 -1425.0000000000
2349 -1423.0000000000
2403 -1422.0000000000
2416 -1419.0000000000
2427 -1412.0000000000
2483 -1406.0000000000
2547 -1402.0000000000
2561 -1401.0000000000
2584 -1397.0000000000
2607 -1390.0000000000
2674 -1389.0000000000
2691 -1388.0000000000
2707 -1385.0000000000
2722 -1382.0000000000
2742 -1380.0000000000
2750 -1375.0000000000
2872 -1369.0000000000
2927 -1368.0000000000
3054 -1362.0000000000
3204 -1357.0000000000
3409 -1350.0000000000
3426 -1343.0000000000
3442 -1337.0000000000
3481 -1335.0000000000
3490 -1331.0000000000
3546 -1329.0000000000
3548 -1328.0000000000
3698 -1321.0000000000
3825 -1319.0000000000
3913 -1300.0000000000
4029 -1299.0000000000
4041 -1298.0000000000
4053 -1297.0000000000
4135 -1295.0000000000
4185 -1293.0000000000
4215 -1289.0000000000
4301 -1286.0000000000
4324 -1285.0000000000
4332 -1281.0000000000
4340 -1273.0000000000
4409 -1272.0000000000
4414 -1264.0000000000
4492 -1261.0000000000
4503 -1258.0000000000
4607 -1255.0000000000
4627 -1249.0000000000
5033 -1245.0000000000
5400 -1244.0000000000
5788 -1239.0000000000
5934 -1236.0000000000
6101 -1235.0000000000
6770 -1230.0000000000
6852 -1227.0000000000
7188 -1218.0000000000
7208 -1215.0000000000
7350 -1214.0000000000
7381 -1204.0000000000
7487 -1203.0000000000
7583 -1199.0000000000
7725 -1198.0000000000
7779 -1196.0000000000
7902 -1193.0000000000
8057 -1192.0000000000
8093 -1188.0000000000
8118 -1185.0000000000
8766 -1183.0000000000
8988 -1181.0000000000
9162 -1179.0000000000
9250 -1178.0000000000
9695 -1176.0000000000
9808 -1175.0000000000
9841 -1167.0000000000
9987 -1166.0000000000
10010 -1209.0000000000
evaluations raw_y
1 -1966.0000000000
4 -1941.0000000000
5 -1933.0000000000
6 -1901.0000000000
35 -1884.0000000000
40 -1882.0000000000
44 -1862.0000000000
61 -1857.0000000000
93 -1851.0000000000
105 -1847.0000000000
113 -1846.0000000000
131 -1841.0000000000
136 -1824.0000000000
184 -1817.0000000000
200 -1801.0000000000
219 -1785.0000000000
266 -1771.0000000000
288 -1754.0000000000
315 -1739.0000000000
445 -1723.0000000000
602 -1705.0000000000
737 -1696.0000000000
825 -1687.0000000000
890 -1686.0000000000
960 -1682.0000000000
969 -1673.0000000000
994 -1664.0000000000
1024 -1652.0000000000
1109 -1648.0000000000
1113 -1647.0000000000
1139 -1645.0000000000
1177 -1636.0000000000
1209 -1632.0000000000
1218 -1625.0000000000
1234 -1607.0000000000
1246 -1604.0000000000
1353 -1597.0000000000
1386 -1593.0000000000
1423 -1586.0000000000
1455 -1584.0000000000
1481 -1579.0000000000
1484 -1576.0000000000
1501 -1568.0000000000
1528 -1565.0000000000
1530 -1551.0000000000
1552 -1549.0000000000
1562 -1544.0000000000
1568 -1537.0000000000
1632 -1533.0000000000
1668 -1532.0000000000
1672 -1530.0000000000
1678 -1526.0000000000
1720 -1520.0000000000
1727 -1509.0000000000
1737 -1508.0000000000
1764 -1503.0000000000
1772 -1499.0000000000
1798 -1498.0000000000
1808 -1488.0000000000
1845 -1482.0000000000
1882 -1470.0000000000
1943 -1469.0000000000
1949 -1466.0000000000
1958 -1464.0000000000
1976 -1452.0000000000
2043 -1447.0000000000
2105 -1437.0000000000
2210 -1434.0000000000
2217 -1428.0000000000
2246 -1422.0000000000
2278 -1421.0000000000
2283 -1414.0000000000
2372 -1409.0000000000
2385 -1395.0000000000
2458 -1387.0000000000
2467 -1384.0000000000
2494 -1383.0000000000
2509 -1382.0000000000
2557 -1375.0000000000
2659 -1372.0000000000
2694 -1369.0000000000
2736 -1362.0000000000
2851 -1360.0000000000
2890 -1359.0000000000
2894 -1357.0000000000
2904 -1356.0000000000
2917 -1350.0000000000
3111 -1340.0000000000
3130 -1337.0000000000
3183 -1332.0000000000
3258 -1330.0000000000
3341 -1329.0000000000
3379 -1324.0000000000
3402 -1322.0000000000
3705 -1320.0000000000
3732 -1319.0000000000
3856 -1312.0000000000
3969 -1305.0000000000
4026 -1304.0000000000
4132 -1303.0000000000
4273 -1301.0000000000
4289 -1296.0000000000
4395 -1295.0000000000
4529 -1289.0000000000
4685 -1284.0000000000
4733 -1275.0000000000
4842 -1274.0000000000
4866 -1268.0000000000
4881 -1266.0000000000
4937 -1263.0000000000
4959 -1262.0000000000
4993 -1252.0000000000
5579 -1251.0000000000
5814 -1245.0000000000
5858 -1232.0000000000
6452 -1230.0000000000
6634 -1228.0000000000
6755 -1227.0000000000
6872 -1226.0000000000
7013 -1225.0000000000
7030 -1220.0000000000
7187 -1217.0000000000
7261 -1208.0000000000
7281 -1202.0000000000
7313 -1201.0000000000
7346 -1199.0000000000
7526 -1198.0000000000
7677 -1190.0000000000
7698 -1186.0000000000
8014 -1180.0000000000
8190 -1176.0000000000
8703 -1175.0000000000
8763 -1171.0000000000
8975 -1166.0000000000
9055 -1154.0000000000
9803 -1153.0000000000
9805 -1151.0000000000
10010 -1167.0000000000
evaluations raw_y
1 -1987.0000000000
3 -1970.0000000000
4 -1931.0000000000
23 -1896.0000000000
45 -1877.0000000000
83 -1861.0000000000
95 -1854.0000000000
141 -1832.0000000000
172 -1821.0000000000
188 -1816.0000000000
203 -1794.0000000000
245 -1788.0000000000
271 -1776.0000000000
323 -1760.0000000000
351 -1757.0000000000
406 -1751.0000000000
432 -1734.0000000000
622 -1718.0000000000
703 -1709.0000000000
774 -1692.0000000000
836 -1689.0000000000
837 -1686.0000000000
936 -1670.0000000000
1021 -1657.0000000000
1038 -1656.0000000000
1048 -1653.0000000000
1102 -1649.0000000000
1167 -1643.0000000000
1237 -1636.0000000000
1246 -1633.0000000000
1250 -1627.0000000000
1270 -1620.0000000000
1271 -1616.0000000000
1292 -1605.0000000000
1318 -1603.0000000000
1379 -1599.0000000000
1390 -1597.0000000000
1406 -1591.0000000000
1441 -1586.0000000000
1483 -1576.0000000000
1542 -1569.0000000000
1546 -1564.0000000000
1563 -1559.0000000000
1586 -1548.0000000000
1597 -1546.0000000000
1638 -1544.0000000000
1654 -1530.0000000000
1673 -1527.0000000000
1730 -1521.0000000000
1745 -1519.0000000000
1770 -1517.0000000000
1777 -1507.0000000000
1816 -1504.0000000000
1819 -1501.0000000000
1822 -1499.0000000000
1847 -1496.0000000000
1862 -1488.0000000000
1871 -1486.0000000000
1877 -1467.0000000000
1944 -1466.0000000000
2013 -1465.0000000000
2021 -1456.0000000000
2138 -1453.0000000000
2145 -1450.0000000000
2161 -1442.0000000000
2184 -1441.0000000000
2190 -1435.0000000000
2222 -1432.0000000000
2249 -1430.0000000000
2292 -1426.0000000000
2311 -1423.0000000000
2355 -1421.0000000000
2390 -1416.0000000000
2425 -1412.0000000000
2508 -1408.0000000000
2526 -1400.0000000000
2539 -1398.0000000000
2572 -1395.0000000000
2605 -1394.0000000000
2629 -1391.0000000000
2633 -1384.0000000000
2670 -1382.0000000000
2685 -1378.0000000000
2688 -1377.0000000000
2704 -1368.0000000000
2820 -1363.0000000000
2923 -1355.0000000000
3000 -1350.0000000000
3344 -1349.0000000000
3398 -1345.0000000000
3430 -1344.0000000000
3559 -1342.0000000000
3740 -1337.0000000000
3769 -1336.0000000000
3823 -1335.0000000000
3889 -1322.0000000000
3945 -1318.0000000000
4003 -1315.0000000000
4005 -1313.0000000000
4020 -1311.0000000000
4207 -1305.0000000000
4229 -1301.0000000000
4317 -1300.0000000000
4332 -1295.0000000000
4534 -1290.0000000000
4667 -1287.0000000000
4765 -1286.0000000000
4770 -1272.0000000000
5191 -1266.0000000000
5331 -1264.0000000000
5369 -1259.0000000000
5397 -1256.0000000000
5619 -1255.0000000000
5802 -1254.0000000000
5838 -1251.0000000000
6439 -1242.0000000000
6592 -1241.0000000000
6689 -1238.0000000000
6946 -1231.0000000000
7015 -1227.0000000000
7431 -1221.0000000000
7610 -1214.0000000000
7764 -1211.0000000000
7794 -1210.0000000000
7982 -1209.0000000000
8023 -1207.0000000000
8025 -1204.0000000000
8042 -1202.0000000000
8154 -1198.0000000000
8200 -1192.0000000000
9676 -1186.0000000000
9909 -1185.0000000000
9956 -1183.0000000000
9966 -1178.0000000000
10010 -1204.0000000000
evaluations raw_y
1 -1974.0000000000
3 -1958.0000000000
5 -1951.0000000000
6 -1923.0000000000
25 -1909.0000000000
29 -1892.0000000000
78 -1877.0000000000
82 -1865.0000000000
89 -1864.0000000000
96 -1861.0000000000
104 -1860.0000000000
112 -1844.0000000000
146 -1831.0000000000
162 -1830.0000000000
173 -1829.0000000000
178 -1812.0000000000
189 -1808.0000000000
219 -1805.0000000000
225 -1803.0000000000
236 -1801.0000000000
256 -1800.0000000000
272 -1788.0000000000
275 -1785.0000000000
314 -1781.0000000000
328 -1769.0000000000
402 -1739.0000000000
478 -1733.0000000000
516 -1729.0000000000
561 -1722.0000000000
678 -1721.0000000000
725 -1711.0000000000
741 -1702.0000000000
832 -1698.0000000000
840 -1696.0000000000
901 -1680.0000000000
976 -1673.0000000000
1022 -1666.0000000000
1077 -1665.0000000000
1160 -1655.0000000000
1255 -1654.0000000000
1322 -1642.0000000000
1350 -1636.0000000000
1358 -1631.0000000000
1379 -1629.0000000000
1477 -1626.0000000000
1480 -1619.0000000000
1511 -1615.0000000000
1515 -1614.0000000000
1532 -1599.0000000000
1562 -1594.0000000000
1571 -1586.0000000000
1589 -1582.0000000000
1620 -1574.0000000000
1662 -1572.0000000000
1669 -1566.0000000000
1691 -1564.0000000000
1704 -1558.0000000000
1719 -1557.0000000000
1722 -1547.0000000000
1728 -1541.0000000000
1753 -1538.0000000000
1774 -1537.0000000000
1775 -1530.0000000000
1796 -1523.0000000000
1812 -1512.0000000000
1842 -1497.0000000000
1897 -1492.0000000000
1934 -1487.0000000000
1943 -1484.0000000000
1965 -1472.0000000000
1985 -1461.0000000000
2024 -1458.0000000000
2025 -1456.0000000000
2056 -1451.0000000000
2076 -1445.0000000000
2130 -1444.0000000000
2156 -1440.0000000000
2276 -1438.0000000000
2278 -1436.0000000000
2290 -1433.0000000000
2301 -1424.0000000000
2330 -1418.0000000000
2357 -1414.0000000000
2416 -1413.0000000000
2428 -1412.0000000000
2442 -1404.0000000000
2488 -1401.0000000000
2507 -1396.0000000000
2514 -1395.0000000000
2591 -1387.0000000000
2661 -1386.0000000000
2674 -1385.0000000000
2720 -1383.0000000000
2766 -1382.0000000000
2781 -1378.0000000000
2836 -1375.0000000000
2856 -1373.0000000000
2877 -1360.0000000000
2973 -1355.0000000000
2982 -1353.0000000000
3008 -1350.0000000000
3121 -1344.0000000000
3204 -1339.0000000000
3287 -1338.0000000000
3314 -1336.0000000000
3315 -1335.0000000000
3351 -1323.0000000000
3456 -1317.0000000000
3476 -1314.0000000000
3532 -1313.0000000000
3575 -1307.0000000000
3609 -1298.0000000000
3737 -1297.0000000000
3764 -1282.0000000000
3867 -1280.0000000000
3899 -1278.0000000000
3961 -1272.0000000000
4000 -1268.0000000000
4060 -1259.0000000000
4072 -1256.0000000000
4127 -1255.0000000000
4153 -1243.0000000000
4431 -1242.0000000000
4455 -1230.0000000000
4620 -1228.0000000000
5255 -1226.0000000000
5530 -1225.0000000000
5703 -1224.0000000000
5731 -1218.0000000000
6014 -1216.0000000000
6094 -1212.0000000000
6425 -1202.0000000000
6673 -1200.0000000000
6937 -1199.0000000000
7079 -1195.0000000000
7272 -1192.0000000000
7526 -1191.0000000000
7619 -1187.0000000000
7648 -1182.0000000000
7765 -1180.0000000000
8177 -1179.0000000000
8196 -1176.0000000000
8521 -1173.0000000000
9173 -1172.0000000000
9567 -1170.0000000000
9577 -1169.0000000000
9840 -1168.0000000000
9992 -1162.0000000000
10010 -1186.0000000000
