evaluations raw_y
1 -1176.0000000000
8 -1147.0000000000
25 -1050.0000000000
38 -933.0000000000
81 -913.0000000000
99 -874.0000000000
109 -846.0000000000
124 -807.0000000000
127 -797.0000000000
135 -689.0000000000
159 -543.0000000000
174 -514.0000000000
292 -505.0000000000
301 -504.0000000000
334 -486.0000000000
336 -485.0000000000
350 -447.0000000000
362 -388.0000000000
379 -379.0000000000
395 -350.0000000000
409 -340.0000000000
424 -320.0000000000
427 -301.0000000000
471 -291.0000000000
498 -252.0000000000
508 -242.0000000000
551 -224.0000000000
567 -204.0000000000
588 -185.0000000000
640 -167.0000000000
652 -156.0000000000
672 -137.0000000000
695 -127.0000000000
713 -118.0000000000
753 -109.0000000000
754 -100.0000000000
756 -90.0000000000
831 -80.0000000000
915 -71.0000000000
938 -52.0000000000
967 -43.0000000000
1010 -42.0000000000
1024 -32.0000000000
1032 -23.0000000000
1052 -15.0000000000
1115 -14.0000000000
1161 -13.0000000000
1178 -5.0000000000
1228 -4.0000000000
1300 -3.0000000000
1393 5.0000000000
1411 6.0000000000
1913 7.0000000000
2070 8.0000000000
2228 9.0000000000
100000 -39.0000000000
evaluations raw_y
1 -1674.0000000000
2 -1381.0000000000
7 -1059.0000000000
28 -884.0000000000
49 -817.0000000000
80 -729.0000000000
112 -671.0000000000
157 -651.0000000000
159 -631.0000000000
179 -603.0000000000
196 -573.0000000000
214 -563.0000000000
215 -534.0000000000
222 -408.0000000000
315 -398.0000000000
328 -388.0000000000
341 -379.0000000000
358 -252.0000000000
426 -243.0000000000
453 -233.0000000000
481 -223.0000000000
489 -175.0000000000
502 -155.0000000000
525 -147.0000000000
552 -137.0000000000
554 -99.0000000000
613 -89.0000000000
654 -60.0000000000
689 -51.0000000000
766 -42.0000000000
771 -33.0000000000
824 -32.0000000000
859 -23.0000000000
946 -14.0000000000
961 -13.0000000000
1052 -4.0000000000
1067 -3.0000000000
1194 -2.0000000000
1204 4.0000000000
1224 5.0000000000
1227 6.0000000000
1306 7.0000000000
1320 8.0000000000
1717 9.0000000000
100000 9.0000000000
evaluations raw_y
1 -1351.0000000000
4 -1215.0000000000
5 -914.0000000000
37 -796.0000000000
56 -748.0000000000
102 -739.0000000000
134 -738.0000000000
150 -553.0000000000
191 -388.0000000000
291 -379.0000000000
308 -311.0000000000
334 -253.0000000000
359 -204.0000000000
380 -156.0000000000
440 -147.0000000000
473 -127.0000000000
475 -118.0000000000
525 -109.0000000000
531 -80.0000000000
562 -41.0000000000
720 -32.0000000000
777 -23.0000000000
800 -22.0000000000
828 -13.0000000000
924 -12.0000000000
938 -3.0000000000
944 6.0000000000
1056 7.0000000000
100000 7.0000000000
evaluations raw_y
1 -1527.0000000000
2 -962.0000000000
17 -923.0000000000
28 -875.0000000000
66 -845.0000000000
90 -768.0000000000
134 -738.0000000000
196 -573.0000000000
197 -554.0000000000
260 -534.0000000000
277 -448.0000000000
290 -428.0000000000
306 -418.0000000000
336 -399.0000000000
356 -379.0000000000
371 -350.0000000000
397 -340.0000000000
400 -321.0000000000
424 -225.0000000000
523 -224.0000000000
532 -186.0000000000
604 -167.0000000000
632 -137.0000000000
636 -128.0000000000
677 -118.0000000000
705 -109.0000000000
800 -100.0000000000
864 -90.0000000000
888 -81.0000000000
892 -71.0000000000
937 -61.0000000000
963 -52.0000000000
1019 -33.0000000000
1067 -24.0000000000
1122 -15.0000000000
1219 -14.0000000000
1246 -6.0000000000
1276 -5.0000000000
1335 4.0000000000
1423 5.0000000000
1511 6.0000000000
1639 7.0000000000
2044 8.0000000000
100000 -31.0000000000
evaluations raw_y
1 -1420.0000000000
4 -1332.0000000000
5 -1020.0000000000
9 -991.0000000000
48 -806.0000000000
98 -679.0000000000
130 -670.0000000000
163 -641.0000000000
199 -592.0000000000
209 -534.0000000000
231 -524.0000000000
250 -486.0000000000
307 -437.0000000000
339 -428.0000000000
340 -388.0000000000
372 -301.0000000000
447 -292.0000000000
452 -282.0000000000
494 -253.0000000000
530 -243.0000000000
562 -224.0000000000
570 -214.0000000000
585 -185.0000000000
627 -175.0000000000
635 -156.0000000000
743 -137.0000000000
832 -118.0000000000
865 -99.0000000000
971 -80.0000000000
979 -70.0000000000
1031 -61.0000000000
1108 -52.0000000000
1266 -42.0000000000
1307 -33.0000000000
1323 -23.0000000000
1444 -14.0000000000
1510 -4.0000000000
1529 5.0000000000
1540 6.0000000000
1862 7.0000000000
2160 8.0000000000
23469 9.0000000000
23769 10.0000000000
100000 -48.0000000000
evaluations raw_y
1 -1420.0000000000
3 -1127.0000000000
5 -1039.0000000000
8 -953.0000000000
63 -952.0000000000
90 -865.0000000000
97 -825.0000000000
118 -767.0000000000
123 -758.0000000000
133 -748.0000000000
155 -708.0000000000
195 -642.0000000000
219 -563.0000000000
267 -534.0000000000
299 -515.0000000000
321 -448.0000000000
330 -428.0000000000
342 -379.0000000000
390 -263.0000000000
433 -234.0000000000
510 -205.0000000000
519 -196.0000000000
550 -176.0000000000
589 -128.0000000000
644 -118.0000000000
682 -99.0000000000
708 -80.0000000000
757 -79.0000000000
784 -70.0000000000
814 -51.0000000000
865 -32.0000000000
974 -22.0000000000
996 -13.0000000000
1024 -12.0000000000
1100 -3.0000000000
1147 6.0000000000
1297 7.0000000000
1415 8.0000000000
1806 9.0000000000
100000 9.0000000000
evaluations raw_y
1 -1371.0000000000
2 -1303.0000000000
10 -1030.0000000000
38 -1010.0000000000
42 -952.0000000000
44 -796.0000000000
90 -709.0000000000
124 -573.0000000000
208 -543.0000000000
225 -495.0000000000
264 -447.0000000000
267 -436.0000000000
282 -408.0000000000
297 -379.0000000000
343 -350.0000000000
345 -330.0000000000
354 -292.0000000000
414 -273.0000000000
426 -244.0000000000
505 -215.0000000000
521 -196.0000000000
529 -186.0000000000
566 -168.0000000000
599 -158.0000000000
605 -139.0000000000
639 -138.0000000000
679 -119.0000000000
686 -110.0000000000
715 -91.0000000000
735 -90.0000000000
757 -70.0000000000
848 -61.0000000000
861 -34.0000000000
932 -33.0000000000
960 -23.0000000000
999 -15.0000000000
1001 -14.0000000000
1048 -13.0000000000
1194 -12.0000000000
1213 -5.0000000000
1253 -4.0000000000
1257 -3.0000000000
1403 4.0000000000
1416 6.0000000000
1604 7.0000000000
2004 8.0000000000
100000 -89.0000000000
evaluations raw_y
1 -1401.0000000000
7 -1205.0000000000
30 -1186.0000000000
32 -1098.0000000000
33 -1011.0000000000
52 -981.0000000000
65 -952.0000000000
97 -583.0000000000
154 -563.0000000000
219 -515.0000000000
241 -505.0000000000
264 -485.0000000000
279 -476.0000000000
322 -456.0000000000
330 -379.0000000000
356 -321.0000000000
369 -301.0000000000
422 -292.0000000000
432 -283.0000000000
434 -282.0000000000
437 -253.0000000000
494 -205.0000000000
522 -195.0000000000
528 -185.0000000000
553 -176.0000000000
580 -157.0000000000
587 -147.0000000000
620 -146.0000000000
640 -137.0000000000
677 -127.0000000000
695 -99.0000000000
732 -79.0000000000
839 -70.0000000000
908 -51.0000000000
954 -50.0000000000
963 -42.0000000000
1014 -31.0000000000
1079 -23.0000000000
1114 -22.0000000000
1132 -13.0000000000
1152 -4.0000000000
1238 5.0000000000
1289 6.0000000000
1363 7.0000000000
1516 8.0000000000
100000 -11.0000000000
evaluations raw_y
1 -1595.0000000000
2 -1420.0000000000
3 -1303.0000000000
4 -972.0000000000
44 -962.0000000000
53 -855.0000000000
64 -817.0000000000
106 -690.0000000000
171 -661.0000000000
188 -632.0000000000
190 -631.0000000000
203 -534.0000000000
241 -505.0000000000
261 -389.0000000000
275 -369.0000000000
334 -351.0000000000
364 -331.0000000000
366 -311.0000000000
399 -282.0000000000
422 -224.0000000000
433 -196.0000000000
468 -185.0000000000
491 -167.0000000000
492 -166.0000000000
513 -129.0000000000
581 -108.0000000000
611 -70.0000000000
703 -61.0000000000
713 -42.0000000000
750 -33.0000000000
867 -24.0000000000
898 -15.0000000000
969 -6.0000000000
999 3.0000000000
1101 4.0000000000
1161 5.0000000000
1238 6.0000000000
1396 7.0000000000
1460 8.0000000000
2068 9.0000000000
100000 -30.0000000000
evaluations raw_y
1 -1498.0000000000
2 -1148.0000000000
16 -904.0000000000
79 -855.0000000000
97 -719.0000000000
188 -690.0000000000
198 -651.0000000000
236 -563.0000000000
238 -554.0000000000
264 -506.0000000000
312 -495.0000000000
316 -486.0000000000
318 -446.0000000000
336 -427.0000000000
347 -418.0000000000
368 -330.0000000000
418 -311.0000000000
420 -292.0000000000
506 -282.0000000000
515 -264.0000000000
529 -234.0000000000
570 -205.0000000000
608 -204.0000000000
644 -176.0000000000
647 -175.0000000000
684 -157.0000000000
732 -148.0000000000
738 -128.0000000000
751 -118.0000000000
778 -109.0000000000
781 -71.0000000000
879 -51.0000000000
915 -41.0000000000
925 -32.0000000000
981 -23.0000000000
1086 -14.0000000000
1109 -13.0000000000
1336 -4.0000000000
1410 -3.0000000000
1555 6.0000000000
1594 7.0000000000
1733 8.0000000000
100000 -31.0000000000
