evaluations raw_y
1 -287461.1000000000
3 -287257.1000000000
5 -287251.1000000000
6 -285415.1000000000
8 -285175.1000000000
9 -284051.1000000000
11 -283464.1000000000
12 -283108.1000000000
13 -282136.1000000000
14 -280366.1000000000
15 -279419.1000000000
18 -279048.1000000000
19 -278074.1000000000
22 -277484.1000000000
25 -276856.1000000000
26 -275678.1000000000
27 -274210.1000000000
31 -272366.1000000000
35 -271485.1000000000
39 -270744.1000000000
41 -269260.1000000000
49 -268780.1000000000
51 -267843.1000000000
53 -267518.1000000000
55 -266832.1000000000
57 -265062.1000000000
60 -264062.1000000000
61 -263103.1000000000
63 -262509.1000000000
65 -259617.1000000000
69 -258894.1000000000
71 -258071.1000000000
77 -258065.1000000000
92 -257429.1000000000
93 -257039.1000000000
100 -256706.1000000000
101 -256659.1000000000
102 -255433.1000000000
104 -253671.1000000000
106 -251343.1000000000
112 -250849.1000000000
115 -250089.1000000000
116 -249887.1000000000
118 -249808.1000000000
119 -248748.1000000000
124 -248296.1000000000
125 -247683.1000000000
127 -247327.1000000000
129 -246107.1000000000
131 -244599.1000000000
136 -240599.1000000000
142 -240238.1000000000
143 -238364.1000000000
144 -237731.1000000000
145 -236859.1000000000
146 -233967.1000000000
147 -233147.1000000000
149 -231959.1000000000
150 -229959.1000000000
153 -228587.1000000000
154 -228221.1000000000
157 -226719.1000000000
158 -225910.1000000000
162 -225810.1000000000
164 -223690.1000000000
168 -220759.1000000000
171 -220647.1000000000
173 -220447.1000000000
177 -219618.1000000000
178 -219208.1000000000
179 -218749.1000000000
180 -217799.1000000000
183 -217377.1000000000
185 -216402.1000000000
190 -215025.1000000000
194 -213505.1000000000
198 -210401.1000000000
205 -209839.1000000000
206 -206091.1000000000
218 -204611.1000000000
219 -202711.1000000000
221 -201778.1000000000
223 -201655.1000000000
224 -200009.1000000000
226 -199546.1000000000
229 -198860.1000000000
232 -198721.1000000000
234 -198566.1000000000
255 -198393.1000000000
266 -198145.1000000000
275 -197198.1000000000
276 -196456.1000000000
279 -196175.1000000000
281 -195399.1000000000
283 -194624.1000000000
289 -194310.1000000000
295 -192436.1000000000
297 -190592.1000000000
300 -190345.1000000000
302 -188302.1000000000
304 -187635.1000000000
326 -187235.1000000000
330 -186599.1000000000
332 -185421.1000000000
338 -185417.1000000000
340 -184480.1000000000
355 -184379.1000000000
360 -183913.1000000000
363 -182936.1000000000
368 -180125.1000000000
375 -178259.1000000000
384 -177337.1000000000
390 -175383.1000000000
396 -175181.1000000000
410 -174358.1000000000
432 -173514.1000000000
433 -172540.1000000000
437 -172230.1000000000
441 -170896.1000000000
446 -170128.1000000000
459 -169886.1000000000
463 -169212.1000000000
477 -169150.1000000000
493 -168746.1000000000
499 -167806.1000000000
507 -166444.1000000000
518 -162860.1000000000
520 -161999.1000000000
522 -160359.1000000000
532 24018.8193032317
535 24348.2380879688
546 24478.1843802155
557 24878.7501404299
570 24984.4328367549
649 25084.5602708968
757 25284.8175775212
771 25386.7016101582
10001 -163044.1000000000
evaluations raw_y
1 -272794.1000000000
4 -272700.1000000000
5 -270700.1000000000
6 -269966.1000000000
9 -269478.1000000000
10 -269267.1000000000
12 -268815.1000000000
13 -268613.1000000000
16 -267639.1000000000
18 -266819.1000000000
19 -265049.1000000000
20 -264326.1000000000
23 -262372.1000000000
24 -262215.1000000000
29 -260172.1000000000
35 -258450.1000000000
36 -256898.1000000000
37 -255608.1000000000
41 -254484.1000000000
47 -253537.1000000000
48 -250701.1000000000
52 -250012.1000000000
53 -249889.1000000000
54 -249479.1000000000
56 -248663.1000000000
59 -247437.1000000000
61 -247435.1000000000
67 -243851.1000000000
69 -242663.1000000000
74 -239907.1000000000
75 -238981.1000000000
78 -238700.1000000000
84 -238087.1000000000
86 -237716.1000000000
87 -236462.1000000000
88 -235558.1000000000
90 -234586.1000000000
104 -232134.1000000000
107 -231669.1000000000
112 -231663.1000000000
115 -231552.1000000000
116 -228108.1000000000
117 -227171.1000000000
119 -226804.1000000000
120 -223912.1000000000
122 -222578.1000000000
125 -222222.1000000000
126 -221247.1000000000
128 -220310.1000000000
129 -219823.1000000000
137 -219601.1000000000
139 -218624.1000000000
146 -217178.1000000000
151 -217147.1000000000
152 -216406.1000000000
154 -214904.1000000000
155 -214571.1000000000
157 -213393.1000000000
158 -211549.1000000000
161 -209675.1000000000
166 -208231.1000000000
167 -207407.1000000000
169 -206333.1000000000
177 -205647.1000000000
182 -205568.1000000000
185 -205082.1000000000
186 -204619.1000000000
195 -203445.1000000000
202 -201787.1000000000
209 -201193.1000000000
218 -200297.1000000000
222 -200266.1000000000
226 -198782.1000000000
232 -198330.1000000000
241 -196412.1000000000
243 -196172.1000000000
244 -194410.1000000000
247 -194162.1000000000
249 -193958.1000000000
268 -193758.1000000000
269 -193585.1000000000
275 -192958.1000000000
287 -191984.1000000000
289 -191504.1000000000
290 -190681.1000000000
293 -189905.1000000000
294 -189343.1000000000
296 -187927.1000000000
297 -186309.1000000000
298 -185942.1000000000
300 -185220.1000000000
311 -184973.1000000000
312 -184150.1000000000
314 -183825.1000000000
315 -183189.1000000000
332 -182499.1000000000
359 -182311.1000000000
362 -181133.1000000000
365 -180743.1000000000
369 -176743.1000000000
381 -175821.1000000000
399 -175135.1000000000
400 -173667.1000000000
402 -173301.1000000000
403 -172771.1000000000
407 -169767.1000000000
408 -168513.1000000000
415 -167632.1000000000
421 -163884.1000000000
433 -161736.1000000000
456 -161635.1000000000
462 -160335.1000000000
469 23659.3657600021
471 23973.2676165968
472 24351.0605711055
473 24781.4998074442
479 24920.1471139986
482 25079.5898038153
599 25480.8037225622
660 25583.3926992255
663 25783.9928342155
676 25886.5598318471
1403 26087.1572158484
10001 -161297.1000000000
evaluations raw_y
1 -280542.1000000000
2 -279605.1000000000
5 -278085.1000000000
9 -277189.1000000000
10 -276009.1000000000
17 -275193.1000000000
24 -274734.1000000000
25 -274000.1000000000
26 -272822.1000000000
27 -272452.1000000000
29 -271534.1000000000
30 -271323.1000000000
31 -269437.1000000000
32 -268019.1000000000
33 -267908.1000000000
36 -265152.1000000000
41 -264532.1000000000
49 -263610.1000000000
52 -262384.1000000000
53 -261921.1000000000
55 -261231.1000000000
56 -260864.1000000000
57 -260493.1000000000
59 -260030.1000000000
60 -259544.1000000000
61 -257424.1000000000
62 -255778.1000000000
63 -255370.1000000000
64 -254396.1000000000
66 -253645.1000000000
67 -252177.1000000000
68 -251896.1000000000
70 -251648.1000000000
71 -249694.1000000000
72 -248750.1000000000
75 -247803.1000000000
76 -247114.1000000000
77 -247112.1000000000
79 -246690.1000000000
80 -245881.1000000000
85 -245429.1000000000
87 -245025.1000000000
89 -244463.1000000000
90 -244071.1000000000
91 -243831.1000000000
102 -242541.1000000000
110 -242297.1000000000
111 -239005.1000000000
116 -238181.1000000000
121 -236927.1000000000
122 -236204.1000000000
123 -232888.1000000000
124 -232202.1000000000
125 -230358.1000000000
126 -229421.1000000000
129 -228121.1000000000
130 -227188.1000000000
133 -225636.1000000000
138 -225275.1000000000
139 -223409.1000000000
141 -222687.1000000000
143 -219888.1000000000
146 -219027.1000000000
149 -217801.1000000000
150 -216978.1000000000
151 -214618.1000000000
153 -212744.1000000000
154 -212094.1000000000
159 -211250.1000000000
160 -210827.1000000000
168 -210502.1000000000
169 -210102.1000000000
171 -209979.1000000000
175 -206875.1000000000
179 -204423.1000000000
188 -204311.1000000000
198 -203919.1000000000
199 -203453.1000000000
201 -202279.1000000000
205 -200405.1000000000
212 -199637.1000000000
217 -198893.1000000000
221 -197131.1000000000
222 -196637.1000000000
227 -195129.1000000000
229 -194300.1000000000
237 -192456.1000000000
239 -191078.1000000000
242 -190336.1000000000
247 -190305.1000000000
255 -189245.1000000000
258 -187761.1000000000
259 -187395.1000000000
260 -187294.1000000000
261 -187238.1000000000
264 -186644.1000000000
265 -185821.1000000000
272 -185046.1000000000
280 -183146.1000000000
284 -181892.1000000000
290 -181218.1000000000
292 -181063.1000000000
293 -178801.1000000000
296 -176425.1000000000
300 -176419.1000000000
303 -175482.1000000000
308 -174510.1000000000
309 -174410.1000000000
310 -172964.1000000000
312 -172377.1000000000
356 -171557.1000000000
360 -170111.1000000000
382 -169483.1000000000
385 -169008.1000000000
386 -168233.1000000000
395 -166463.1000000000
403 -166126.1000000000
404 -165493.1000000000
417 -164419.1000000000
423 -163830.1000000000
447 -163054.1000000000
457 -161552.1000000000
483 -160907.1000000000
485 -160173.1000000000
492 21423.6552503362
493 21949.1982177030
494 22219.7422872260
495 22515.2330330161
496 23031.6813554045
502 23471.2270393425
506 23590.4102022832
562 23691.6236243180
629 24091.4842427273
725 24291.4106340631
732 24491.3374870184
10001 -160255.1000000000
evaluations raw_y
1 -272596.1000000000
2 -272186.1000000000
3 -271006.1000000000
4 -270121.1000000000
5 -268941.1000000000
8 -267179.1000000000
9 -266757.1000000000
10 -266167.1000000000
14 -265967.1000000000
17 -264415.1000000000
18 -263239.1000000000
19 -262378.1000000000
20 -261152.1000000000
21 -260164.1000000000
22 -258246.1000000000
24 -258135.1000000000
28 -257163.1000000000
29 -255785.1000000000
31 -255197.1000000000
32 -253943.1000000000
33 -253499.1000000000
34 -253174.1000000000
39 -251528.1000000000
40 -249634.1000000000
41 -249534.1000000000
42 -246951.1000000000
44 -245977.1000000000
45 -244751.1000000000
51 -244639.1000000000
52 -243917.1000000000
55 -243669.1000000000
56 -242011.1000000000
57 -240677.1000000000
59 -240522.1000000000
60 -239648.1000000000
61 -239617.1000000000
64 -238849.1000000000
66 -238182.1000000000
68 -236542.1000000000
71 -236181.1000000000
72 -235437.1000000000
75 -232626.1000000000
79 -232255.1000000000
83 -231667.1000000000
84 -229519.1000000000
85 -227757.1000000000
87 -227170.1000000000
88 -227108.1000000000
89 -226034.1000000000
94 -225877.1000000000
95 -225165.1000000000
97 -225026.1000000000
101 -224100.1000000000
104 -223280.1000000000
109 -222526.1000000000
110 -222324.1000000000
113 -221679.1000000000
115 -221066.1000000000
119 -217774.1000000000
120 -217303.1000000000
122 -215437.1000000000
127 -215047.1000000000
129 -212155.1000000000
130 -211680.1000000000
131 -210851.1000000000
141 -207103.1000000000
145 -206199.1000000000
153 -205894.1000000000
154 -204448.1000000000
156 -204446.1000000000
162 -203069.1000000000
164 -202507.1000000000
169 -201826.1000000000
172 -198934.1000000000
180 -198723.1000000000
181 -197907.1000000000
185 -197507.1000000000
208 -196887.1000000000
215 -195940.1000000000
218 -195131.1000000000
219 -194194.1000000000
221 -193804.1000000000
222 -193692.1000000000
224 -193551.1000000000
226 -193550.1000000000
232 -193098.1000000000
243 -192408.1000000000
244 -191943.1000000000
245 -191253.1000000000
263 -189751.1000000000
274 -187797.1000000000
284 -187766.1000000000
292 -184018.1000000000
293 -183194.1000000000
304 -182632.1000000000
307 -181923.1000000000
339 -181183.1000000000
341 -181060.1000000000
346 -179580.1000000000
367 -179188.1000000000
381 -178502.1000000000
386 -177328.1000000000
388 -175000.1000000000
423 -174718.1000000000
442 -173744.1000000000
461 -172921.1000000000
467 -172198.1000000000
469 -170898.1000000000
477 -168538.1000000000
518 -167864.1000000000
520 -167624.1000000000
523 -165750.1000000000
528 -163980.1000000000
562 -163733.1000000000
569 -162837.1000000000
577 -161547.1000000000
580 21420.1492911759
582 21485.2778464590
584 21785.4465761245
585 22104.7624133423
591 22204.5169942630
607 22264.9138924735
609 22394.0066663819
610 22528.2097209516
611 22887.5543199776
632 22975.8987489467
646 23062.0459120912
654 23066.7357960705
658 23386.2477014272
659 23427.3514889772
726 23526.9088629268
756 23725.8351841150
759 23801.0630405232
804 23826.7717863950
805 24263.6587589742
806 24493.8613996686
807 24555.0931212751
879 24568.6291320635
880 24586.6275934538
906 24985.4183026627
916 25066.0262465738
1001 25130.1899807635
1025 25138.3030067524
1029 25238.8236284321
1030 25261.9188532804
1039 25361.5747015496
1080 25560.8881952483
1104 25626.5999229166
1339 25804.4335485955
1485 25845.9806467241
1489 26050.8871395745
2818 26053.8046176766
2819 26077.3585846144
10001 -160218.1000000000
evaluations raw_y
1 -267118.1000000000
4 -266916.1000000000
5 -265995.1000000000
6 -265933.1000000000
7 -264633.1000000000
8 -264263.1000000000
24 -263726.1000000000
25 -263479.1000000000
28 -262011.1000000000
33 -261236.1000000000
34 -260461.1000000000
35 -260349.1000000000
37 -256349.1000000000
39 -256249.1000000000
41 -255375.1000000000
42 -254786.1000000000
44 -253868.1000000000
47 -253862.1000000000
48 -253750.1000000000
49 -253069.1000000000
50 -252095.1000000000
51 -251749.1000000000
53 -250103.1000000000
54 -249381.1000000000
58 -248207.1000000000
59 -247521.1000000000
67 -245751.1000000000
71 -245441.1000000000
73 -245108.1000000000
75 -244546.1000000000
82 -244136.1000000000
87 -243910.1000000000
89 -242836.1000000000
90 -240000.1000000000
96 -239026.1000000000
101 -237256.1000000000
103 -236447.1000000000
104 -235967.1000000000
106 -234677.1000000000
109 -234115.1000000000
110 -233381.1000000000
111 -232605.1000000000
118 -231658.1000000000
126 -231187.1000000000
127 -230577.1000000000
129 -230216.1000000000
133 -229507.1000000000
134 -229117.1000000000
136 -228527.1000000000
137 -226887.1000000000
142 -226064.1000000000
144 -225708.1000000000
147 -224836.1000000000
151 -222936.1000000000
153 -222732.1000000000
157 -222559.1000000000
159 -220941.1000000000
163 -218489.1000000000
165 -216609.1000000000
169 -216217.1000000000
171 -216138.1000000000
181 -214766.1000000000
189 -213282.1000000000
192 -212669.1000000000
195 -212332.1000000000
196 -212050.1000000000
207 -211221.1000000000
215 -207473.1000000000
216 -204890.1000000000
219 -204254.1000000000
220 -203810.1000000000
221 -200879.1000000000
223 -200119.1000000000
225 -198673.1000000000
226 -194901.1000000000
229 -194234.1000000000
230 -193390.1000000000
231 -191524.1000000000
232 -191430.1000000000
241 -190718.1000000000
255 -190098.1000000000
261 -187299.1000000000
262 -186836.1000000000
264 -186340.1000000000
266 -185368.1000000000
267 -185126.1000000000
270 -182238.1000000000
278 -180822.1000000000
280 -180292.1000000000
300 -178846.1000000000
303 -177670.1000000000
320 -177345.1000000000
325 -177245.1000000000
328 -175867.1000000000
340 -175645.1000000000
345 -175278.1000000000
349 -173776.1000000000
360 -170772.1000000000
370 -170382.1000000000
375 -169606.1000000000
382 -167652.1000000000
392 -166100.1000000000
393 -165359.1000000000
404 -164896.1000000000
419 -162019.1000000000
421 -161425.1000000000
424 -160691.1000000000
451 -159968.1000000000
471 22256.3518632369
480 22459.4302736665
483 22558.2554284793
493 22655.8736021227
496 22755.7884917993
501 22939.4176603759
536 23139.0682021272
544 23235.4038685182
626 23435.0198598382
757 23834.2481841938
835 23935.0656564010
10001 -161117.1000000000
evaluations raw_y
1 -277514.1000000000
2 -276336.1000000000
3 -275002.1000000000
4 -274369.1000000000
5 -274269.1000000000
6 -273903.1000000000
7 -273423.1000000000
9 -272734.1000000000
10 -271890.1000000000
11 -271828.1000000000
12 -271087.1000000000
13 -268635.1000000000
15 -268330.1000000000
17 -264790.1000000000
19 -263172.1000000000
21 -262349.1000000000
23 -260847.1000000000
25 -260395.1000000000
26 -260147.1000000000
29 -259413.1000000000
31 -257643.1000000000
34 -257417.1000000000
35 -257244.1000000000
39 -256779.1000000000
42 -256389.1000000000
43 -256387.1000000000
46 -255995.1000000000
47 -255407.1000000000
48 -254229.1000000000
57 -250457.1000000000
59 -250302.1000000000
60 -248466.1000000000
62 -247972.1000000000
65 -246554.1000000000
67 -245682.1000000000
68 -245219.1000000000
72 -242639.1000000000
74 -241692.1000000000
76 -239109.1000000000
78 -238135.1000000000
80 -237274.1000000000
81 -236302.1000000000
86 -235902.1000000000
88 -235257.1000000000
92 -234481.1000000000
94 -232823.1000000000
96 -232196.1000000000
97 -231568.1000000000
98 -230856.1000000000
99 -230852.1000000000
101 -230751.1000000000
102 -228981.1000000000
104 -228034.1000000000
105 -225658.1000000000
112 -225302.1000000000
113 -225296.1000000000
119 -223996.1000000000
122 -223024.1000000000
123 -221302.1000000000
124 -220473.1000000000
131 -219005.1000000000
133 -218230.1000000000
134 -217414.1000000000
140 -217302.1000000000
143 -216682.1000000000
144 -215973.1000000000
145 -215773.1000000000
147 -215211.1000000000
156 -214930.1000000000
157 -213486.1000000000
160 -210609.1000000000
162 -210276.1000000000
165 -206984.1000000000
166 -206497.1000000000
172 -206275.1000000000
174 -206136.1000000000
180 -205728.1000000000
182 -205276.1000000000
186 -204301.1000000000
187 -201502.1000000000
192 -201391.1000000000
197 -199517.1000000000
200 -199146.1000000000
202 -198958.1000000000
205 -198369.1000000000
215 -195917.1000000000
225 -195547.1000000000
227 -192655.1000000000
238 -191734.1000000000
242 -191612.1000000000
247 -190424.1000000000
248 -189682.1000000000
250 -187920.1000000000
252 -184604.1000000000
258 -184267.1000000000
267 -183673.1000000000
271 -183426.1000000000
279 -182603.1000000000
286 -182015.1000000000
292 -181485.1000000000
298 -181062.1000000000
307 -179836.1000000000
312 -179146.1000000000
323 -175398.1000000000
327 -173278.1000000000
328 -172524.1000000000
331 -172477.1000000000
333 -171827.1000000000
339 -171715.1000000000
353 -171102.1000000000
363 -170358.1000000000
366 -169534.1000000000
367 -168088.1000000000
399 -167402.1000000000
416 -167198.1000000000
417 -166317.1000000000
419 -165432.1000000000
429 -165309.1000000000
449 -163517.1000000000
460 -162015.1000000000
465 -161936.1000000000
482 -160959.1000000000
495 -160592.1000000000
497 23561.0848416305
498 24546.2089945154
500 25170.4586535517
505 25730.5753342341
518 25830.9226379281
520 25943.0964947797
533 26046.0724280694
572 26162.6047482681
630 26265.4943877035
676 26466.1430082090
739 26867.4393348035
925 27068.0869683741
10001 -161387.1000000000
evaluations raw_y
1 -268199.1000000000
2 -267019.1000000000
3 -266777.1000000000
4 -266467.1000000000
6 -264705.1000000000
7 -264517.1000000000
8 -262859.1000000000
15 -262655.1000000000
17 -262118.1000000000
18 -259014.1000000000
19 -256126.1000000000
21 -255760.1000000000
22 -255274.1000000000
24 -254687.1000000000
27 -254297.1000000000
28 -253553.1000000000
30 -253453.1000000000
34 -252535.1000000000
36 -251781.1000000000
38 -251456.1000000000
39 -251355.1000000000
40 -250418.1000000000
42 -249441.1000000000
43 -247567.1000000000
45 -247319.1000000000
47 -247208.1000000000
49 -247206.1000000000
54 -246431.1000000000
56 -245843.1000000000
57 -245451.1000000000
59 -244857.1000000000
60 -243135.1000000000
61 -242962.1000000000
66 -242625.1000000000
68 -240363.1000000000
70 -239674.1000000000
72 -237756.1000000000
73 -236580.1000000000
75 -235913.1000000000
76 -235137.1000000000
78 -234276.1000000000
81 -232986.1000000000
83 -231760.1000000000
89 -231352.1000000000
92 -230478.1000000000
93 -230122.1000000000
95 -229182.1000000000
97 -227810.1000000000
100 -226326.1000000000
102 -224964.1000000000
105 -224020.1000000000
106 -223269.1000000000
107 -223190.1000000000
108 -221236.1000000000
109 -220550.1000000000
112 -219654.1000000000
115 -219598.1000000000
116 -218220.1000000000
120 -216930.1000000000
121 -215956.1000000000
125 -215476.1000000000
126 -211728.1000000000
128 -210905.1000000000
130 -209955.1000000000
133 -209729.1000000000
138 -208283.1000000000
139 -208171.1000000000
143 -207543.1000000000
145 -206369.1000000000
150 -204723.1000000000
154 -204313.1000000000
156 -203392.1000000000
164 -202718.1000000000
166 -202255.1000000000
167 -200369.1000000000
168 -197477.1000000000
170 -196743.1000000000
175 -196093.1000000000
176 -194905.1000000000
187 -194683.1000000000
192 -194283.1000000000
198 -193411.1000000000
201 -192489.1000000000
202 -192367.1000000000
204 -191379.1000000000
206 -189739.1000000000
207 -188293.1000000000
226 -187799.1000000000
232 -187793.1000000000
233 -186793.1000000000
246 -186053.1000000000
249 -184799.1000000000
251 -183573.1000000000
254 -183102.1000000000
306 -182143.1000000000
316 -181721.1000000000
344 -181477.1000000000
345 -181144.1000000000
356 -180172.1000000000
360 -180078.1000000000
397 -177930.1000000000
405 -177207.1000000000
409 -175830.1000000000
412 -175217.1000000000
436 -172286.1000000000
442 -171724.1000000000
443 -169555.1000000000
456 -168618.1000000000
471 -166774.1000000000
479 -165222.1000000000
483 -161474.1000000000
486 -160651.1000000000
508 -160404.1000000000
516 -160402.1000000000
541 21600.2728772071
555 21774.2371592998
566 21866.2919322885
568 21956.5538134577
573 21994.2342114746
574 22055.9893413618
576 22063.4389538284
583 22121.0967302660
588 22218.6545288610
712 22417.7887665336
718 22442.0995722567
719 22517.7551146210
724 22580.0114701076
739 22622.6125007619
741 22674.2063656492
763 22775.4082348491
768 22875.0129662769
792 23005.5611291741
803 23403.9255315673
832 23408.5491505782
837 23763.7033986374
839 23812.4317338482
883 23838.9889476873
899 23880.3103835316
907 23883.6326823004
917 23910.7405431617
919 24058.5787305092
924 24363.6091035419
926 24563.1356257414
968 24597.1257385462
984 24698.2751657387
10001 -161867.1000000000
evaluations raw_y
1 -276305.1000000000
2 -275615.1000000000
4 -272723.1000000000
9 -271545.1000000000
10 -270623.1000000000
14 -270342.1000000000
17 -269398.1000000000
18 -268108.1000000000
19 -264108.1000000000
21 -263951.1000000000
22 -262777.1000000000
24 -262472.1000000000
25 -261539.1000000000
27 -261295.1000000000
28 -260939.1000000000
29 -260739.1000000000
30 -260251.1000000000
32 -259884.1000000000
33 -259322.1000000000
37 -258493.1000000000
40 -258156.1000000000
43 -257336.1000000000
47 -255718.1000000000
48 -255516.1000000000
52 -254741.1000000000
57 -254530.1000000000
58 -253609.1000000000
59 -252786.1000000000
62 -252196.1000000000
65 -250426.1000000000
71 -248508.1000000000
75 -246716.1000000000
86 -244830.1000000000
87 -244107.1000000000
89 -243740.1000000000
92 -243112.1000000000
94 -242485.1000000000
95 -240839.1000000000
96 -240226.1000000000
97 -239286.1000000000
98 -238800.1000000000
99 -238377.1000000000
101 -238151.1000000000
105 -237192.1000000000
109 -236945.1000000000
110 -236122.1000000000
114 -235785.1000000000
115 -235460.1000000000
117 -235050.1000000000
118 -234877.1000000000
119 -234054.1000000000
122 -232676.1000000000
124 -231967.1000000000
126 -231017.1000000000
131 -230537.1000000000
136 -226765.1000000000
143 -225475.1000000000
144 -224830.1000000000
147 -223190.1000000000
150 -221324.1000000000
151 -219772.1000000000
153 -219362.1000000000
154 -218618.1000000000
156 -218587.1000000000
160 -218446.1000000000
162 -218242.1000000000
165 -217520.1000000000
166 -215372.1000000000
170 -213870.1000000000
187 -212108.1000000000
188 -209004.1000000000
189 -207524.1000000000
191 -206298.1000000000
192 -203294.1000000000
196 -203194.1000000000
197 -202217.1000000000
206 -201037.1000000000
208 -200156.1000000000
210 -199396.1000000000
222 -199390.1000000000
224 -196810.1000000000
227 -195925.1000000000
229 -193549.1000000000
230 -190738.1000000000
231 -190346.1000000000
237 -190120.1000000000
238 -189878.1000000000
248 -189767.1000000000
250 -187923.1000000000
254 -187567.1000000000
259 -186620.1000000000
267 -186287.1000000000
268 -185793.1000000000
281 -184291.1000000000
301 -181492.1000000000
303 -181210.1000000000
307 -180456.1000000000
312 -179236.1000000000
317 -178310.1000000000
322 -177944.1000000000
325 -177193.1000000000
327 -175821.1000000000
329 -175201.1000000000
334 -174425.1000000000
352 -171669.1000000000
360 -169907.1000000000
372 -168387.1000000000
382 -167774.1000000000
384 -167138.1000000000
386 -163390.1000000000
394 -163289.1000000000
403 -162314.1000000000
405 -161678.1000000000
420 -160260.1000000000
422 24691.8137731591
423 24820.3000708195
430 25050.4521363955
471 25153.9141264087
490 25554.1576002103
496 25754.2754703647
508 25855.4417652112
524 25958.2710832105
10001 -161695.1000000000
evaluations raw_y
1 -286484.1000000000
2 -284762.1000000000
3 -284562.1000000000
4 -282393.1000000000
5 -281907.1000000000
6 -280974.1000000000
7 -278175.1000000000
12 -276875.1000000000
13 -276673.1000000000
14 -275383.1000000000
15 -274993.1000000000
18 -274184.1000000000
23 -273364.1000000000
24 -271724.1000000000
26 -271272.1000000000
27 -271241.1000000000
34 -270560.1000000000
36 -270558.1000000000
37 -268515.1000000000
39 -268436.1000000000
40 -268070.1000000000
42 -268008.1000000000
45 -266674.1000000000
49 -266486.1000000000
52 -265196.1000000000
53 -263942.1000000000
54 -263716.1000000000
56 -261762.1000000000
57 -260144.1000000000
58 -258144.1000000000
61 -254560.1000000000
63 -254419.1000000000
65 -253696.1000000000
66 -253244.1000000000
67 -251370.1000000000
68 -249868.1000000000
69 -249117.1000000000
70 -248294.1000000000
76 -244294.1000000000
79 -244182.1000000000
80 -242698.1000000000
81 -242008.1000000000
84 -241420.1000000000
86 -240924.1000000000
87 -240190.1000000000
91 -239446.1000000000
99 -237602.1000000000
104 -236156.1000000000
105 -234968.1000000000
109 -233788.1000000000
111 -232892.1000000000
112 -230630.1000000000
113 -230259.1000000000
115 -228779.1000000000
116 -228242.1000000000
120 -228141.1000000000
122 -227198.1000000000
139 -227041.1000000000
140 -224461.1000000000
141 -222625.1000000000
151 -221884.1000000000
153 -221412.1000000000
158 -221107.1000000000
161 -220770.1000000000
165 -218876.1000000000
173 -217458.1000000000
182 -215688.1000000000
185 -213328.1000000000
186 -212354.1000000000
191 -208606.1000000000
193 -208600.1000000000
195 -208192.1000000000
196 -206684.1000000000
199 -203792.1000000000
201 -203179.1000000000
210 -202787.1000000000
211 -201267.1000000000
217 -200875.1000000000
221 -200001.1000000000
227 -199753.1000000000
232 -198251.1000000000
243 -197390.1000000000
247 -194074.1000000000
252 -193454.1000000000
256 -193087.1000000000
258 -192311.1000000000
260 -191588.1000000000
261 -190120.1000000000
264 -189297.1000000000
265 -188297.1000000000
269 -187927.1000000000
273 -186980.1000000000
278 -186220.1000000000
282 -185761.1000000000
283 -185338.1000000000
284 -184725.1000000000
291 -183391.1000000000
296 -182213.1000000000
298 -181033.1000000000
303 -180293.1000000000
309 -179477.1000000000
319 -178791.1000000000
320 -178580.1000000000
325 -178378.1000000000
337 -177751.1000000000
351 -176199.1000000000
352 -175959.1000000000
370 -175957.1000000000
372 -173146.1000000000
385 -171500.1000000000
401 -168612.1000000000
418 -167438.1000000000
419 -166498.1000000000
430 -165675.1000000000
432 -164941.1000000000
445 -163041.1000000000
455 23356.3569203672
464 23448.0827586933
474 23647.8213419228
499 23748.8323582778
512 23948.5033401348
538 24049.5071928976
618 24448.8317380914
1400 24548.6604566428
10001 -160552.1000000000
evaluations raw_y
1 -268453.1000000000
2 -266001.1000000000
4 -262461.1000000000
5 -261473.1000000000
6 -261362.1000000000
7 -260772.1000000000
8 -260770.1000000000
10 -258896.1000000000
11 -258486.1000000000
13 -257777.1000000000
14 -257746.1000000000
15 -257258.1000000000
20 -254254.1000000000
21 -253846.1000000000
27 -253371.1000000000
31 -253183.1000000000
34 -251675.1000000000
35 -249953.1000000000
38 -249279.1000000000
44 -248593.1000000000
45 -248183.1000000000
47 -246339.1000000000
48 -244547.1000000000
50 -242681.1000000000
52 -242314.1000000000
54 -240396.1000000000
56 -238894.1000000000
59 -238033.1000000000
62 -237289.1000000000
63 -235027.1000000000
67 -234285.1000000000
69 -233975.1000000000
70 -233362.1000000000
73 -230258.1000000000
76 -229498.1000000000
77 -228278.1000000000
78 -225950.1000000000
85 -225362.1000000000
88 -224903.1000000000
92 -224214.1000000000
93 -222924.1000000000
98 -220755.1000000000
99 -219097.1000000000
102 -218871.1000000000
104 -218096.1000000000
106 -216762.1000000000
107 -215588.1000000000
108 -214655.1000000000
117 -213988.1000000000
121 -213617.1000000000
122 -213538.1000000000
124 -213459.1000000000
125 -212994.1000000000
132 -211768.1000000000
133 -211346.1000000000
134 -210372.1000000000
139 -209649.1000000000
140 -208712.1000000000
142 -207944.1000000000
143 -207018.1000000000
144 -206538.1000000000
145 -205358.1000000000
150 -204408.1000000000
153 -204018.1000000000
158 -203672.1000000000
163 -203461.1000000000
171 -202851.1000000000
172 -202100.1000000000
180 -200220.1000000000
184 -199683.1000000000
185 -199528.1000000000
192 -199056.1000000000
193 -197576.1000000000
196 -196286.1000000000
200 -196186.1000000000
204 -194718.1000000000
206 -193909.1000000000
208 -193086.1000000000
210 -192436.1000000000
213 -192380.1000000000
214 -191440.1000000000
217 -188641.1000000000
218 -187812.1000000000
223 -186172.1000000000
241 -184554.1000000000
242 -183941.1000000000
248 -183741.1000000000
252 -182295.1000000000
263 -179403.1000000000
267 -178816.1000000000
268 -177993.1000000000
272 -177549.1000000000
278 -177216.1000000000
279 -177077.1000000000
281 -175233.1000000000
284 -174337.1000000000
286 -173947.1000000000
316 -171059.1000000000
327 -169687.1000000000
335 -169224.1000000000
353 -168635.1000000000
374 -167189.1000000000
379 -166884.1000000000
382 -166517.1000000000
383 -166065.1000000000
388 -163482.1000000000
391 -161646.1000000000
393 -160162.1000000000
394 23173.6388305611
395 23275.4348524924
398 23445.2476673151
403 23510.8455459027
436 23610.7686616012
485 23779.5589623855
532 23978.7975296603
573 24078.3429982410
627 24277.5698384746
666 24312.8470141617
669 24386.3326029379
672 24577.3010160825
674 24775.8154165490
736 24875.5001871275
744 24943.4536054471
951 24968.9448331110
952 25185.7343750710
961 25274.4250061462
1019 25364.8393990697
1219 25367.4094746021
1222 25732.6479455404
1223 25797.3535946215
1543 25890.1052907868
1758 26288.9718581698
10001 26094.9176825282
evaluations raw_y
1 -283458.1000000000
3 -282690.1000000000
5 -282488.1000000000
6 -281310.1000000000
7 -280838.1000000000
8 -280063.1000000000
9 -278729.1000000000
11 -278482.1000000000
12 -278341.1000000000
13 -277713.1000000000
15 -276073.1000000000
16 -274783.1000000000
17 -274049.1000000000
19 -273807.1000000000
20 -272627.1000000000
21 -272548.1000000000
22 -270996.1000000000
23 -270691.1000000000
25 -267587.1000000000
26 -266628.1000000000
27 -265144.1000000000
30 -264900.1000000000
33 -263398.1000000000
35 -262461.1000000000
36 -261518.1000000000
40 -260829.1000000000
42 -260492.1000000000
43 -258116.1000000000
47 -257172.1000000000
48 -256438.1000000000
49 -255715.1000000000
51 -255006.1000000000
52 -254029.1000000000
53 -250029.1000000000
56 -248855.1000000000
59 -247731.1000000000
63 -246781.1000000000
64 -246448.1000000000
66 -245508.1000000000
68 -244136.1000000000
69 -242182.1000000000
73 -241321.1000000000
74 -238738.1000000000
76 -237962.1000000000
79 -236494.1000000000
80 -235900.1000000000
83 -235250.1000000000
87 -234764.1000000000
88 -233883.1000000000
89 -232437.1000000000
92 -231748.1000000000
93 -231112.1000000000
96 -230292.1000000000
97 -228570.1000000000
98 -228322.1000000000
100 -227702.1000000000
104 -226942.1000000000
105 -226070.1000000000
109 -223901.1000000000
110 -223778.1000000000
114 -222806.1000000000
121 -222326.1000000000
125 -221955.1000000000
128 -221551.1000000000
135 -220728.1000000000
139 -220540.1000000000
145 -220174.1000000000
161 -218797.1000000000
162 -215049.1000000000
164 -214659.1000000000
166 -214196.1000000000
167 -213786.1000000000
169 -213419.1000000000
174 -209975.1000000000
176 -207176.1000000000
182 -207076.1000000000
184 -204496.1000000000
186 -204129.1000000000
189 -203519.1000000000
191 -203308.1000000000
195 -202371.1000000000
200 -201963.1000000000
202 -201282.1000000000
203 -201188.1000000000
212 -200883.1000000000
219 -200346.1000000000
224 -199346.1000000000
226 -198881.1000000000
240 -198248.1000000000
241 -196696.1000000000
246 -196010.1000000000
250 -194784.1000000000
252 -193316.1000000000
254 -190864.1000000000
258 -188028.1000000000
285 -186382.1000000000
291 -185394.1000000000
302 -184104.1000000000
312 -182268.1000000000
315 -180766.1000000000
320 -180314.1000000000
322 -179381.1000000000
325 -178081.1000000000
326 -177689.1000000000
331 -176717.1000000000
332 -176155.1000000000
346 -174709.1000000000
347 -173967.1000000000
348 -173557.1000000000
355 -171671.1000000000
359 -171498.1000000000
361 -170602.1000000000
363 -170246.1000000000
366 -166474.1000000000
378 -165847.1000000000
383 -164621.1000000000
386 -162359.1000000000
388 -161967.1000000000
394 -161378.1000000000
416 -160791.1000000000
417 -160040.1000000000
431 22759.0299618733
432 23024.2144759075
435 23119.7790377682
512 23219.6025093651
10001 -160528.1000000000
evaluations raw_y
1 -281352.1000000000
3 -281019.1000000000
8 -279539.1000000000
9 -278850.1000000000
12 -278819.1000000000
16 -278463.1000000000
22 -277639.1000000000
23 -277482.1000000000
26 -277480.1000000000
29 -275822.1000000000
31 -274850.1000000000
33 -274164.1000000000
36 -273452.1000000000
37 -272567.1000000000
38 -272473.1000000000
44 -272010.1000000000
46 -271077.1000000000
47 -270606.1000000000
48 -270134.1000000000
49 -269460.1000000000
50 -268513.1000000000
52 -268507.1000000000
53 -267920.1000000000
55 -267820.1000000000
58 -267258.1000000000
60 -265840.1000000000
61 -264959.1000000000
62 -262067.1000000000
64 -261677.1000000000
66 -258789.1000000000
69 -258443.1000000000
71 -257709.1000000000
73 -256332.1000000000
77 -255158.1000000000
78 -254170.1000000000
79 -252276.1000000000
81 -251595.1000000000
87 -251258.1000000000
88 -250892.1000000000
96 -248849.1000000000
98 -246473.1000000000
100 -246225.1000000000
101 -245450.1000000000
102 -244503.1000000000
103 -243913.1000000000
104 -243687.1000000000
106 -242461.1000000000
108 -238921.1000000000
109 -237047.1000000000
110 -235093.1000000000
113 -233731.1000000000
115 -233491.1000000000
116 -232431.1000000000
119 -231559.1000000000
120 -229797.1000000000
127 -229483.1000000000
130 -228667.1000000000
131 -227377.1000000000
135 -226201.1000000000
136 -225378.1000000000
138 -223512.1000000000
142 -223104.1000000000
143 -222281.1000000000
151 -222202.1000000000
157 -221461.1000000000
160 -218662.1000000000
162 -216826.1000000000
169 -215889.1000000000
170 -212117.1000000000
171 -212061.1000000000
173 -211165.1000000000
175 -210442.1000000000
176 -208650.1000000000
182 -208184.1000000000
184 -207361.1000000000
185 -206716.1000000000
191 -206543.1000000000
193 -204699.1000000000
194 -203948.1000000000
198 -202974.1000000000
199 -202874.1000000000
215 -202246.1000000000
220 -201372.1000000000
222 -200446.1000000000
224 -198566.1000000000
226 -195674.1000000000
232 -195551.1000000000
240 -192968.1000000000
252 -191634.1000000000
255 -190773.1000000000
257 -188017.1000000000
262 -187617.1000000000
275 -187154.1000000000
279 -186912.1000000000
283 -186460.1000000000
285 -186258.1000000000
289 -185568.1000000000
298 -182637.1000000000
300 -179801.1000000000
306 -179434.1000000000
313 -177926.1000000000
322 -177240.1000000000
328 -173796.1000000000
330 -172616.1000000000
335 -172461.1000000000
339 -171867.1000000000
340 -171217.1000000000
343 -170737.1000000000
354 -170493.1000000000
359 -169305.1000000000
370 -168085.1000000000
386 -167946.1000000000
394 -167333.1000000000
400 -166723.1000000000
411 -166722.1000000000
421 -166361.1000000000
425 -165824.1000000000
426 -164340.1000000000
446 -163650.1000000000
451 -162182.1000000000
459 -161245.1000000000
463 -160683.1000000000
464 -160402.1000000000
485 23286.6062685382
493 23686.0677423534
496 23790.4704872613
531 23980.7532098391
606 24180.2893655532
627 24280.2499566258
989 24380.0129576125
1020 24579.5407185060
1115 24679.4524385546
10001 -160321.1000000000
evaluations raw_y
1 -270999.1000000000
2 -270811.1000000000
3 -270323.1000000000
5 -269548.1000000000
6 -269322.1000000000
8 -266430.1000000000
10 -266020.1000000000
12 -264552.1000000000
15 -264089.1000000000
17 -263377.1000000000
23 -261491.1000000000
27 -261379.1000000000
28 -260920.1000000000
31 -259694.1000000000
32 -259389.1000000000
36 -257943.1000000000
37 -256077.1000000000
39 -254183.1000000000
40 -251347.1000000000
41 -250013.1000000000
42 -248651.1000000000
43 -247591.1000000000
47 -246147.1000000000
48 -245175.1000000000
50 -245002.1000000000
52 -244352.1000000000
53 -243601.1000000000
54 -241961.1000000000
58 -241018.1000000000
63 -240382.1000000000
64 -238508.1000000000
65 -237568.1000000000
68 -236752.1000000000
76 -236381.1000000000
80 -235989.1000000000
81 -235401.1000000000
84 -235087.1000000000
86 -234406.1000000000
88 -233106.1000000000
95 -229662.1000000000
96 -228887.1000000000
102 -228435.1000000000
105 -226817.1000000000
111 -226716.1000000000
120 -226476.1000000000
121 -226120.1000000000
123 -225916.1000000000
125 -225226.1000000000
129 -224803.1000000000
140 -224521.1000000000
147 -224034.1000000000
156 -223173.1000000000
160 -222563.1000000000
161 -222451.1000000000
170 -221914.1000000000
172 -221912.1000000000
174 -221542.1000000000
177 -220853.1000000000
178 -219061.1000000000
186 -218724.1000000000
188 -217984.1000000000
190 -217784.1000000000
194 -215332.1000000000
206 -214591.1000000000
207 -214002.1000000000
208 -213128.1000000000
209 -212540.1000000000
211 -211466.1000000000
212 -210176.1000000000
213 -208956.1000000000
222 -206157.1000000000
223 -205691.1000000000
255 -204923.1000000000
259 -204310.1000000000
265 -203636.1000000000
272 -202458.1000000000
277 -198686.1000000000
288 -197506.1000000000
294 -197383.1000000000
297 -196889.1000000000
306 -196795.1000000000
309 -193211.1000000000
317 -190207.1000000000
324 -188873.1000000000
325 -186611.1000000000
330 -186017.1000000000
338 -185295.1000000000
343 -184171.1000000000
349 -183804.1000000000
360 -181224.1000000000
362 -180980.1000000000
369 -180576.1000000000
380 -180113.1000000000
386 -178925.1000000000
390 -176805.1000000000
392 -176439.1000000000
402 -176433.1000000000
405 -175559.1000000000
412 -175203.1000000000
429 -173329.1000000000
431 -173024.1000000000
433 -172248.1000000000
441 -171301.1000000000
481 -169781.1000000000
482 -169148.1000000000
487 -169101.1000000000
491 -167257.1000000000
498 -167195.1000000000
504 -164303.1000000000
506 -162801.1000000000
513 -162349.1000000000
538 -161374.1000000000
552 -159996.1000000000
555 22388.8771677075
558 22524.6557088254
819 22924.4287052015
875 23024.3696206210
879 23224.2514663685
901 23325.8418426323
1232 23525.7197077531
10001 -160628.1000000000
evaluations raw_y
1 -283202.1000000000
6 -282480.1000000000
8 -279681.1000000000
9 -278992.1000000000
12 -278750.1000000000
17 -276374.1000000000
19 -275964.1000000000
20 -275290.1000000000
22 -274654.1000000000
24 -274372.1000000000
26 -273964.1000000000
28 -273594.1000000000
31 -271474.1000000000
32 -270762.1000000000
33 -269901.1000000000
34 -269587.1000000000
38 -268878.1000000000
40 -268069.1000000000
43 -267327.1000000000
44 -265327.1000000000
45 -264919.1000000000
46 -264586.1000000000
50 -264474.1000000000
51 -262638.1000000000
52 -260764.1000000000
53 -259106.1000000000
54 -258519.1000000000
56 -257957.1000000000
58 -257746.1000000000
60 -257684.1000000000
62 -256860.1000000000
64 -253088.1000000000
66 -251642.1000000000
67 -251014.1000000000
69 -250539.1000000000
70 -249539.1000000000
71 -248167.1000000000
75 -247965.1000000000
80 -246203.1000000000
84 -245231.1000000000
86 -243897.1000000000
88 -242823.1000000000
90 -242133.1000000000
92 -240341.1000000000
96 -238461.1000000000
97 -236959.1000000000
100 -235982.1000000000
103 -235519.1000000000
106 -235032.1000000000
108 -234444.1000000000
109 -233548.1000000000
115 -231996.1000000000
116 -231173.1000000000
117 -231167.1000000000
119 -230230.1000000000
122 -229407.1000000000
125 -228942.1000000000
129 -227056.1000000000
132 -225294.1000000000
135 -224560.1000000000
136 -221020.1000000000
138 -220353.1000000000
140 -219887.1000000000
141 -218937.1000000000
146 -217071.1000000000
158 -217069.1000000000
161 -216125.1000000000
167 -216119.1000000000
171 -214201.1000000000
173 -213378.1000000000
175 -213017.1000000000
177 -212455.1000000000
179 -210903.1000000000
183 -209569.1000000000
186 -208647.1000000000
190 -207700.1000000000
193 -206940.1000000000
195 -206714.1000000000
199 -206028.1000000000
206 -205305.1000000000
209 -204433.1000000000
211 -204431.1000000000
214 -204430.1000000000
221 -203840.1000000000
228 -201388.1000000000
229 -200984.1000000000
230 -200140.1000000000
235 -199784.1000000000
236 -199690.1000000000
250 -198436.1000000000
257 -195853.1000000000
260 -192409.1000000000
265 -191183.1000000000
268 -190697.1000000000
271 -190084.1000000000
282 -189147.1000000000
289 -188406.1000000000
290 -188039.1000000000
295 -184723.1000000000
296 -183239.1000000000
306 -182358.1000000000
318 -180189.1000000000
322 -179215.1000000000
340 -176284.1000000000
344 -175892.1000000000
348 -174122.1000000000
350 -173147.1000000000
354 -173047.1000000000
356 -170595.1000000000
359 -169218.1000000000
365 -168395.1000000000
405 -168090.1000000000
417 -167990.1000000000
418 -167538.1000000000
428 -167115.1000000000
439 -165497.1000000000
442 -165385.1000000000
444 -164511.1000000000
446 -164052.1000000000
454 -163318.1000000000
461 -163130.1000000000
489 -160026.1000000000
505 23574.9744390732
508 23670.3345966451
515 23749.1401323049
532 24148.0702211334
561 24240.9274096138
585 24340.6380212989
594 24540.0609641880
701 24639.7837479400
708 24739.4587597136
1032 24938.8625676939
10001 24795.5310008651
evaluations raw_y
1 -260369.1000000000
3 -259782.1000000000
4 -258604.1000000000
5 -256958.1000000000
9 -256568.1000000000
16 -253276.1000000000
18 -252216.1000000000
19 -251934.1000000000
21 -250962.1000000000
24 -249786.1000000000
26 -247458.1000000000
34 -246458.1000000000
36 -245584.1000000000
38 -244994.1000000000
39 -244837.1000000000
40 -243893.1000000000
46 -243226.1000000000
55 -239910.1000000000
62 -238148.1000000000
63 -236640.1000000000
64 -235906.1000000000
69 -235827.1000000000
70 -234890.1000000000
71 -234301.1000000000
76 -233397.1000000000
78 -231249.1000000000
88 -229747.1000000000
92 -228447.1000000000
93 -226895.1000000000
94 -226443.1000000000
96 -224923.1000000000
98 -224273.1000000000
101 -223333.1000000000
102 -222043.1000000000
103 -221635.1000000000
106 -221633.1000000000
110 -220271.1000000000
111 -219448.1000000000
112 -218688.1000000000
115 -217937.1000000000
116 -217016.1000000000
128 -215254.1000000000
129 -214788.1000000000
137 -213534.1000000000
144 -213229.1000000000
153 -212488.1000000000
154 -211659.1000000000
161 -210815.1000000000
163 -208455.1000000000
169 -207893.1000000000
171 -207149.1000000000
174 -204261.1000000000
177 -203486.1000000000
183 -202527.1000000000
191 -202127.1000000000
192 -201771.1000000000
194 -200481.1000000000
198 -200293.1000000000
203 -197189.1000000000
206 -196009.1000000000
210 -195034.1000000000
214 -194895.1000000000
216 -194673.1000000000
217 -194306.1000000000
234 -194059.1000000000
245 -191167.1000000000
251 -189323.1000000000
266 -188953.1000000000
272 -188279.1000000000
273 -187969.1000000000
282 -187235.1000000000
292 -187062.1000000000
295 -184610.1000000000
304 -184563.1000000000
305 -184463.1000000000
311 -184126.1000000000
313 -182680.1000000000
321 -181747.1000000000
336 -181217.1000000000
337 -179749.1000000000
339 -178761.1000000000
343 -176718.1000000000
344 -176618.1000000000
349 -174035.1000000000
350 -170287.1000000000
375 -169350.1000000000
384 -168400.1000000000
391 -167806.1000000000
394 -166632.1000000000
399 -166012.1000000000
406 -164058.1000000000
411 -161127.1000000000
420 -160298.1000000000
428 23031.2421043325
429 23138.8425648268
431 23317.7318503716
459 23718.0233437729
469 23818.0941120163
480 23922.0723630652
500 24024.0318816316
533 24127.0112370997
536 24327.0947101439
806 24429.0032416240
10001 -160607.1000000000
evaluations raw_y
1 -274366.1000000000
4 -274020.1000000000
5 -271900.1000000000
8 -268456.1000000000
9 -267276.1000000000
10 -266780.1000000000
13 -266357.1000000000
14 -263426.1000000000
16 -262136.1000000000
17 -261769.1000000000
18 -261156.1000000000
19 -260831.1000000000
20 -257291.1000000000
23 -257287.1000000000
27 -257208.1000000000
29 -256466.1000000000
31 -256365.1000000000
34 -254863.1000000000
36 -254173.1000000000
37 -253240.1000000000
39 -250429.1000000000
51 -249802.1000000000
52 -248855.1000000000
53 -248265.1000000000
56 -246931.1000000000
59 -246684.1000000000
61 -246064.1000000000
62 -245592.1000000000
65 -245182.1000000000
66 -244308.1000000000
67 -243008.1000000000
73 -242192.1000000000
78 -241480.1000000000
81 -240537.1000000000
82 -240506.1000000000
87 -240098.1000000000
90 -239275.1000000000
95 -238883.1000000000
99 -237703.1000000000
110 -236744.1000000000
113 -236336.1000000000
118 -236088.1000000000
125 -234536.1000000000
126 -234144.1000000000
127 -231768.1000000000
129 -230896.1000000000
130 -230302.1000000000
132 -229328.1000000000
134 -228638.1000000000
143 -228438.1000000000
147 -228101.1000000000
148 -227456.1000000000
149 -226512.1000000000
151 -226339.1000000000
153 -223447.1000000000
160 -221278.1000000000
161 -217506.1000000000
166 -214926.1000000000
169 -212972.1000000000
173 -212291.1000000000
179 -210913.1000000000
180 -209966.1000000000
182 -209854.1000000000
183 -209544.1000000000
189 -207626.1000000000
192 -206180.1000000000
195 -205306.1000000000
208 -202854.1000000000
211 -201346.1000000000
214 -199198.1000000000
219 -198375.1000000000
220 -197187.1000000000
222 -196559.1000000000
223 -195825.1000000000
227 -194305.1000000000
229 -193420.1000000000
243 -192166.1000000000
244 -191443.1000000000
245 -189681.1000000000
258 -189193.1000000000
259 -189052.1000000000
260 -187608.1000000000
266 -187204.1000000000
270 -186724.1000000000
274 -184844.1000000000
278 -184842.1000000000
284 -183668.1000000000
287 -181824.1000000000
292 -179496.1000000000
299 -178667.1000000000
305 -178277.1000000000
309 -177910.1000000000
330 -177322.1000000000
343 -174739.1000000000
346 -174645.1000000000
347 -173670.1000000000
349 -172698.1000000000
354 -172239.1000000000
367 -171019.1000000000
389 -170907.1000000000
392 -168547.1000000000
395 -167079.1000000000
397 -165707.1000000000
412 -161707.1000000000
414 -160089.1000000000
428 24610.9304966971
431 24714.8407962507
437 24832.4013800332
537 25032.4829582283
586 25132.5211885797
954 25332.5974568152
10001 -162393.1000000000
evaluations raw_y
1 -276824.1000000000
3 -275700.1000000000
6 -274856.1000000000
8 -273676.1000000000
11 -272853.1000000000
12 -272520.1000000000
15 -271548.1000000000
16 -270676.1000000000
18 -270351.1000000000
23 -270147.1000000000
24 -269371.1000000000
26 -269015.1000000000
27 -268141.1000000000
28 -267611.1000000000
30 -266937.1000000000
31 -265093.1000000000
32 -261345.1000000000
39 -260955.1000000000
40 -259403.1000000000
47 -257901.1000000000
50 -257801.1000000000
51 -257239.1000000000
52 -256606.1000000000
53 -253714.1000000000
55 -253377.1000000000
56 -251737.1000000000
59 -250778.1000000000
61 -249298.1000000000
62 -247418.1000000000
64 -245500.1000000000
65 -244054.1000000000
71 -244052.1000000000
76 -243580.1000000000
77 -240688.1000000000
78 -240641.1000000000
79 -240610.1000000000
81 -240329.1000000000
83 -239039.1000000000
84 -238210.1000000000
85 -236310.1000000000
87 -233474.1000000000
89 -232937.1000000000
90 -232623.1000000000
96 -232003.1000000000
97 -231603.1000000000
103 -231137.1000000000
105 -230770.1000000000
113 -230631.1000000000
114 -229331.1000000000
117 -228257.1000000000
119 -228017.1000000000
121 -227523.1000000000
122 -227186.1000000000
126 -226938.1000000000
127 -226826.1000000000
128 -226117.1000000000
129 -225436.1000000000
133 -224973.1000000000
138 -222174.1000000000
141 -221241.1000000000
148 -221162.1000000000
149 -221040.1000000000
157 -220793.1000000000
160 -219375.1000000000
161 -216999.1000000000
167 -216511.1000000000
169 -214667.1000000000
173 -214259.1000000000
179 -213794.1000000000
181 -213653.1000000000
186 -213651.1000000000
190 -212679.1000000000
191 -210887.1000000000
195 -208307.1000000000
204 -207017.1000000000
210 -206537.1000000000
213 -202765.1000000000
217 -202399.1000000000
224 -202242.1000000000
225 -201798.1000000000
234 -200290.1000000000
235 -200068.1000000000
242 -199293.1000000000
245 -198822.1000000000
252 -198418.1000000000
253 -198318.1000000000
254 -197724.1000000000
255 -197569.1000000000
268 -196619.1000000000
271 -195933.1000000000
275 -193122.1000000000
276 -192535.1000000000
278 -191845.1000000000
280 -191478.1000000000
283 -191086.1000000000
284 -190142.1000000000
290 -189142.1000000000
292 -189136.1000000000
295 -188193.1000000000
305 -187783.1000000000
319 -187296.1000000000
320 -186708.1000000000
322 -185062.1000000000
331 -184757.1000000000
332 -184071.1000000000
339 -182185.1000000000
341 -181451.1000000000
344 -181059.1000000000
350 -179591.1000000000
354 -176660.1000000000
357 -175042.1000000000
363 -174267.1000000000
364 -174056.1000000000
381 -172880.1000000000
392 -171396.1000000000
394 -171194.1000000000
402 -167446.1000000000
404 -167445.1000000000
411 -165325.1000000000
413 -164549.1000000000
428 -163882.1000000000
449 -160298.1000000000
472 21405.1937847491
473 21642.2083462986
476 22093.1064930290
478 22327.1463985745
481 22362.5136491202
493 22453.2123628368
602 22553.3502462100
635 22652.9807705567
649 22689.2606842688
650 23261.8421999327
675 23342.0777411935
712 23442.6360115127
868 23841.6722792326
893 24041.1861547336
1314 24240.7002650248
10001 -162691.1000000000
evaluations raw_y
1 -281964.1000000000
2 -281297.1000000000
3 -280401.1000000000
7 -279540.1000000000
8 -278724.1000000000
10 -275432.1000000000
11 -273432.1000000000
13 -271814.1000000000
15 -271808.1000000000
17 -271067.1000000000
18 -270130.1000000000
22 -267678.1000000000
25 -267332.1000000000
27 -266866.1000000000
28 -264414.1000000000
29 -264214.1000000000
31 -264208.1000000000
32 -263028.1000000000
33 -260985.1000000000
35 -259613.1000000000
37 -258838.1000000000
40 -258084.1000000000
41 -254336.1000000000
42 -253348.1000000000
45 -252860.1000000000
49 -251090.1000000000
50 -250631.1000000000
54 -249111.1000000000
57 -246355.1000000000
61 -244715.1000000000
63 -243778.1000000000
68 -243158.1000000000
69 -241970.1000000000
73 -241048.1000000000
75 -239924.1000000000
78 -236608.1000000000
86 -235896.1000000000
87 -234978.1000000000
88 -234977.1000000000
89 -234975.1000000000
90 -233531.1000000000
91 -232797.1000000000
93 -232074.1000000000
98 -231000.1000000000
99 -230056.1000000000
101 -229604.1000000000
105 -229204.1000000000
107 -228814.1000000000
109 -227881.1000000000
111 -226701.1000000000
113 -226278.1000000000
115 -226052.1000000000
116 -225075.1000000000
120 -223887.1000000000
124 -223401.1000000000
132 -221639.1000000000
133 -221451.1000000000
134 -220964.1000000000
136 -220083.1000000000
139 -219361.1000000000
145 -218716.1000000000
150 -217214.1000000000
151 -216858.1000000000
152 -215350.1000000000
154 -214521.1000000000
158 -214519.1000000000
160 -213838.1000000000
163 -211972.1000000000
168 -210054.1000000000
170 -209082.1000000000
171 -207246.1000000000
172 -207135.1000000000
178 -206426.1000000000
184 -204942.1000000000
185 -203968.1000000000
189 -203607.1000000000
191 -203240.1000000000
192 -201688.1000000000
193 -200272.1000000000
195 -199809.1000000000
196 -198589.1000000000
199 -196745.1000000000
200 -196208.1000000000
202 -193946.1000000000
204 -193724.1000000000
214 -193114.1000000000
219 -191344.1000000000
226 -188452.1000000000
227 -188329.1000000000
242 -187864.1000000000
243 -187662.1000000000
249 -187337.1000000000
252 -186562.1000000000
259 -186118.1000000000
265 -185295.1000000000
269 -183415.1000000000
284 -182765.1000000000
288 -182355.1000000000
291 -182299.1000000000
297 -181985.1000000000
300 -181648.1000000000
324 -179479.1000000000
328 -178303.1000000000
329 -177667.1000000000
338 -177259.1000000000
353 -177180.1000000000
361 -176788.1000000000
367 -175829.1000000000
375 -172081.1000000000
380 -169204.1000000000
382 -168300.1000000000
403 -166426.1000000000
409 -165048.1000000000
411 -164947.1000000000
416 -160947.1000000000
445 -159973.1000000000
450 22433.0702525656
451 22535.0359909803
453 22617.8467008913
504 22716.6686167562
505 22758.4932349862
506 23175.9769525535
514 23268.0903722246
527 23334.6986504585
612 23534.0558609013
633 23633.3685883305
729 24032.0610116276
895 24131.7311185752
1254 24331.0728382692
10001 -161542.1000000000
evaluations raw_y
1 -261998.1000000000
2 -261076.1000000000
5 -258199.1000000000
6 -257355.1000000000
11 -255978.1000000000
12 -254918.1000000000
13 -254548.1000000000
16 -254492.1000000000
20 -254370.1000000000
22 -252578.1000000000
23 -251645.1000000000
24 -251403.1000000000
25 -250776.1000000000
29 -250529.1000000000
31 -249967.1000000000
34 -248087.1000000000
37 -244795.1000000000
39 -241047.1000000000
41 -240324.1000000000
42 -240224.1000000000
48 -239878.1000000000
52 -239739.1000000000
53 -238835.1000000000
56 -238788.1000000000
58 -237816.1000000000
59 -237479.1000000000
60 -235717.1000000000
64 -233873.1000000000
65 -233700.1000000000
71 -233386.1000000000
73 -233104.1000000000
75 -231334.1000000000
76 -230387.1000000000
78 -228903.1000000000
80 -228570.1000000000
87 -228118.1000000000
94 -225226.1000000000
95 -224739.1000000000
99 -221983.1000000000
100 -221274.1000000000
103 -220907.1000000000
104 -219617.1000000000
106 -218699.1000000000
110 -218362.1000000000
116 -218174.1000000000
119 -216728.1000000000
123 -216605.1000000000
126 -215605.1000000000
129 -215300.1000000000
132 -214610.1000000000
133 -213921.1000000000
134 -212741.1000000000
141 -212108.1000000000
147 -210468.1000000000
148 -209594.1000000000
153 -208913.1000000000
164 -208490.1000000000
168 -206370.1000000000
170 -205070.1000000000
172 -202178.1000000000
179 -200732.1000000000
180 -200620.1000000000
181 -198784.1000000000
188 -197961.1000000000
192 -197867.1000000000
195 -197623.1000000000
206 -196978.1000000000
207 -194167.1000000000
208 -193704.1000000000
209 -192152.1000000000
213 -191280.1000000000
225 -189634.1000000000
228 -188749.1000000000
229 -187387.1000000000
230 -185867.1000000000
231 -185051.1000000000
242 -183871.1000000000
263 -183660.1000000000
265 -183216.1000000000
267 -182530.1000000000
269 -182418.1000000000
272 -181589.1000000000
274 -180413.1000000000
282 -178651.1000000000
286 -177317.1000000000
287 -175815.1000000000
288 -175714.1000000000
289 -174296.1000000000
290 -174139.1000000000
304 -173984.1000000000
306 -173617.1000000000
311 -171743.1000000000
325 -171213.1000000000
339 -169923.1000000000
349 -169919.1000000000
351 -168053.1000000000
352 -166827.1000000000
353 -165884.1000000000
355 -164944.1000000000
359 -163566.1000000000
360 -163176.1000000000
389 -160816.1000000000
393 -160491.1000000000
395 23827.4734618285
399 23951.9850362116
433 24071.7057819336
554 24171.7479386832
10001 -160344.1000000000
evaluations raw_y
1 -279086.1000000000
4 -278266.1000000000
5 -278210.1000000000
6 -277885.1000000000
10 -277405.1000000000
11 -275143.1000000000
12 -274733.1000000000
13 -270985.1000000000
14 -270372.1000000000
15 -269686.1000000000
17 -268240.1000000000
19 -267293.1000000000
21 -266988.1000000000
22 -266786.1000000000
23 -265368.1000000000
24 -264998.1000000000
25 -264126.1000000000
27 -263437.1000000000
28 -262792.1000000000
30 -262436.1000000000
33 -259544.1000000000
34 -257926.1000000000
36 -255090.1000000000
37 -252762.1000000000
42 -251774.1000000000
44 -251294.1000000000
47 -250118.1000000000
50 -249505.1000000000
52 -248546.1000000000
55 -245102.1000000000
57 -244508.1000000000
58 -244100.1000000000
59 -243414.1000000000
61 -241371.1000000000
63 -240648.1000000000
64 -239140.1000000000
65 -237588.1000000000
69 -236866.1000000000
70 -235922.1000000000
72 -234668.1000000000
73 -230668.1000000000
75 -229448.1000000000
78 -227946.1000000000
79 -227009.1000000000
80 -226328.1000000000
81 -224484.1000000000
82 -224284.1000000000
83 -223913.1000000000
88 -223608.1000000000
89 -221734.1000000000
91 -220674.1000000000
92 -220230.1000000000
97 -219414.1000000000
98 -218518.1000000000
103 -216860.1000000000
104 -216493.1000000000
105 -215999.1000000000
109 -215662.1000000000
115 -215258.1000000000
120 -214671.1000000000
121 -213721.1000000000
129 -210137.1000000000
130 -209463.1000000000
131 -209237.1000000000
137 -208262.1000000000
138 -208231.1000000000
141 -207402.1000000000
143 -206752.1000000000
149 -205572.1000000000
151 -204982.1000000000
159 -204293.1000000000
160 -202457.1000000000
163 -202357.1000000000
172 -201861.1000000000
176 -198757.1000000000
177 -196913.1000000000
187 -194102.1000000000
190 -193279.1000000000
191 -191517.1000000000
195 -190540.1000000000
197 -189765.1000000000
210 -189342.1000000000
213 -189098.1000000000
220 -188172.1000000000
223 -186410.1000000000
226 -185676.1000000000
228 -185224.1000000000
229 -185002.1000000000
242 -184940.1000000000
245 -183496.1000000000
248 -182622.1000000000
255 -182261.1000000000
258 -181328.1000000000
265 -181126.1000000000
274 -180189.1000000000
276 -178419.1000000000
303 -177791.1000000000
310 -177164.1000000000
311 -176474.1000000000
315 -175502.1000000000
320 -173710.1000000000
331 -172866.1000000000
334 -172693.1000000000
336 -169801.1000000000
338 -168940.1000000000
341 -168846.1000000000
345 -168840.1000000000
346 -167840.1000000000
354 -166372.1000000000
364 -166039.1000000000
367 -165429.1000000000
369 -163475.1000000000
370 -162808.1000000000
373 -161923.1000000000
384 -161100.1000000000
394 -160734.1000000000
399 -159959.1000000000
402 24135.8173236145
405 24237.8287823327
408 24341.6733398394
424 24429.6910825354
448 24614.9746437622
456 24814.5666409913
584 24914.5244239439
814 25114.1090679968
1011 25513.2686156427
1137 25613.1987513068
1146 25712.9822042542
10001 -160750.1000000000
evaluations raw_y
1 -298942.1000000000
3 -296773.1000000000
5 -296022.1000000000
6 -295409.1000000000
8 -295001.1000000000
10 -292165.1000000000
12 -291918.1000000000
16 -291095.1000000000
17 -289575.1000000000
18 -288939.1000000000
19 -288035.1000000000
20 -287326.1000000000
22 -283882.1000000000
27 -282986.1000000000
28 -282586.1000000000
29 -282580.1000000000
30 -281970.1000000000
31 -281614.1000000000
32 -280785.1000000000
33 -279965.1000000000
39 -279479.1000000000
40 -276475.1000000000
42 -275557.1000000000
43 -274049.1000000000
44 -272581.1000000000
45 -271291.1000000000
47 -270419.1000000000
49 -269967.1000000000
51 -269845.1000000000
52 -268511.1000000000
58 -268048.1000000000
61 -267359.1000000000
63 -263819.1000000000
65 -263608.1000000000
68 -262430.1000000000
74 -262319.1000000000
75 -262318.1000000000
76 -261847.1000000000
78 -260367.1000000000
83 -259773.1000000000
85 -257929.1000000000
86 -257442.1000000000
87 -255890.1000000000
90 -255223.1000000000
94 -252331.1000000000
95 -251704.1000000000
97 -250370.1000000000
98 -248010.1000000000
99 -247036.1000000000
103 -246796.1000000000
104 -246183.1000000000
108 -244739.1000000000
111 -241940.1000000000
112 -240046.1000000000
114 -239571.1000000000
117 -239509.1000000000
119 -238063.1000000000
120 -236189.1000000000
125 -236066.1000000000
127 -235864.1000000000
130 -233412.1000000000
132 -232989.1000000000
133 -232045.1000000000
138 -231270.1000000000
140 -229478.1000000000
141 -228649.1000000000
147 -228344.1000000000
148 -227156.1000000000
149 -226676.1000000000
163 -226089.1000000000
164 -225377.1000000000
167 -223533.1000000000
171 -222243.1000000000
176 -220825.1000000000
177 -219651.1000000000
179 -219006.1000000000
182 -218418.1000000000
184 -218318.1000000000
185 -214570.1000000000
186 -214564.1000000000
188 -212802.1000000000
193 -211582.1000000000
202 -211380.1000000000
203 -207608.1000000000
207 -205968.1000000000
209 -205856.1000000000
213 -204732.1000000000
221 -201416.1000000000
225 -201024.1000000000
238 -200678.1000000000
239 -199232.1000000000
241 -197346.1000000000
246 -196809.1000000000
247 -195935.1000000000
255 -194433.1000000000
258 -194292.1000000000
262 -193967.1000000000
263 -192713.1000000000
275 -191780.1000000000
277 -191558.1000000000
290 -191277.1000000000
300 -190869.1000000000
305 -190459.1000000000
309 -189979.1000000000
319 -189257.1000000000
326 -188331.1000000000
327 -187970.1000000000
336 -186792.1000000000
347 -185804.1000000000
355 -185050.1000000000
356 -184189.1000000000
357 -184142.1000000000
366 -182966.1000000000
378 -182280.1000000000
380 -179904.1000000000
387 -179128.1000000000
397 -178736.1000000000
408 -178705.1000000000
413 -178674.1000000000
421 -177731.1000000000
431 -177259.1000000000
439 -176922.1000000000
446 -176099.1000000000
448 -174722.1000000000
450 -174567.1000000000
458 -173608.1000000000
465 -173142.1000000000
476 -171484.1000000000
483 -169648.1000000000
484 -169060.1000000000
499 -167060.1000000000
509 -166601.1000000000
512 -165155.1000000000
515 -164535.1000000000
516 -161955.1000000000
520 -161565.1000000000
541 23205.6072771488
542 23750.8387868348
543 23859.1840614470
544 24145.6118094821
571 24545.7653580410
643 24645.8014408529
708 24747.3827748009
10001 -162520.1000000000
evaluations raw_y
1 -288475.1000000000
2 -287741.1000000000
3 -287395.1000000000
4 -287113.1000000000
9 -287002.1000000000
10 -286130.1000000000
11 -283026.1000000000
16 -281664.1000000000
17 -280721.1000000000
18 -279431.1000000000
20 -278689.1000000000
21 -277187.1000000000
24 -277185.1000000000
25 -276549.1000000000
29 -276193.1000000000
31 -275219.1000000000
34 -273751.1000000000
35 -272451.1000000000
40 -271742.1000000000
42 -270566.1000000000
45 -270162.1000000000
46 -270083.1000000000
49 -267935.1000000000
51 -267762.1000000000
53 -264014.1000000000
58 -262252.1000000000
62 -261662.1000000000
63 -259796.1000000000
64 -256919.1000000000
68 -255693.1000000000
69 -252801.1000000000
71 -251977.1000000000
72 -251389.1000000000
73 -250452.1000000000
75 -247521.1000000000
77 -245647.1000000000
80 -244697.1000000000
87 -244603.1000000000
91 -244392.1000000000
93 -244345.1000000000
97 -243978.1000000000
98 -243202.1000000000
103 -243140.1000000000
104 -239140.1000000000
105 -237522.1000000000
108 -236550.1000000000
110 -235861.1000000000
111 -233692.1000000000
112 -233580.1000000000
113 -231626.1000000000
114 -230124.1000000000
117 -228604.1000000000
122 -227723.1000000000
131 -227258.1000000000
132 -225968.1000000000
140 -225348.1000000000
148 -224224.1000000000
151 -222454.1000000000
154 -221008.1000000000
158 -220446.1000000000
160 -219859.1000000000
164 -219737.1000000000
168 -218962.1000000000
174 -218540.1000000000
176 -218173.1000000000
178 -217236.1000000000
183 -216262.1000000000
186 -215791.1000000000
200 -215399.1000000000
204 -214219.1000000000
215 -213863.1000000000
218 -212491.1000000000
222 -209680.1000000000
225 -206388.1000000000
228 -205462.1000000000
235 -202018.1000000000
236 -201939.1000000000
249 -201713.1000000000
253 -199713.1000000000
254 -199103.1000000000
256 -198343.1000000000
257 -197716.1000000000
265 -197406.1000000000
270 -196583.1000000000
273 -196087.1000000000
275 -195975.1000000000
288 -195495.1000000000
295 -194686.1000000000
309 -194073.1000000000
310 -193151.1000000000
313 -192846.1000000000
314 -191871.1000000000
323 -190683.1000000000
336 -188640.1000000000
339 -188398.1000000000
343 -188259.1000000000
347 -187569.1000000000
352 -185241.1000000000
359 -184473.1000000000
361 -184140.1000000000
370 -182886.1000000000
373 -182012.1000000000
385 -180366.1000000000
387 -179778.1000000000
418 -177195.1000000000
422 -176858.1000000000
431 -175378.1000000000
433 -174637.1000000000
437 -174024.1000000000
441 -172302.1000000000
445 -171808.1000000000
465 -170474.1000000000
476 -170022.1000000000
480 -169126.1000000000
487 -167946.1000000000
528 -166768.1000000000
575 -165939.1000000000
579 -164719.1000000000
594 -164329.1000000000
598 -163141.1000000000
638 -162067.1000000000
654 -161134.1000000000
668 22694.5525700538
669 22930.9790754275
670 24149.2235236142
674 24524.6847413279
678 24724.9305855338
686 24852.9088577689
702 25253.2306976476
735 25353.3089017350
929 25553.4654182633
1291 25654.9232476203
10001 -160619.1000000000
evaluations raw_y
1 -287875.1000000000
2 -287388.1000000000
4 -287188.1000000000
6 -286000.1000000000
9 -283244.1000000000
10 -282764.1000000000
13 -282763.1000000000
17 -281117.1000000000
20 -280761.1000000000
21 -280267.1000000000
22 -280236.1000000000
23 -279524.1000000000
24 -278888.1000000000
25 -277126.1000000000
27 -276476.1000000000
28 -275501.1000000000
31 -275362.1000000000
35 -273878.1000000000
37 -270562.1000000000
43 -269010.1000000000
44 -268187.1000000000
45 -266635.1000000000
49 -266183.1000000000
51 -264849.1000000000
52 -263789.1000000000
54 -263013.1000000000
55 -262809.1000000000
60 -261821.1000000000
62 -259867.1000000000
65 -259511.1000000000
68 -257789.1000000000
72 -255945.1000000000
74 -254655.1000000000
77 -252789.1000000000
79 -249041.1000000000
81 -246589.1000000000
82 -246275.1000000000
84 -244829.1000000000
88 -242829.1000000000
92 -242377.1000000000
93 -241897.1000000000
94 -241587.1000000000
95 -241025.1000000000
97 -240463.1000000000
99 -238805.1000000000
102 -237387.1000000000
103 -236664.1000000000
106 -236542.1000000000
108 -233438.1000000000
109 -232260.1000000000
113 -228968.1000000000
114 -226076.1000000000
116 -223199.1000000000
117 -221979.1000000000
119 -220099.1000000000
121 -218799.1000000000
122 -218743.1000000000
124 -218541.1000000000
130 -218440.1000000000
131 -217717.1000000000
132 -216643.1000000000
134 -215823.1000000000
144 -215457.1000000000
150 -214281.1000000000
152 -213547.1000000000
155 -211929.1000000000
156 -210085.1000000000
157 -208323.1000000000
158 -208168.1000000000
159 -206724.1000000000
160 -204364.1000000000
170 -203974.1000000000
171 -201138.1000000000
174 -199346.1000000000
175 -199102.1000000000
176 -198413.1000000000
177 -197235.1000000000
202 -196831.1000000000
203 -193827.1000000000
214 -193419.1000000000
234 -192545.1000000000
238 -192323.1000000000
242 -191427.1000000000
244 -190583.1000000000
250 -187652.1000000000
253 -186734.1000000000
265 -185734.1000000000
267 -185140.1000000000
269 -185136.1000000000
271 -183262.1000000000
272 -182388.1000000000
273 -182309.1000000000
278 -180423.1000000000
280 -180141.1000000000
290 -178807.1000000000
297 -177037.1000000000
305 -176645.1000000000
306 -176312.1000000000
308 -174164.1000000000
309 -172656.1000000000
316 -168884.1000000000
320 -168296.1000000000
322 -167487.1000000000
326 -166900.1000000000
330 -165398.1000000000
332 -164274.1000000000
337 -163523.1000000000
338 -161605.1000000000
343 -160085.1000000000
346 22519.7029097314
347 22700.6904837301
348 23226.9946773663
351 23235.4643089614
363 23633.7772623534
376 23792.9745708065
390 23910.9500302281
409 23979.9120809047
410 24168.1220865145
415 24268.5758906750
419 24437.8824673706
438 24568.9088228881
441 24573.9377358701
442 24766.9767400828
451 24866.6055284262
496 24873.7254911597
497 24943.0301228233
507 25085.1362265175
508 25122.9750679989
510 25151.0873190453
512 25240.0186583602
520 25562.3752054297
531 25689.5685432867
585 25772.3968371561
586 25872.3539809564
590 26022.9640633926
615 26070.5291844013
758 26077.8317213491
764 26188.4842397240
824 26252.1596241398
893 26257.9863531929
898 26342.1492140842
916 26414.4514327935
965 26499.1251247665
967 26551.2446857982
10001 -160808.1000000000
evaluations raw_y
1 -298442.1000000000
5 -297682.1000000000
8 -296180.1000000000
9 -294764.1000000000
11 -294652.1000000000
13 -293843.1000000000
14 -293837.1000000000
15 -292860.1000000000
17 -291885.1000000000
18 -290948.1000000000
20 -290826.1000000000
23 -290213.1000000000
25 -289803.1000000000
28 -289724.1000000000
29 -289043.1000000000
30 -287125.1000000000
33 -286563.1000000000
34 -285626.1000000000
36 -284450.1000000000
39 -284145.1000000000
40 -283901.1000000000
44 -283288.1000000000
45 -282638.1000000000
48 -282438.1000000000
49 -282046.1000000000
52 -280494.1000000000
53 -279808.1000000000
54 -278684.1000000000
55 -278482.1000000000
57 -277796.1000000000
62 -274908.1000000000
64 -274682.1000000000
65 -273764.1000000000
67 -273450.1000000000
68 -272272.1000000000
71 -272216.1000000000
72 -271627.1000000000
74 -271017.1000000000
76 -270521.1000000000
77 -268641.1000000000
78 -266265.1000000000
79 -263685.1000000000
81 -263319.1000000000
83 -262568.1000000000
84 -260910.1000000000
89 -258648.1000000000
91 -255756.1000000000
94 -254696.1000000000
95 -251252.1000000000
96 -249352.1000000000
99 -248612.1000000000
101 -247110.1000000000
103 -246177.1000000000
109 -246098.1000000000
116 -245698.1000000000
119 -245331.1000000000
125 -245129.1000000000
129 -243685.1000000000
130 -243348.1000000000
134 -243038.1000000000
138 -242066.1000000000
146 -240992.1000000000
149 -240527.1000000000
160 -236987.1000000000
161 -236233.1000000000
162 -235588.1000000000
163 -235227.1000000000
165 -234007.1000000000
167 -234005.1000000000
169 -234003.1000000000
171 -233997.1000000000
173 -233538.1000000000
177 -231178.1000000000
179 -230832.1000000000
181 -230476.1000000000
182 -229142.1000000000
183 -225394.1000000000
185 -225221.1000000000
189 -223753.1000000000
190 -221301.1000000000
192 -220674.1000000000
193 -217570.1000000000
195 -214759.1000000000
203 -214288.1000000000
205 -213566.1000000000
206 -212662.1000000000
211 -211801.1000000000
213 -211800.1000000000
215 -210316.1000000000
218 -209372.1000000000
220 -208549.1000000000
224 -208097.1000000000
228 -208003.1000000000
230 -205204.1000000000
232 -204617.1000000000
245 -203743.1000000000
246 -201877.1000000000
253 -201521.1000000000
254 -199373.1000000000
259 -196442.1000000000
261 -196331.1000000000
266 -196192.1000000000
268 -195769.1000000000
274 -193317.1000000000
278 -192380.1000000000
280 -190486.1000000000
282 -188846.1000000000
287 -188172.1000000000
298 -186129.1000000000
302 -184752.1000000000
304 -184139.1000000000
307 -184027.1000000000
313 -182265.1000000000
317 -181735.1000000000
326 -181495.1000000000
330 -180875.1000000000
331 -180281.1000000000
348 -179891.1000000000
358 -179405.1000000000
365 -178716.1000000000
370 -178312.1000000000
371 -178212.1000000000
386 -176594.1000000000
393 -176114.1000000000
399 -174824.1000000000
408 -174602.1000000000
411 -173312.1000000000
415 -170308.1000000000
437 -169532.1000000000
442 -169142.1000000000
443 -168670.1000000000
456 -168299.1000000000
469 -167377.1000000000
470 -165959.1000000000
484 -165928.1000000000
489 -165724.1000000000
491 -164798.1000000000
501 -163290.1000000000
516 -162446.1000000000
518 -161757.1000000000
542 -161602.1000000000
556 -160773.1000000000
576 21907.5329043286
580 22026.3034490866
581 22739.4026100583
582 22788.5317202928
621 22887.7082181625
753 22986.8458062172
790 23086.5383174963
806 23485.3067621421
916 23684.6858381246
924 23884.0645549385
1082 23975.3280705089
10001 -161114.1000000000
evaluations raw_y
1 -290367.1000000000
4 -289739.1000000000
7 -289005.1000000000
9 -288638.1000000000
10 -286868.1000000000
11 -285578.1000000000
12 -285041.1000000000
13 -283595.1000000000
14 -281715.1000000000
18 -280381.1000000000
19 -279091.1000000000
20 -277217.1000000000
21 -273217.1000000000
25 -272765.1000000000
26 -272079.1000000000
27 -271356.1000000000
28 -270180.1000000000
29 -270023.1000000000
30 -269207.1000000000
31 -268387.1000000000
34 -268356.1000000000
35 -267533.1000000000
37 -266053.1000000000
38 -265331.1000000000
39 -265049.1000000000
40 -263565.1000000000
44 -263365.1000000000
52 -262443.1000000000
53 -260569.1000000000
55 -258209.1000000000
56 -256909.1000000000
58 -256321.1000000000
60 -256133.1000000000
64 -254953.1000000000
66 -253433.1000000000
67 -253119.1000000000
68 -252625.1000000000
69 -251935.1000000000
72 -249892.1000000000
75 -249666.1000000000
76 -249030.1000000000
77 -248889.1000000000
78 -247381.1000000000
79 -246444.1000000000
80 -244682.1000000000
85 -243973.1000000000
86 -240869.1000000000
88 -240128.1000000000
89 -239762.1000000000
92 -238818.1000000000
94 -238679.1000000000
96 -237993.1000000000
103 -235541.1000000000
107 -235141.1000000000
111 -233967.1000000000
114 -233223.1000000000
115 -231337.1000000000
127 -231281.1000000000
132 -230360.1000000000
133 -229889.1000000000
135 -228829.1000000000
136 -228437.1000000000
140 -224665.1000000000
141 -222545.1000000000
146 -221822.1000000000
154 -219822.1000000000
162 -218568.1000000000
163 -216668.1000000000
165 -215291.1000000000
166 -214805.1000000000
170 -214495.1000000000
175 -213599.1000000000
176 -213243.1000000000
179 -212467.1000000000
183 -209668.1000000000
187 -208844.1000000000
189 -207856.1000000000
191 -206086.1000000000
195 -205332.1000000000
199 -205220.1000000000
206 -205018.1000000000
210 -203600.1000000000
217 -202860.1000000000
222 -199968.1000000000
239 -197212.1000000000
244 -197001.1000000000
249 -196878.1000000000
250 -194001.1000000000
251 -192927.1000000000
263 -192365.1000000000
264 -190037.1000000000
276 -187106.1000000000
285 -186232.1000000000
286 -186170.1000000000
293 -185581.1000000000
295 -182689.1000000000
299 -182322.1000000000
301 -181914.1000000000
302 -180940.1000000000
311 -179940.1000000000
312 -178472.1000000000
314 -177628.1000000000
316 -177258.1000000000
329 -176848.1000000000
344 -174012.1000000000
352 -172824.1000000000
378 -172434.1000000000
379 -171947.1000000000
382 -169799.1000000000
384 -168247.1000000000
385 -167685.1000000000
386 -165849.1000000000
391 -165261.1000000000
402 -164928.1000000000
419 -163426.1000000000
430 -162737.1000000000
437 -162615.1000000000
453 -160957.1000000000
457 -160535.1000000000
461 -160127.1000000000
481 23547.4184412952
482 24172.8000128309
487 24310.4979447119
489 24516.6519105562
10001 -161559.1000000000
evaluations raw_y
1 -267767.1000000000
2 -267565.1000000000
3 -267410.1000000000
6 -267269.1000000000
8 -266825.1000000000
14 -265649.1000000000
15 -264141.1000000000
16 -263930.1000000000
17 -262428.1000000000
22 -261248.1000000000
24 -260271.1000000000
25 -260270.1000000000
29 -257393.1000000000
30 -256712.1000000000
32 -256023.1000000000
42 -255656.1000000000
43 -254847.1000000000
44 -253921.1000000000
47 -253047.1000000000
48 -252361.1000000000
49 -250213.1000000000
50 -250074.1000000000
51 -249684.1000000000
53 -249317.1000000000
54 -248704.1000000000
55 -247800.1000000000
57 -245631.1000000000
58 -244735.1000000000
60 -244495.1000000000
64 -244105.1000000000
75 -243697.1000000000
80 -242363.1000000000
89 -238591.1000000000
92 -235699.1000000000
94 -235526.1000000000
98 -234772.1000000000
99 -234458.1000000000
104 -234066.1000000000
113 -232296.1000000000
114 -231587.1000000000
115 -230141.1000000000
117 -229528.1000000000
125 -229406.1000000000
132 -226595.1000000000
135 -225928.1000000000
136 -225283.1000000000
137 -224831.1000000000
141 -224008.1000000000
142 -223608.1000000000
144 -222608.1000000000
146 -220764.1000000000
149 -219805.1000000000
150 -218883.1000000000
157 -216989.1000000000
161 -216353.1000000000
162 -215063.1000000000
164 -213163.1000000000
166 -211745.1000000000
167 -210277.1000000000
170 -210055.1000000000
174 -209807.1000000000
178 -209032.1000000000
182 -208057.1000000000
183 -207592.1000000000
184 -207003.1000000000
188 -206235.1000000000
191 -205298.1000000000
193 -203814.1000000000
194 -203504.1000000000
201 -202681.1000000000
208 -201837.1000000000
209 -200963.1000000000
210 -200212.1000000000
213 -199331.1000000000
222 -198608.1000000000
224 -197430.1000000000
227 -196490.1000000000
230 -196019.1000000000
231 -195329.1000000000
232 -194702.1000000000
235 -194115.1000000000
236 -193375.1000000000
246 -192490.1000000000
250 -190370.1000000000
258 -189541.1000000000
268 -188718.1000000000
270 -188476.1000000000
274 -186476.1000000000
277 -186364.1000000000
281 -184706.1000000000
283 -184220.1000000000
288 -183658.1000000000
303 -180214.1000000000
309 -179877.1000000000
325 -176129.1000000000
327 -174909.1000000000
329 -171161.1000000000
330 -171067.1000000000
332 -167775.1000000000
335 -167181.1000000000
340 -166507.1000000000
341 -165917.1000000000
351 -165093.1000000000
352 -163207.1000000000
355 -161791.1000000000
362 21635.9433584537
363 21978.9079988075
367 22000.9320253573
372 22399.1356489836
373 22410.0091903810
376 22509.9105390597
377 22554.4933162924
382 22672.5315882529
384 22687.3473777369
389 22989.1524850296
398 23122.1488623965
399 23219.2309963114
406 23299.6724789612
408 23354.4942036214
412 23505.9202754574
422 23704.5652613431
427 23784.8398529998
452 23948.8422366744
453 24313.9395033565
459 24358.9370621460
462 24408.0789769659
464 24421.5221708157
470 24510.8651976112
476 24648.3340350131
478 24812.5628336553
480 24845.1423391446
490 24939.9162812842
491 24998.0973903063
498 25128.0163370261
502 25169.1479705190
530 25268.1090895410
541 25367.1747861669
542 25605.5117014997
546 25703.8316609260
571 25774.3992611314
574 26034.2224674424
575 26332.8129343823
754 26349.9724837693
769 26600.3190111335
807 26685.6706697022
808 26691.6284455320
816 26735.8882894829
857 26796.7163691369
926 26800.6662496512
927 26813.4792134682
938 27012.7541657186
985 27130.0764142162
1276 27217.6523749825
1280 27351.9281334094
1384 27408.0060604409
1387 27527.7872132278
1388 27599.7401426033
1465 27756.1929690653
1918 27759.5612478168
1921 27782.8661307135
2047 27836.9364132800
10001 -160180.1000000000
evaluations raw_y
1 -275525.1000000000
5 -274912.1000000000
8 -273734.1000000000
10 -273011.1000000000
11 -272182.1000000000
13 -271493.1000000000
14 -271414.1000000000
15 -269912.1000000000
19 -269460.1000000000
21 -268510.1000000000
22 -264762.1000000000
23 -264095.1000000000
26 -263151.1000000000
29 -262795.1000000000
30 -262061.1000000000
33 -260167.1000000000
35 -259416.1000000000
36 -259024.1000000000
38 -258559.1000000000
40 -255667.1000000000
41 -254367.1000000000
42 -254163.1000000000
46 -252909.1000000000
47 -249325.1000000000
48 -248501.1000000000
50 -246731.1000000000
51 -246631.1000000000
52 -245253.1000000000
54 -244331.1000000000
55 -242377.1000000000
56 -242006.1000000000
57 -241412.1000000000
59 -241022.1000000000
63 -240433.1000000000
65 -238567.1000000000
66 -237844.1000000000
70 -236618.1000000000
71 -235134.1000000000
75 -232203.1000000000
77 -231740.1000000000
78 -231246.1000000000
79 -229802.1000000000
84 -228906.1000000000
85 -226454.1000000000
87 -225276.1000000000
91 -224780.1000000000
92 -222452.1000000000
95 -222230.1000000000
96 -220394.1000000000
98 -219520.1000000000
99 -219183.1000000000
102 -217715.1000000000
103 -217527.1000000000
106 -216767.1000000000
107 -216055.1000000000
110 -215596.1000000000
114 -214842.1000000000
117 -214685.1000000000
118 -214352.1000000000
120 -213930.1000000000
121 -213154.1000000000
127 -212233.1000000000
130 -211013.1000000000
131 -210646.1000000000
139 -209996.1000000000
143 -209152.1000000000
149 -205404.1000000000
151 -204445.1000000000
153 -203560.1000000000
156 -202874.1000000000
158 -201540.1000000000
161 -199540.1000000000
173 -199440.1000000000
175 -198503.1000000000
180 -197966.1000000000
188 -197033.1000000000
193 -196860.1000000000
195 -196116.1000000000
196 -196004.1000000000
202 -194588.1000000000
205 -192136.1000000000
208 -192089.1000000000
209 -191842.1000000000
210 -191537.1000000000
215 -190035.1000000000
224 -189346.1000000000
228 -188158.1000000000
233 -187686.1000000000
234 -185924.1000000000
238 -185922.1000000000
250 -185334.1000000000
253 -184453.1000000000
254 -183630.1000000000
266 -181050.1000000000
269 -180076.1000000000
270 -178596.1000000000
272 -176804.1000000000
278 -174904.1000000000
283 -173957.1000000000
285 -173513.1000000000
295 -172179.1000000000
296 -170817.1000000000
299 -170606.1000000000
316 -170604.1000000000
326 -170237.1000000000
329 -169333.1000000000
351 -168524.1000000000
352 -168044.1000000000
358 -167556.1000000000
364 -166582.1000000000
366 -164320.1000000000
368 -164264.1000000000
369 -163982.1000000000
380 -163756.1000000000
389 -161986.1000000000
391 -161672.1000000000
395 -161052.1000000000
396 -160064.1000000000
398 24917.7770430682
416 25022.5437353322
567 25222.7547780740
568 25324.2663724423
664 25428.5113737869
1158 25528.6006043838
1160 25728.7814216305
10001 -160272.1000000000
evaluations raw_y
1 -260625.1000000000
6 -259681.1000000000
10 -258852.1000000000
12 -256476.1000000000
13 -255098.1000000000
14 -253578.1000000000
16 -252606.1000000000
17 -251688.1000000000
20 -251533.1000000000
22 -249811.1000000000
24 -248557.1000000000
26 -247369.1000000000
27 -246495.1000000000
32 -243739.1000000000
33 -242295.1000000000
36 -240525.1000000000
40 -237209.1000000000
42 -235373.1000000000
43 -234598.1000000000
45 -233931.1000000000
47 -233437.1000000000
51 -233358.1000000000
53 -232529.1000000000
54 -231940.1000000000
56 -231884.1000000000
57 -230907.1000000000
58 -230084.1000000000
63 -228218.1000000000
67 -228030.1000000000
68 -227567.1000000000
72 -226663.1000000000
73 -225726.1000000000
74 -224902.1000000000
75 -224193.1000000000
87 -223557.1000000000
89 -223555.1000000000
90 -222961.1000000000
94 -221087.1000000000
97 -219911.1000000000
98 -219541.1000000000
105 -219174.1000000000
109 -216338.1000000000
113 -215649.1000000000
114 -215438.1000000000
117 -214505.1000000000
119 -214053.1000000000
120 -212676.1000000000
121 -211688.1000000000
122 -211225.1000000000
127 -210484.1000000000
128 -210405.1000000000
130 -206657.1000000000
133 -206557.1000000000
135 -205257.1000000000
139 -204133.1000000000
140 -202843.1000000000
146 -201081.1000000000
148 -200454.1000000000
153 -199120.1000000000
154 -198408.1000000000
161 -197775.1000000000
168 -196307.1000000000
173 -195885.1000000000
174 -195603.1000000000
188 -194377.1000000000
193 -194265.1000000000
195 -193191.1000000000
196 -192431.1000000000
198 -190551.1000000000
206 -190159.1000000000
211 -188651.1000000000
215 -188649.1000000000
228 -188174.1000000000
233 -187764.1000000000
240 -187114.1000000000
241 -185698.1000000000
243 -182810.1000000000
244 -181838.1000000000
247 -181791.1000000000
249 -180323.1000000000
251 -179915.1000000000
254 -179569.1000000000
262 -178981.1000000000
264 -177335.1000000000
271 -177234.1000000000
280 -177134.1000000000
285 -175650.1000000000
287 -175649.1000000000
288 -175153.1000000000
293 -174430.1000000000
299 -173740.1000000000
318 -172294.1000000000
321 -171550.1000000000
331 -170940.1000000000
335 -169282.1000000000
337 -169276.1000000000
356 -168602.1000000000
357 -167741.1000000000
364 -165897.1000000000
388 -162125.1000000000
392 -161391.1000000000
393 -160932.1000000000
395 -160058.1000000000
402 24036.8772874450
403 24237.4221040827
404 24494.1504522167
409 24803.3443293966
410 24921.1102030816
419 25032.2231205316
421 25133.8178033444
426 25235.0745899814
427 25335.7722851343
451 25735.5547073856
522 25835.2007348402
589 25935.1289030390
710 26134.9850745810
10001 -162299.1000000000
evaluations raw_y
1 -282704.1000000000
2 -282657.1000000000
4 -281796.1000000000
5 -279676.1000000000
6 -278802.1000000000
7 -277468.1000000000
8 -277101.1000000000
9 -275339.1000000000
10 -274159.1000000000
11 -272933.1000000000
13 -272623.1000000000
14 -272511.1000000000
15 -271589.1000000000
17 -271256.1000000000
18 -271009.1000000000
22 -270396.1000000000
23 -268916.1000000000
25 -268591.1000000000
27 -268132.1000000000
29 -267818.1000000000
31 -267231.1000000000
32 -265277.1000000000
34 -264867.1000000000
35 -264627.1000000000
36 -264139.1000000000
40 -264038.1000000000
41 -263222.1000000000
42 -261053.1000000000
43 -258297.1000000000
45 -257488.1000000000
48 -256798.1000000000
50 -255969.1000000000
52 -255247.1000000000
53 -253957.1000000000
60 -253248.1000000000
62 -251832.1000000000
66 -251158.1000000000
68 -249970.1000000000
69 -248462.1000000000
70 -248116.1000000000
72 -248085.1000000000
73 -246185.1000000000
80 -244813.1000000000
91 -243887.1000000000
93 -239887.1000000000
115 -238117.1000000000
116 -238111.1000000000
120 -237388.1000000000
122 -235868.1000000000
129 -234534.1000000000
136 -234229.1000000000
138 -233892.1000000000
141 -232920.1000000000
142 -232468.1000000000
143 -232327.1000000000
148 -230825.1000000000
151 -230295.1000000000
157 -229758.1000000000
161 -229145.1000000000
170 -229045.1000000000
172 -226669.1000000000
173 -225307.1000000000
174 -224335.1000000000
179 -223463.1000000000
186 -221103.1000000000
187 -220476.1000000000
188 -217599.1000000000
192 -214763.1000000000
196 -211871.1000000000
201 -211405.1000000000
205 -211183.1000000000
207 -209631.1000000000
211 -205883.1000000000
212 -205475.1000000000
223 -204531.1000000000
226 -203355.1000000000
231 -202890.1000000000
233 -202200.1000000000
234 -201356.1000000000
243 -201075.1000000000
246 -200333.1000000000
247 -198071.1000000000
248 -198009.1000000000
250 -194905.1000000000
256 -194269.1000000000
259 -193964.1000000000
266 -192242.1000000000
275 -190796.1000000000
278 -187908.1000000000
289 -187906.1000000000
290 -187900.1000000000
292 -187496.1000000000
295 -187494.1000000000
298 -187022.1000000000
302 -185644.1000000000
306 -184890.1000000000
315 -184642.1000000000
320 -182599.1000000000
322 -181986.1000000000
333 -181210.1000000000
336 -179833.1000000000
346 -178281.1000000000
348 -176835.1000000000
354 -175609.1000000000
358 -175165.1000000000
366 -173403.1000000000
374 -170951.1000000000
390 -170217.1000000000
397 -169935.1000000000
427 -168317.1000000000
443 -165386.1000000000
445 -162382.1000000000
454 -162288.1000000000
470 -161544.1000000000
476 -161465.1000000000
484 -160876.1000000000
486 -160108.1000000000
499 22144.4248851339
502 22223.5912959182
503 22312.5111052576
508 22346.9558511159
547 22355.9091952036
551 22508.6943810830
555 22535.3990748341
592 22734.6015692484
598 22833.5178177498
614 22947.2463080501
623 22977.2061371991
626 22982.1750033278
716 23081.7547542130
858 23480.0714801223
877 23679.2242893043
1092 23777.9648979166
1288 23793.9006365538
1290 23898.3905663168
1296 24145.7264866652
1298 24257.0940761963
1395 24336.0172886780
10001 -160411.1000000000
evaluations raw_y
1 -287486.1000000000
2 -286949.1000000000
4 -285975.1000000000
5 -284557.1000000000
7 -283995.1000000000
8 -282633.1000000000
9 -281261.1000000000
10 -280781.1000000000
11 -280358.1000000000
13 -279987.1000000000
14 -279595.1000000000
18 -278844.1000000000
19 -278840.1000000000
20 -278099.1000000000
22 -277612.1000000000
26 -276278.1000000000
28 -274442.1000000000
29 -272542.1000000000
30 -272331.1000000000
31 -271801.1000000000
32 -271379.1000000000
33 -271042.1000000000
35 -270120.1000000000
37 -269224.1000000000
42 -266962.1000000000
44 -266088.1000000000
46 -263728.1000000000
48 -263095.1000000000
49 -262482.1000000000
53 -262136.1000000000
54 -261684.1000000000
55 -260763.1000000000
56 -259837.1000000000
58 -259680.1000000000
59 -259432.1000000000
64 -259230.1000000000
65 -258734.1000000000
66 -258634.1000000000
72 -257790.1000000000
75 -254786.1000000000
77 -253140.1000000000
79 -252317.1000000000
80 -250595.1000000000
81 -249415.1000000000
82 -248779.1000000000
84 -248423.1000000000
86 -248219.1000000000
89 -246773.1000000000
90 -245997.1000000000
95 -245607.1000000000
96 -244483.1000000000
97 -243771.1000000000
99 -243457.1000000000
105 -242682.1000000000
106 -239790.1000000000
107 -238288.1000000000
112 -237108.1000000000
116 -235854.1000000000
117 -235792.1000000000
119 -234572.1000000000
120 -234525.1000000000
121 -233771.1000000000
124 -231443.1000000000
135 -230699.1000000000
139 -230228.1000000000
140 -228610.1000000000
145 -227233.1000000000
148 -226986.1000000000
151 -226049.1000000000
152 -224541.1000000000
156 -224137.1000000000
159 -223252.1000000000
163 -222800.1000000000
170 -222306.1000000000
171 -218722.1000000000
173 -218567.1000000000
179 -217617.1000000000
184 -216645.1000000000
185 -214987.1000000000
191 -214158.1000000000
192 -213469.1000000000
193 -213358.1000000000
194 -212381.1000000000
195 -211444.1000000000
198 -210066.1000000000
201 -209866.1000000000
207 -209743.1000000000
212 -209255.1000000000
217 -206444.1000000000
218 -206365.1000000000
224 -205998.1000000000
228 -203121.1000000000
237 -201569.1000000000
241 -199725.1000000000
242 -197845.1000000000
245 -197200.1000000000
246 -196012.1000000000
249 -194824.1000000000
263 -194230.1000000000
270 -191647.1000000000
273 -191407.1000000000
274 -191046.1000000000
276 -190072.1000000000
277 -189211.1000000000
278 -188330.1000000000
282 -187640.1000000000
286 -186466.1000000000
290 -182926.1000000000
296 -182804.1000000000
297 -182494.1000000000
299 -181754.1000000000
303 -180810.1000000000
305 -179364.1000000000
309 -176912.1000000000
317 -176170.1000000000
340 -175582.1000000000
346 -174248.1000000000
347 -173840.1000000000
349 -172320.1000000000
350 -172208.1000000000
351 -169832.1000000000
375 -168772.1000000000
400 -167772.1000000000
406 -167550.1000000000
411 -166861.1000000000
424 -166041.1000000000
473 -164147.1000000000
491 -164006.1000000000
493 -161207.1000000000
510 22199.9026358946
511 23271.9660311449
512 23593.5756863996
515 23826.6252201652
603 23926.6036613929
653 24126.5628716026
706 24326.5180807276
789 24427.8513443552
10001 24080.1018190545
