evaluations raw_y
1 -2166048.0000000005
2 -2147967.0000000005
3 -2116817.0000000005
9 -2115742.0000000005
13 -2114782.0000000005
14 -2112794.0000000005
25 -2096741.0000000005
48 -2082602.0000000005
73 -2079634.0000000005
90 -2077568.0000000005
91 303269.6750396267
113 307221.2471128743
169 311685.5590991369
194 311786.1899232005
237 317178.0468273864
314 317762.3385407925
339 319612.1674837968
353 321253.2108121942
419 323013.8675656870
473 323563.5648309863
507 326695.5582382421
577 331518.3428145100
691 333795.1287452530
889 336945.0442953813
1196 338216.5160848529
1250 339481.4599870141
1277 340568.7601679706
1349 343358.1013503321
1392 343560.4791454149
1450 345438.1793616883
1477 348952.1456449343
1543 349371.6025980663
1575 350784.9301105628
1660 351073.2247485158
1680 351563.5593615816
1699 352789.6178650043
1761 353491.1046924326
1796 354771.9517968908
1814 356532.8902997588
1821 356953.8783746894
1837 358512.8995352389
1966 359604.2563783990
2055 360663.0183302832
2149 362737.4957030415
2197 363418.2249090566
2273 363699.8763269999
2284 364041.3308485817
2288 364687.0056980590
2303 365157.2065619849
2306 365523.7732822131
2314 366794.6067920419
2329 368596.7203388991
2436 369516.1591820659
2487 370849.2430288826
2621 371935.0753514110
2641 372046.5724766699
2671 372100.0027188910
2702 372132.8919812560
2751 372936.4343220503
2811 373698.0216221081
2865 375200.0401812094
2887 375421.1259651428
2957 375626.9399814081
3327 375816.8142405824
3393 376067.6633759508
3611 376457.2838157492
3698 377058.0321070433
3853 378846.0374847283
3945 379074.7970878785
3947 379256.5380808024
3961 379520.3018489729
3969 380579.1973143415
4015 380983.9264433204
4062 381485.8117249853
4109 382561.0477325972
4142 382608.3544417666
4151 382611.8663694929
4192 382836.5360035701
4220 382963.4797262145
4237 383123.6729604715
4257 383289.2565184737
4353 383680.1703949525
4380 383810.5510763598
4746 384641.1250417452
4775 384754.6267732301
4893 384786.9896569002
5036 385016.9063819734
5038 385379.5088303085
5063 386041.5864329312
5099 387173.3081757549
5343 387216.6154037586
5350 387482.7174573162
5534 388239.5780141063
5876 388391.7517296110
5958 389073.8160778554
6092 389183.1539806972
6233 389253.7274268228
6358 389521.7339943619
6410 389995.2010512163
6436 390032.9111399409
6478 390213.7716328371
6654 391709.7739495656
6966 391906.8164780454
7185 392635.5207084956
7203 392809.5860202687
7212 392912.8766206418
7223 393098.8271795833
7261 393604.8655638561
7296 393666.0491181510
7353 394649.9616666452
7578 394684.4161534938
8066 394999.8413953395
8410 395215.2648977650
8490 395649.6928458876
8590 396439.0143207288
8710 396902.7145251857
8755 397565.3199813874
8999 397705.2409419857
9033 398140.0436509450
9255 399165.4623133470
9454 399223.4531647039
9513 399992.9366922884
9821 400154.6324981415
9979 401612.4603306912
10010 -2078604.0000000005
evaluations raw_y
1 -2129819.0000000005
2 -2128884.0000000005
4 -2128835.0000000005
13 -2128783.0000000005
20 -2098721.0000000005
21 -2093703.0000000005
40 -2089646.0000000005
48 -2079620.0000000005
74 312250.9166096615
93 318664.1457757557
185 319106.0134254750
218 323069.9162181323
228 325793.7400257539
283 327900.7817576064
434 328281.3798298215
535 328434.4331679664
554 329079.8085029958
559 332288.6312303407
707 333957.8919613368
799 334203.3287685985
834 336239.1353898120
835 337043.4541940227
901 338920.9328818283
918 340240.8010726032
945 341094.3990232682
980 341282.2783120896
1323 343043.8047487581
1377 345393.9412681485
1479 347454.1460611582
1509 348040.5524074335
1549 349410.1317237072
1564 352149.2641525427
1592 353099.2991934767
1665 353249.5107087075
1693 353415.6546423478
1706 353658.1820510825
1763 353693.8046116869
1771 354729.2542580467
1830 355682.0468142067
1839 356420.7385971520
1883 356568.8193870580
1988 357633.4992767021
2020 357696.1049863626
2043 358803.8635358789
2102 358893.6252851542
2130 358897.2576040094
2229 359415.0802219786
2263 359549.0577777856
2264 361392.4109944977
2291 362324.2742855984
2338 362414.0753542120
2407 362612.2576875478
2453 364018.3239943244
2474 364511.8600558314
2498 365168.7470908234
2618 367179.4334870417
2702 367847.3952892251
2735 367951.0735002094
2799 368442.5715528831
2842 369277.3613603718
2848 369746.8619471259
2912 369777.1813114753
2915 369980.2757811975
2933 370460.1768246407
2971 371482.9044310795
3101 372075.6910558170
3118 372139.8528657514
3121 372428.0613337843
3145 372500.9133377636
3146 372663.0611524417
3168 373366.9226616478
3353 374036.3482888123
3409 375401.9701784647
3438 375832.6506915523
3486 376253.3458719426
3577 376277.5501016292
3620 376675.9522333629
3762 376943.1473759489
3783 377695.3953109042
3905 377889.3993860497
3991 378902.8566512276
4065 379025.9101246031
4095 380163.7948174398
4110 380830.4902906562
4126 383182.0293535680
4157 384247.1079594161
4211 385533.3438203264
4235 386183.4012336371
4340 386575.5549005353
4383 386848.1558128376
4395 387769.6068107546
4417 388013.5899015322
4438 388026.2494921840
4478 388648.2891206403
4756 388724.2647517244
4760 388791.1772504236
4769 389790.1787133429
4940 390400.2922100382
5051 390514.0967243756
5071 391285.8551634417
5196 391344.8646093684
5262 391593.3340320969
5275 392963.6918117062
5322 393442.4012031829
5402 394310.7330562138
5580 394664.2304798343
5591 394917.1418907564
5627 395675.6637608574
5700 395748.6589444994
5826 395816.0793079620
5868 396993.5817567558
6087 397284.2072476916
6247 397528.5211152032
6326 397801.5452957088
6377 399064.3222225351
6852 400066.6813414517
6941 400214.7691273138
7105 401498.1470526275
7882 401871.8467893582
7914 402042.5776544748
8016 402102.5924058064
8130 402860.5991974687
8644 402933.4532570598
8702 403069.5802888534
8973 403074.5174601746
9170 403509.3794936375
9549 403682.9057472817
9652 403957.9244909351
9702 404002.3638750325
9739 404651.1065167522
10010 -2074559.0000000005
evaluations raw_y
1 -2138900.0000000005
4 -2088619.0000000005
35 -2087573.0000000005
37 -2081540.0000000005
41 -2075576.0000000005
54 310684.7488622327
58 311895.2578424521
89 314440.5936101148
93 315233.5242967407
108 315857.1298687931
134 316532.3140542308
140 320248.0998054544
284 322303.5317213016
338 325925.8287130398
346 327847.9707760661
498 329360.4044686584
599 330124.9972410842
790 331241.0157507953
855 333145.6825075751
894 334450.8316538486
909 337295.9362582452
948 337777.6057932029
952 339833.7085840551
973 340048.0860611936
1014 340267.9225244217
1055 342803.2393942186
1104 344314.6057014915
1152 345283.4194674195
1187 346770.4876135188
1264 349002.8146149449
1317 349690.2593777322
1361 350227.0156222454
1397 350802.5295279231
1429 350905.7740426411
1443 351382.5871736546
1496 352099.0788004373
1531 352662.2727289946
1635 354313.3151622277
1804 355048.1957688414
1843 355226.8418469913
1878 355371.2275221357
1910 355812.6775690635
1928 355874.9227594300
1930 358011.9364965577
1963 358097.9885215575
1994 360011.4737082671
2081 361089.2324170963
2310 362474.3222145655
2347 363959.3439304137
2396 365036.1614582891
2477 365903.0301145662
2527 366178.6419242957
2592 366532.5740750142
2599 366655.0077437381
2740 368609.1537667285
2780 369837.9586751647
2807 369895.4038664879
2820 370298.2073827093
2840 370524.0468668881
2893 371566.6549719231
3081 371583.8626909950
3155 372837.4420129656
3204 372947.9107064068
3233 373847.2622517549
3380 375857.7500140783
3470 376113.3414608053
3505 377348.6396434683
3537 377450.2154580099
3544 377854.3381808262
3575 378334.5199722318
3711 380779.7781362996
3846 382088.9019075948
3933 382268.7233307433
4022 383496.1500267280
4057 383932.0316539908
4107 384558.1743353005
4831 385457.4751355636
4943 386217.1951232605
4967 386240.5365361364
5086 386723.1330122520
5113 386937.4271713663
5155 387059.0545513814
5603 387114.1808359365
5607 389201.3967622084
5652 390459.3413618180
5877 390696.8025287421
6598 391158.1905348877
6765 392140.3222760072
6858 394149.9273072252
6912 394774.8780977525
7238 395468.0722386125
7361 397614.9867502262
7430 398236.2729443331
7439 398545.3216469756
7763 399684.0984361549
8639 400475.9615937770
8911 400532.8763100597
8998 400883.4192279870
9665 401896.7110185038
9752 402116.4477435420
10010 -2074630.0000000005
evaluations raw_y
1 -2125843.0000000005
7 -2120724.0000000005
22 -2103693.0000000005
39 -2092647.0000000005
56 -2091691.0000000005
58 -2089707.0000000005
65 -2089594.0000000005
67 -2075539.0000000005
80 305487.2404147388
103 313201.8859062040
140 314377.6191431237
183 315295.4670580854
185 317247.3623652555
314 322811.8631546125
355 326118.3257718220
399 327873.9698311240
429 328238.1926481287
443 328250.4628495272
491 331310.2242116950
501 331849.6074352568
526 334137.0916913075
743 335641.9348399157
1029 337665.9126192569
1073 338740.2000823860
1135 338839.7683431457
1148 339549.8409696730
1167 340046.0162001377
1194 344127.2567172862
1229 345680.3990642410
1413 346217.1155637561
1432 347453.7255610568
1468 347455.3010030141
1483 347571.3102912885
1505 347711.9958561728
1522 349377.2044712939
1586 349382.7880572726
1598 350252.0541753534
1617 352682.8719586795
1700 353267.9634975265
1731 354637.5283416488
1765 356532.9428906617
1782 360222.1081323081
1813 360616.8535654371
1840 360775.4462796963
1844 364666.6585307366
1940 364919.2782401196
1971 367149.2341554185
2010 367209.8321486155
2034 368012.6307291306
2087 369380.7282236543
2111 370151.4625408279
2157 370272.5767647582
2250 370818.6467649945
2343 372338.4589570118
2580 372354.1651772193
2614 372720.9718616927
2645 372913.4098986984
2731 373732.1703932256
2780 374976.1082477015
2816 375521.2925625393
2822 375798.4865723175
2849 376306.1729932239
2883 376517.0485827089
2976 376632.6471443982
3064 376639.0445687980
3109 376849.2785240056
3331 376873.3833128382
3336 377074.0280473382
3358 377534.5393061047
3374 378000.0071060871
3382 379005.7961943598
3389 379180.9923058365
3435 380894.0278038813
3541 380916.4198794693
3571 382392.3245682216
3764 383173.9872393933
3998 384244.7795890645
4001 385074.7202748691
4007 386445.1076121710
4079 388659.9410161353
4135 389611.6699799870
4602 391409.5411289973
4666 392035.8639699357
4916 392144.6126640929
4994 393574.6170084563
5133 394049.9595252128
5325 394931.8733730225
5586 395487.3842294386
5688 395787.4905637371
5696 396464.8800722440
6007 396754.0940023561
6023 397018.4571538791
6119 398192.4625128759
6211 398594.3007302331
6502 398998.6047367916
6557 399994.4694302747
6775 400214.3609482445
6796 400965.1880143144
6962 401222.3783981762
7091 401854.5933909951
7115 402324.7520505675
8580 402603.2647118262
8964 403026.3105940654
9108 403867.2365739640
9287 403956.7055880823
9448 404077.3039316166
10010 400616.8365919283
evaluations raw_y
1 -2148913.0000000005
2 -2122799.0000000005
7 -2114720.0000000005
10 -2113785.0000000005
13 -2093650.0000000005
22 -2082644.0000000005
29 -2082623.0000000005
47 -2081695.0000000005
64 -2080627.0000000005
69 -2073697.0000000005
78 298749.1655564431
103 311969.9358014464
204 312364.1572881622
230 316294.1498818153
269 321944.1199513130
341 322304.2751422531
417 322521.6213483844
452 322830.1529608372
464 327521.2278385444
471 328021.7370829536
503 329042.7193408703
771 329119.1908052310
824 331140.4371234037
826 332987.3572779774
977 335508.9575782892
1069 336888.4119171708
1110 337686.6365646358
1132 337865.2651792764
1159 339694.8458582945
1356 341194.9073132048
1388 343134.6107354931
1413 345492.9165165289
1459 345833.6933178139
1510 346871.9383092675
1516 347030.8116711474
1523 348133.2666749028
1524 350123.3392030689
1541 350329.4457800541
1588 351186.2105871820
1618 354328.6113263603
1654 354793.6108844050
1661 355517.5978487759
1691 355633.2593951967
1710 356635.5043374539
1713 356700.0681454065
1804 357725.0268891048
1851 358208.4941616119
1864 358900.2300999973
1869 359080.9685531728
1871 359110.2109520147
1899 361061.8844732842
1915 362066.3205010107
1948 362743.5300055151
2001 364057.6230690175
2018 365081.6138507192
2081 365790.0321881559
2114 366290.4957272790
2167 366624.8882559639
2185 367649.6919005208
2233 368093.0863864399
2252 368255.0572921276
2358 368655.0653954108
2359 369572.5758963925
2407 370197.1561923479
2473 370559.7100452052
2554 371604.8746718009
2615 371849.4187090199
2632 371876.8935027046
2650 372216.5576570539
2654 373543.3803769044
2748 373571.6775597357
2850 374154.8640016031
2977 374935.4522014636
2997 375115.4003630325
3030 376482.9855537940
3303 377987.0812107427
3427 378334.8726959458
3450 380187.1423473670
3565 380458.1070035709
3642 381113.3466147678
3669 381219.2013067863
3677 381885.2212572351
3690 384087.4940510659
3714 384496.9184041278
3731 384753.3382615704
3938 385065.3288787229
3952 385383.5360895696
4042 385779.2175555209
4061 386542.1535954674
4116 387168.1584876509
4206 387212.0252078390
4321 388393.9014006201
4434 389202.9235622839
4472 389631.7258780333
4612 390506.3403932430
4669 391386.9808384984
4766 391638.4717915502
4894 392564.9470687364
5621 392599.3721240505
5920 393462.8014257097
6137 394172.6476808298
6374 394493.5329601871
6414 395401.9039432442
6571 395971.7151164965
6957 395992.4819129407
7137 396124.1195455348
7339 396476.3378421550
7542 396941.0999181207
7684 397403.8736691355
7920 397631.0567032512
8135 397809.8430331026
8423 397949.2825573210
8487 398789.3022922642
8692 398837.1653282073
8723 399405.0901458861
8945 400157.6063148659
9067 400280.9295089486
9169 400835.1454874662
9299 400912.8086255494
9306 402748.8326356365
10010 -2074668.0000000005
evaluations raw_y
1 -2113703.0000000005
7 -2108645.0000000005
16 -2107727.0000000005
27 -2079558.0000000005
58 -2076583.0000000005
72 -2074606.0000000005
82 315917.1864878373
99 317224.6084001904
112 324261.9385750886
146 327169.7353852108
359 328929.3077230811
485 329440.9005157558
509 331883.8890958042
539 332566.9295446450
598 335325.8070921628
895 335734.4029397167
977 338468.8507411638
1108 340591.5488112312
1158 340924.1066757072
1180 342690.2558681538
1242 345092.6904855600
1251 345658.3414997405
1376 347973.5440639685
1420 348129.9399542646
1425 348428.0976860604
1454 349164.2594955684
1485 350942.8933091891
1501 351929.1249321019
1518 352452.3207612245
1533 353621.3762461866
1572 354023.1982184162
1579 354625.9864174718
1590 354973.3445467629
1595 355327.3217542451
1602 356192.1607183997
1618 357179.5543705254
1625 357655.5216202045
1632 358535.3833256384
1702 359433.4333797615
1744 359572.1196449097
1773 359694.9685524737
1846 359720.7263431208
1863 360343.5533817639
1885 360814.1724859498
1962 362460.8025024600
1991 363252.4162662380
1994 363679.5666457183
2032 364163.1829777047
2064 364889.5210850029
2119 365749.7172127625
2177 366073.7622531201
2203 366793.4799219888
2303 366974.1504740213
2315 368204.8223136825
2317 368265.4602063331
2415 369651.7936243432
2578 370883.8350859568
2627 371298.6283235170
2727 371382.6825299402
2754 372428.3524263168
2759 373492.2506202668
2777 374332.5728564912
2782 375565.7413618572
2814 375771.1870262936
2834 377387.9884080362
2909 378034.2565781075
2929 378276.4034080462
2948 378992.4097968946
2991 380426.3694235249
3039 380527.5873068691
3056 380724.6373234877
3192 381133.1941364112
3219 381243.1210007801
3233 381249.1945524508
3335 381437.2863716033
3360 381797.8347277282
3422 382382.2261695752
3496 382615.9415394232
3520 383069.3262906387
3538 383124.7697116656
3578 384536.6494986974
3760 384991.3491551946
3775 385515.7858845603
3817 386397.1490874252
3916 388262.9523308240
3993 390379.6867337110
4643 391328.2322120279
4725 392783.6600114550
4882 394769.2779273931
4958 395082.2223767632
5204 395756.9796858237
5388 395973.3323316401
5428 396068.0202139570
5740 396068.6016051814
5750 396539.7367327338
5787 396817.9388208058
5863 396953.5235142448
5875 397850.2660846454
6216 398945.6388349864
6571 399281.0713727511
6608 400191.1284058123
7162 401372.0743668146
7241 401496.2093975896
7395 401497.0089397848
7440 402272.1339295838
7680 402482.7454176361
8678 402614.5900407856
9018 403025.0990470408
9159 403405.9480713335
10010 396636.8398117638
evaluations raw_y
1 -2180106.0000000005
2 -2154001.0000000005
3 -2128963.0000000005
4 -2122903.0000000005
11 -2101716.0000000005
16 -2097662.0000000005
23 -2095759.0000000005
55 -2091698.0000000005
67 -2089630.0000000005
69 310782.7011426860
101 312870.6641209762
130 314057.7651372094
143 318078.6667625637
169 320233.0385298264
311 320325.1562370987
332 322505.9171593258
348 323039.6497251063
351 325723.5600972478
529 327861.9331012423
613 328278.4403997925
629 328876.2460897986
635 329190.7584619835
711 330831.9285235981
856 330864.3113171361
923 331801.0118784569
936 332840.2599465034
997 333563.5518743049
1066 335846.2713056889
1097 337258.1269904309
1147 338547.5523648231
1158 339559.6210854966
1234 340089.4826528872
1266 340466.8391233937
1322 341344.9224922311
1388 343953.8816463219
1498 346081.6486024277
1568 346285.6902695360
1605 347251.4906747168
1606 347354.3358025794
1627 348119.2474640504
1641 349081.0279711345
1689 349329.7768181947
1695 352049.8803243833
1732 352375.6818915292
1736 352784.5201830990
1768 353944.1154126824
1806 354293.5744514205
1820 354434.9431173485
1822 354998.2882211880
1858 356451.3141809708
1898 357582.7201820270
2071 358207.9999027324
2115 359274.5005731637
2145 361325.3046673234
2150 361522.7531595328
2250 362379.0875075301
2267 362887.6500285548
2345 363273.7181384331
2390 363651.1146931222
2461 365651.9208681029
2549 367713.1174606280
2597 367776.3446746818
2600 368496.5103445348
2660 368912.6032834551
2819 368941.3076539923
2870 369367.3857468736
2887 370319.3564030426
2913 370639.7438617736
2969 372017.3412786376
3081 373282.1085678096
3141 374092.7437979603
3180 374422.5259271372
3225 374458.2747454098
3392 374537.5351991010
3421 375194.9307139075
3432 375662.1985783671
3485 376390.0770635467
3537 377750.9957458497
3775 378128.5659095820
3850 378537.9162876621
4191 379206.3582649981
4235 379285.8757983220
4433 380156.0537011747
4502 380316.3180184794
4507 380890.9321942288
4520 381273.8448666731
4523 382508.3662482742
4731 383109.3463181059
4872 383343.9666137427
4926 383415.6292667105
5045 384119.3979120424
5499 385022.0370600692
5752 386295.2243431341
6075 386553.8590917219
6243 386937.0517498922
6282 387517.8867798268
6302 387604.0635107757
6361 387937.8854598237
6370 390100.1338126400
6416 390431.1865356896
6668 390663.1658353535
6771 392581.8111704776
6838 392621.9061433650
7018 393102.8606851934
7139 393787.2311457059
7532 394647.1898961730
8252 395589.8218076429
8343 396152.9506348709
8451 397026.0745323154
8506 397044.9855895790
8513 397746.8463062026
8755 397889.3677763334
8971 397948.3724495954
9305 398198.2249517978
9362 398262.3061206344
10010 -2074663.0000000005
evaluations raw_y
1 -2131830.0000000005
2 -2125854.0000000005
4 -2122808.0000000005
9 -2115846.0000000005
13 -2099748.0000000005
27 -2095635.0000000005
40 -2091579.0000000005
60 -2083626.0000000005
80 -2079572.0000000005
85 -2078615.0000000005
97 -2076651.0000000005
112 -2074624.0000000005
131 314730.9467257207
185 316649.9037148182
215 317829.4385648194
224 317870.1928942180
228 318205.4981769270
241 318278.6740476990
266 318726.7214867764
283 318856.3744774138
346 318933.7417138625
360 322976.0001896266
423 323365.7206138689
466 325484.6040669983
563 327444.8525638250
675 330640.6494343625
922 330953.4165545106
926 331777.5278058583
944 332645.5548010929
949 333285.6329567651
1142 333453.6317916585
1144 334381.5980215520
1191 338700.2042358157
1309 339146.2559787014
1351 340966.3716464087
1378 341286.3322305214
1453 343199.7609519656
1566 343247.9191862660
1584 343621.0096852776
1605 343819.5463044859
1614 344583.7407082826
1645 345071.3310536187
1677 345523.3379868342
1705 345530.8657297998
1711 346422.6043808957
1721 347778.2142881145
1777 349308.6859743174
1823 349341.6534662651
1824 350874.1152248327
1861 350981.9124118483
1865 351125.0273225515
1880 351987.1523814152
1894 353431.8984931232
1961 353483.4539456052
2005 354562.1438962166
2045 354778.1754632347
2047 354978.2165986657
2056 355048.2482937952
2058 355972.2540866722
2099 355994.4348309834
2101 356046.9466427720
2124 357100.7664021832
2137 359018.5500863987
2218 359541.1717790069
2241 359877.8850268282
2246 360025.6627476593
2253 361196.4496821432
2285 361652.1662900217
2297 364401.3948658110
2318 365360.2235637297
2388 365539.2548261387
2405 365924.7278827102
2429 367992.3914940526
2671 368023.9287591598
2997 368038.2138001066
2998 368332.0643404253
3073 368760.9238300778
3197 368821.3971348928
3199 369251.9236639556
3222 370401.8652251589
3329 371575.4990058239
3369 372256.3035374117
3476 372876.0770974873
3536 374722.3676998517
3587 375143.9044890592
3604 375306.3937635887
3622 375502.7946686504
3656 376548.2548232314
3670 376886.6747097714
3704 378159.1435626458
3818 378190.6806823395
3854 378307.1551792428
3933 378828.7495728921
3950 379013.1472135309
4090 379982.9703048859
4110 380046.1149085560
4131 380144.8026089385
4224 380837.6092770267
4329 380870.0973366587
4514 381197.3126042382
4525 381580.7165901991
4552 381697.7719073731
4610 382747.1569722858
4653 383783.4879642281
4803 384977.4469551383
4892 385885.5264702826
5208 386393.5646092476
5546 386393.5972996181
5555 386867.1388324476
5712 386983.3811743239
5875 387384.1800453563
6123 387835.9573202296
6181 387897.0153245276
6200 389196.1005752364
6256 389933.9521725277
6392 389950.9857308549
6538 391669.3437540926
6806 391694.9649945733
7269 391718.9395532887
7375 391727.8986791794
7480 392672.3917740145
7511 393087.1176718434
7610 393626.9531631397
7633 393850.1781059816
7706 394444.3712656423
7708 395062.5308928640
8264 395505.9119768901
8612 396394.0707950590
8708 396464.9123245742
9799 397648.7645678706
10010 -2074619.0000000005
evaluations raw_y
1 -2153926.0000000005
4 -2147018.0000000005
6 -2112862.0000000005
7 -2108790.0000000005
24 -2103676.0000000005
25 308561.0026727238
64 310548.5045298106
77 312287.0721337997
81 313974.0664309831
86 318267.9466844575
128 319341.9279789905
177 320104.6987777402
217 321238.8098891423
272 326530.6506588490
350 327002.1605719379
362 327537.7913768057
363 327648.2891459814
402 328499.0706960557
423 329383.3751434988
505 331404.2503389870
692 331710.1130236832
712 331753.1335961320
737 331865.8023983708
743 335209.8979292609
745 335264.3959050853
811 336335.2001743337
882 336409.9400450725
980 337696.3388132285
1063 339547.9076456103
1109 340270.2615739756
1364 340542.1318464093
1381 342494.0691532432
1398 343334.0216151098
1415 344211.4986918143
1505 347975.3222739375
1518 348886.5900320297
1539 349652.5040549421
1579 351004.8767310398
1621 352268.5493113489
1700 352395.1245251527
1701 352644.6597866357
1713 352692.1471498593
1716 352922.6459022290
1731 353879.7290788720
1777 354318.7672446528
1780 354538.9488979358
1800 356279.9126049069
1860 356674.0555987782
1881 357367.4019951961
1889 359255.7297292164
1960 359961.0806965985
1997 361254.6554992252
2100 361468.1182366906
2120 362426.4496335968
2195 364000.4792249246
2276 365292.1801298629
2329 366064.2104176657
2348 368239.4156851072
2443 369034.1826656433
2460 369112.7339997966
2475 371043.6604479673
2547 371076.3573182575
2590 373560.4521082275
2664 375902.3306664518
2860 376431.0543542930
2916 376548.0023216769
2937 378938.0684908380
3041 379554.3402975805
3123 380202.7763197230
3141 380612.1767436417
3183 381056.8588964592
3432 382185.0406738585
3478 382606.4691510822
3767 383397.9602406018
3857 383602.4867043523
3868 384016.2698106801
3903 385117.3240501130
4003 385530.2338216089
4026 386057.3706696191
4066 386360.6643343950
4235 386419.0875455635
4551 386783.8472005705
4597 387870.3946376677
4757 388521.6169792186
4829 388703.2230082742
4930 388866.4511255015
5083 389506.4850087211
5162 389984.4945573895
5189 390670.0009822323
5376 390715.2749542728
5377 391629.0161916725
5776 392500.8538890277
5954 394149.0742596544
5973 394627.3623478237
6259 394642.9671428623
6266 395184.0149147112
6363 395416.6049049554
6609 395609.8560580453
6748 395770.5349910298
6948 397112.0869403788
7923 397197.4798185676
7977 398332.6237492996
8102 398349.4567478266
8276 398417.8862953181
8356 398612.7225087294
8554 398704.6260955491
8615 399167.2675092935
8746 399186.8832911290
8779 399277.7023933879
8925 399666.9992166994
9075 400099.7049040018
9317 400110.9259895951
9605 400128.6565529998
10010 396056.2531146459
evaluations raw_y
1 -2109713.0000000005
15 -2094658.0000000005
39 -2083698.0000000005
41 -2080566.0000000005
47 -2077653.0000000005
67 305914.2766461486
77 306538.3697295107
81 309260.9041497903
99 311234.8045484556
114 322451.3541484423
266 324390.7542592116
276 324816.4595943082
293 325125.1542543104
498 328455.6940132284
595 334736.2123994168
812 336574.3008681654
905 338943.3971485081
1099 340766.4570453509
1133 341824.6822636346
1185 342742.6344586733
1218 345476.3722201079
1265 348476.8102308150
1392 348888.0505958820
1393 349501.1387428538
1402 350420.9630988823
1452 351773.3465215338
1481 352528.9225653787
1491 352800.0469228876
1534 354029.5788814935
1563 354289.8364891834
1593 354569.6607567663
1599 356243.5172729709
1637 357237.0841082537
1676 357915.7642940006
1686 357995.2463428759
1697 358302.0757110623
1706 359436.5625919911
1755 360125.6688130575
1767 360280.6109327993
1794 360530.5932416780
1839 361084.5074387689
1915 363135.3480172002
2005 363651.6071999063
2075 363678.2221577879
2078 364522.8637768578
2101 367997.7562065542
2170 368952.4734657434
2215 369588.7510367502
2373 370754.5138094675
2448 373212.0134665599
2530 373729.6304338221
2653 375345.8168827377
2693 375585.1604736857
2725 376261.2106799016
2747 376858.1481467030
2865 377753.1785476357
3044 378251.7083326143
3048 378378.9644649239
3052 378505.5652917442
3083 378725.0341014290
3092 379921.5616874415
3110 380689.2865666741
3296 381377.2857030121
3339 381410.0289000034
3356 382668.2439179778
3474 382791.6912057642
3586 384049.7848489581
4157 385086.3182787971
4577 385131.2867210649
4599 385682.3720223240
5017 386160.6641542038
5023 386495.2841499322
5204 388902.5540681137
5471 389380.2331358995
5648 389452.0176384773
5688 390249.9549696864
5785 391855.7327457668
5854 392329.1258898772
5886 394241.4728566894
6449 394504.8893464570
6473 395002.5767625163
6835 395799.1820829022
6967 395977.7943490479
7031 396095.3265477276
7122 396194.0314828131
7389 396402.2778837532
7776 396786.7519371274
7808 396955.0921195260
8043 397159.9134291606
8142 397702.3395136040
8214 397776.2126465320
8241 398149.5091858701
8421 398645.5501457744
8782 399424.8444177857
8866 399579.4020059293
8965 400917.4807244166
9081 401568.2896029913
9093 401794.4710437997
9392 402243.6925332419
10010 393710.3523740505
evaluations raw_y
1 -2132858.0000000005
4 -2130744.0000000005
6 -2127855.0000000005
7 -2109747.0000000005
27 -2102680.0000000005
34 -2095646.0000000005
43 -2092677.0000000005
54 -2083622.0000000005
60 -2082588.0000000005
62 -2079577.0000000005
84 -2075571.0000000005
96 313788.2941111306
138 317283.0247752897
149 318778.5327801027
306 321127.0787124374
316 325625.9138863130
360 326501.1087405313
421 329437.3180984316
530 329663.4225868008
643 333570.3161296485
827 335225.9717593006
913 336727.0721087756
977 337333.1156209052
1034 338035.2715849941
1056 338903.9160731673
1102 339625.2142041064
1121 339832.1758839900
1147 341665.7494662763
1163 342629.6203044257
1187 343641.1454647552
1207 345355.5297073321
1238 347920.5493743329
1280 348861.7709506397
1414 349371.4143891991
1423 350695.4898728604
1577 352522.6638645636
1623 352667.3981858884
1652 354185.5308599873
1660 354314.5759842865
1686 354573.2960398563
1687 354644.8948537424
1754 355366.2567720512
1768 357485.4439685455
1864 357770.6662144040
1893 360074.2843979363
1943 360555.2530235185
1946 361378.9084389614
1951 362768.7513437857
2002 363874.0179222588
2026 364354.4239150072
2039 364862.1801172176
2040 365081.5669778865
2078 365102.2917772841
2119 365121.5621876853
2131 366179.6375871534
2243 366323.7611976624
2305 367196.4272438486
2313 369715.0949476094
2338 371534.1803888804
2375 372197.3312397495
2407 372641.8951159343
2439 372657.7502359987
2561 373555.3128327387
2592 373978.2746670272
2763 374931.3080487103
3002 375740.3779690397
3270 377798.8839925851
3391 378896.2268629554
3500 379350.1914484650
3561 379552.8216664226
3583 380862.0372311090
3627 382147.5171230353
4013 382186.0867164368
4021 383028.3535959036
4066 383204.2610546554
4216 383528.8436691927
4240 383942.6252637695
4323 384701.1505520969
4332 385008.4500053982
4363 385065.3246757137
4393 385539.0814645145
4437 386597.6192510913
4499 386859.3966777631
4538 387561.1047199364
4577 388058.9514123438
4665 389164.2314030394
4788 389935.9889468896
4792 390594.1713934597
4938 391268.4577317847
5227 392228.5654214743
5291 392746.9632054683
5698 392983.6416192107
5789 393594.2170330571
5797 394084.8346902131
6117 395063.6254792034
6211 395529.8940040394
6329 395812.8329519410
6493 395861.7282022991
6761 396046.6898588261
6825 396809.4205585982
7065 396943.0837737204
7281 397051.7193334778
7323 397164.7695996695
7377 397476.1745174455
7418 398125.9986775261
7562 398323.6689895468
7579 400900.5062534469
8432 401382.3886621902
8460 402333.8611434057
9715 402487.3793524216
10010 398945.9667754247
evaluations raw_y
1 -2131924.0000000005
10 -2125840.0000000005
12 -2123741.0000000005
14 -2103685.0000000005
17 -2094732.0000000005
19 -2090658.0000000005
46 -2089596.0000000005
48 -2086668.0000000005
52 -2074593.0000000005
55 -2073566.0000000005
76 308243.7987306652
137 309423.3502181916
146 310627.2241962001
148 314015.1756782294
173 315988.9982814320
175 317234.6987234606
183 321895.5282276231
230 322231.6368055157
245 322962.3471682455
272 324316.3845311193
275 327522.2580667564
512 329770.2431021208
561 331874.9602597674
612 332966.0217614074
663 333118.7253715828
685 336594.3408940914
806 337276.9613958765
888 338536.0871488348
907 338854.5465771792
970 339602.9204403106
973 340647.3941140895
1222 341182.2345325793
1257 341492.4753063046
1335 341733.5940460257
1369 343944.4414677536
1462 346869.5882321652
1484 347045.2958250766
1499 347895.1212040975
1536 349149.5667009336
1540 349462.9561551766
1548 349898.7590604477
1555 351648.9880617323
1573 353058.4795566438
1587 353644.7325213841
1589 354938.7227020015
1618 356561.1062382113
1743 357891.4046263946
1753 357906.2875816745
1769 360982.5708376010
1810 361474.0224778915
1896 361723.9121455961
1911 362056.3733604671
1945 362286.9946328851
1948 363068.7664919969
1974 363641.8113993084
2029 363906.7952583833
2049 364213.3441507767
2062 364368.7216842105
2075 364415.7476995429
2076 364918.9253953180
2139 364970.0725954130
2211 365107.7567695701
2301 366091.0052887926
2353 366997.5398538529
2358 367914.8199078239
2422 368024.3124433964
2457 368160.3046001428
2495 369382.5387135143
2535 369589.4613687107
2573 369603.8715332993
2580 369673.5303518102
2603 369771.1016027119
2611 370579.0391699996
2629 372004.7993174160
2746 374134.7776720017
2771 374467.0670156094
2785 374769.5377835298
2801 374836.9459908723
2923 375052.2477213260
2975 375264.1820458052
2994 375999.4242583324
3086 376561.7951600261
3139 376976.4703857127
3175 377668.2608757193
3347 378295.4045102815
3355 379302.9415226014
3451 380507.7691375046
3538 380533.1639065164
3576 380591.0035138491
3719 380834.6893977795
3761 380984.4345983365
3822 382128.3228596814
3904 382182.6860779085
3976 382193.6969698913
4009 382387.2529554762
4026 382562.0041162740
4034 382609.2082545069
4120 382664.6230593837
4165 383472.8842798584
4182 383600.9738965217
4222 383905.3980633523
4224 384998.3933790023
4254 385299.9476858017
4336 386191.5009785257
4419 387073.2015668397
4713 387712.8341225909
4792 389076.3918760563
5287 389194.0691518146
5302 389813.2156571758
5370 390426.5708777877
5552 390613.8486364642
5851 391273.2315836070
5859 391616.8233572430
6008 392400.2749079790
6300 392447.4136334572
6389 392886.6684286032
6505 393207.2348407193
6657 393792.7807061865
6707 394143.2485644430
6757 394626.9248031352
6966 394716.5468673636
7022 395116.3641779817
7023 395500.2298559829
7166 395731.1932038711
7175 396458.9220541982
7308 396638.3967264926
7334 397685.2492386849
9015 398286.8675636684
9667 398610.3010346153
9847 398775.4634386496
10010 385944.1543456753
evaluations raw_y
1 -2098721.0000000005
9 -2097649.0000000005
21 -2073508.0000000005
41 310447.6346270913
80 316873.8177073041
115 317406.8781497080
214 318399.5959588852
215 318704.6834976506
260 320068.8798369053
321 320355.5334968328
329 323125.3902564208
355 323141.6024299090
421 325924.4532687968
453 326273.6574675598
478 327243.7912127954
481 328415.9319034988
485 329059.7877966771
506 333231.3459984463
612 334931.6104971120
697 334976.6402408628
704 335530.1073701275
742 335900.8807866280
747 337972.5326583448
1003 339271.7393282109
1058 340098.8525163694
1117 340162.8162671608
1156 341100.5709120024
1202 341439.6229861497
1218 343221.1376282561
1246 344161.4009764073
1325 344680.3918693631
1427 346257.7682344683
1441 346739.0475866391
1449 347438.2872961100
1494 347735.2583191734
1522 347974.1719813983
1577 348532.6697790767
1666 348841.3155077527
1668 349385.7902038181
1682 352110.6406825513
1733 352437.8024465762
1741 354614.0670232539
1771 356985.1586869879
1915 357135.4540537197
1961 357312.7649025627
1978 357349.1433932136
1997 357481.6018152550
2054 358177.9206902427
2068 359465.3436155460
2082 360946.0723049303
2208 360993.1212330804
2254 361348.6283274376
2266 361495.0840515504
2337 362348.4224458775
2379 363958.3833735342
2509 364022.2309950856
2549 364521.0895941644
2557 365761.4302767377
2571 367637.7331421752
2624 368179.4069841369
2693 368210.9312800584
2734 368412.0838298670
2736 370510.2784154301
2863 371114.5966124564
3037 371788.5508774137
3070 372246.7683151138
3099 372695.5929044983
3183 373377.7900503949
3266 373955.5985250309
3387 374403.7890922782
3447 374838.2600825806
3463 375774.1573083430
3488 375804.1343510560
3532 375918.4922032211
3584 375923.0537433137
3601 376586.6134672007
3603 376881.0425468999
3614 377299.2186051208
3714 377702.1486062635
3796 377935.0918855497
3801 378292.5684798926
3816 378669.1005630466
3837 379022.8493011234
3909 379436.1964902496
3946 379697.8707305254
3993 381159.3806662145
4193 382414.6252863921
4230 383211.4588684391
4338 383620.0716552563
4383 383995.0260390939
4395 384244.0654798288
4411 384347.6642131201
4422 385046.6557271613
4431 385571.0290294656
4461 385879.5439343009
4509 387815.3606611706
4990 390308.3320451957
5218 390671.7785016260
5279 391029.7431413074
5640 391352.2777806442
5689 392440.0575609590
5718 392798.8178100775
5807 392985.7198072009
5893 393308.8933145320
5960 393889.8557697917
6021 394394.9743151522
6173 394659.4845937130
6568 395556.0535484214
6977 395725.2014799339
7082 397625.3706250995
7544 397712.2837187526
7777 399366.8623067205
8089 399490.0486361845
8203 400245.5329821643
8629 401216.0781879387
8823 402376.9833809830
9111 403388.4058094650
9808 403834.7023316906
9826 404255.7433121355
9870 404541.1523951874
10010 -2082650.0000000005
evaluations raw_y
1 -2151908.0000000005
2 -2126735.0000000005
10 -2105746.0000000005
16 -2076658.0000000005
23 289706.0215425782
39 303681.3532508203
45 311617.6069451374
121 313003.8602579742
154 315087.1101396156
157 316496.5746884916
158 317535.1181009792
203 320096.7875657061
281 321163.5671206141
320 322081.6700723395
344 323889.0663940831
379 324678.4511282539
382 327601.7749676570
669 328810.4415631879
698 331058.3065198995
745 331158.1642688782
805 334739.7287950983
844 334961.4964708399
879 336218.2050720605
942 336601.8330814919
1052 337103.8470265649
1117 337903.8762345288
1139 338700.8137269685
1159 339073.3740580420
1267 339179.7994629372
1294 339964.6020537603
1307 341265.9566901118
1325 341647.8914546605
1329 341954.2757874869
1342 342906.6911184984
1343 345495.9472684506
1360 345838.3748510632
1367 346338.8401002403
1386 346569.3876689490
1402 349883.3908162276
1443 350433.8740301919
1487 350692.2441380039
1497 351989.1982911924
1527 352411.0308565203
1588 354099.9620830925
1620 354348.7637635522
1653 354714.9993010001
1666 355097.5647014328
1696 355842.3664135826
1708 356299.0330782568
1729 356664.4285586101
1733 357180.2805367179
1750 358095.7054258914
1756 358428.6546421329
1782 359105.2640673253
1827 359268.3475167096
1837 360926.4626797186
1861 361027.9309938148
1937 361245.5355134689
1938 362269.5928132673
1978 363488.5177471074
1999 363615.1918707650
2084 364459.6709813253
2187 365390.2452910406
2208 365510.0182775352
2210 366996.5016533296
2268 367794.8370466264
2341 368275.1856666430
2425 369043.3564767686
2460 370074.1335750103
2475 370401.0717501554
2501 371280.4661343008
2552 371700.2763542813
2579 372365.3005521040
2634 372996.7408083548
2700 373129.6664173994
2706 373132.3726988710
2723 374144.7774586700
2912 374939.9155452578
2920 375073.3960831775
3084 376502.6900091638
3101 378417.4479572772
3184 378628.6406097253
3510 378906.6018505204
3540 379898.6119500874
3565 379954.2372570093
3686 380699.6558830743
3769 380977.5709427669
3832 381704.3743936768
3922 381927.3929346033
3958 382332.5176184109
3968 383230.5822365751
4101 384631.5031769958
4265 385292.7207615916
4456 386063.5546005324
4536 386336.1697498828
4549 386425.4046231932
4602 387781.9471865798
4710 388201.3584864559
4782 389309.6952660939
5317 390040.1917229798
5340 390339.8177021687
5405 390491.4101710449
5471 391841.9232543557
5598 392245.7297487576
5622 393439.3086214114
5855 393537.2751717772
5871 395165.8457959213
5962 395242.8337962031
5987 395908.9890942202
6077 395938.6058040950
6103 395976.8831918481
6330 395988.6182158130
6550 396357.1379932120
6831 396864.9103618787
6878 397351.9722091325
7116 397646.4848264902
7123 398066.5867790583
7517 398159.2800083999
7700 398196.6195651775
7774 398455.1815398178
7971 398706.6028629402
8107 398744.8025964611
9612 398757.5520498573
9740 399077.6946561802
9986 399143.6472353095
9997 399590.2816528821
10010 393407.7601375974
evaluations raw_y
1 -2139785.0000000005
5 -2099717.0000000005
25 -2087619.0000000005
31 -2085679.0000000005
36 -2083659.0000000005
38 -2081648.0000000005
55 -2081578.0000000005
57 305543.9904422499
78 312341.8486607771
136 315114.4926853774
140 316009.0627461542
288 318750.4501874266
300 320757.0128765348
340 321849.2625507354
497 324803.2229714961
548 324815.6876771725
558 327337.7284824525
569 331721.6807721330
652 335782.6894475596
882 341450.3980815116
1169 345579.1243317681
1258 348852.7216312033
1322 349006.1368744625
1357 350070.6395731143
1450 353735.2721931714
1481 355062.2934268339
1594 356094.0407439865
1612 356745.3073396849
1637 357823.4605092786
1683 357919.4684905616
1706 358210.9048891895
1711 358319.5691564252
1734 358502.1425541302
1750 360038.1804668824
1797 361618.3665299958
1842 362846.7742672794
1857 363831.3367151580
1908 364622.6094970331
1977 366095.4235572176
2002 367156.1394173205
2025 369345.6509995679
2083 371010.6035840417
2119 372052.1549065229
2164 372184.9368086797
2216 372481.4264061904
2231 373180.1300518765
2338 373673.4976106152
2357 374071.2393550402
2396 374355.9986780523
2461 375310.1441596049
2529 375381.7295583824
2549 376206.6683325085
2577 376220.4098283412
2607 377776.1508982935
2673 377802.8769681908
2724 378018.8784553712
2747 378790.3183312333
2781 379108.2975001974
2791 380434.6078868878
2936 381026.1941209949
2958 381048.2216566126
2985 381944.8227895424
3098 381989.0763074579
3154 382261.8203863640
3165 382316.7479371937
3340 382427.7488094547
3688 382538.8063364130
3713 383008.9535810929
3868 383138.8360641400
3906 383405.5831139740
3969 384866.6747765702
4157 384883.0450916410
4238 386734.5586484839
4265 386807.5515786343
4374 387426.0616354422
4568 387975.9123868454
4766 388169.1781789904
4795 388413.3396278844
4865 388724.3549573222
4943 390036.3690175199
5054 390347.8367521835
5109 390597.2032104782
5211 391468.7991374712
5376 392089.7294497848
5463 392270.6341308748
5498 393552.2675281866
5536 394407.3188606494
5921 394445.0888816832
6195 394837.0097211824
6410 395852.0851388416
6613 396158.8520997263
6692 396388.3035107069
6759 397054.3545155518
6842 398041.8665802440
6897 399123.6566561456
6908 399401.2987807381
7674 400105.8158213363
8015 400125.7840563899
8085 400134.8447716169
8290 401643.9128952239
8956 401828.7672550232
9061 401982.9889263249
9078 402343.6702337835
9278 402408.1543490849
9710 402709.0490029225
9807 402910.4213132499
9873 403480.2423213068
10010 402736.3770403052
evaluations raw_y
1 -2124728.0000000005
9 -2121797.0000000005
12 -2114798.0000000005
13 -2110778.0000000005
14 -2099659.0000000005
22 -2093598.0000000005
37 -2086578.0000000005
49 -2085534.0000000005
71 -2084618.0000000005
80 -2073526.0000000005
99 298141.4152855317
118 301864.1514276938
123 305889.2198778071
155 306613.5474958940
183 307089.2657536076
200 307818.7767101717
223 309210.3604727248
237 311910.8562415648
261 312642.7164417976
276 314835.0197726997
351 315165.0551578160
376 318741.3393087407
445 319071.9817896623
461 329999.2533694389
562 330516.7177663573
606 331836.6239803858
622 332262.7579264067
656 336953.0202842873
835 338056.5452336664
962 338643.8680707599
993 339567.5334809957
1255 340919.5232359662
1279 341069.9230136171
1281 342453.4694453460
1304 344274.1696137681
1350 344643.9130730542
1465 344756.8294464223
1496 347228.6236795479
1562 348110.6965843068
1565 348897.4371590290
1569 349143.3939077604
1583 350418.5641004596
1689 350480.0869315373
1719 350846.6142243502
1746 350853.7409381687
1755 351072.1135317509
1780 351254.1137944320
1804 351429.7433547867
1845 352583.7992570798
1859 352671.6946821798
1869 352918.3672827188
1883 353371.3271288566
1900 355288.1222116505
1965 356392.6277124516
1973 356877.8637480453
2031 357361.2436603536
2081 358277.2524928686
2109 359704.8919260177
2143 360853.9056707099
2214 361343.8742766143
2237 361505.4542504704
2329 362124.5291179164
2370 363134.5704477571
2384 363148.8670778816
2455 363313.4792110885
2475 363467.6399164475
2481 363984.6218310851
2521 364492.5907462884
2538 365806.0386054285
2545 366130.4988536760
2576 366291.1386896779
2591 368110.0074426302
2637 368404.1976203036
2707 368409.7161519125
2723 369513.5194527395
2747 369651.7068548949
2773 369945.3998774667
2782 370608.5443548301
2801 371234.2364987865
2835 374539.7436041402
3399 375220.1472458283
3456 375741.1626870137
3515 375747.4839382830
3520 376773.0409893642
3524 378073.3020228331
3583 378394.3909423205
3619 378407.9697619151
3637 380129.9290687472
3719 380480.3446418752
3749 381394.5111022788
3755 381938.4990886091
3771 382154.4443883842
3982 382189.1904459073
4011 383222.8243438191
4085 383568.8073898670
4179 384163.9607591542
4232 384328.8807081777
4233 385017.8222366471
4240 385190.7795444911
4267 386723.8075739034
4290 387488.2036116425
4513 387589.4082031957
4629 387673.6834314473
4688 388030.3013374814
4785 389601.8886942643
4976 389888.2181150724
5070 390022.4026054575
5536 390130.0692763477
5629 390459.6358252838
5702 390751.2848859048
5880 390755.5973307320
5904 391101.6572121821
5912 392199.3576754897
6029 392376.0904120125
6650 392609.3896887925
6826 393132.2822511561
6962 393335.5771586201
7110 393719.3035724880
7161 393775.3498053669
7215 394107.6483710150
7356 394557.4708452135
7664 394875.6897220854
7840 396338.5924032663
8254 397043.3385025563
8384 397371.3826364041
8482 397378.7425660248
8516 398707.1008728119
9773 399242.1051554455
9819 400325.7591487038
10010 -2079594.0000000005
evaluations raw_y
1 -2142903.0000000005
2 -2127862.0000000005
7 -2123813.0000000005
9 -2117750.0000000005
22 -2114725.0000000005
27 -2108752.0000000005
30 -2105773.0000000005
39 -2093707.0000000005
59 -2093697.0000000005
61 -2089693.0000000005
68 -2089686.0000000005
79 -2076539.0000000005
96 -2074502.0000000005
98 299213.9179370727
110 310029.4723392754
130 310680.4911147772
167 312943.4011060657
238 314574.6225290467
256 315311.8136451614
270 316135.8294565454
286 317394.6554494572
335 321330.2755935517
386 321417.4025029071
496 322244.3002123227
520 322412.6327750813
544 323632.6506318682
589 328688.3495142799
679 329292.2444710096
687 329893.1623299076
721 330858.0477633994
837 331279.9872114543
857 332509.7585269962
1026 336006.8522613514
1264 338193.5582156401
1316 338601.4497634524
1321 342343.6056249447
1392 342967.6622846929
1528 346101.0027629691
1586 346372.0240446099
1603 346721.9282573701
1604 348149.2846128629
1608 349002.5213643463
1646 350052.0397305235
1654 351806.9676780138
1660 352186.6514185062
1661 352509.1191126364
1815 352627.2199948534
1852 353737.4712325886
1893 353938.6282635867
1907 354157.0195631382
1935 355508.9447392887
1954 356031.0357802602
1966 356195.3018660918
1978 356721.6145532671
1996 359233.4136320208
2046 360062.7587553342
2059 360868.0928279473
2062 361563.0032129817
2120 362041.0924597034
2124 362831.2211325059
2150 364220.9423827209
2182 364785.0383667489
2204 365535.8239856621
2256 368381.7884090717
2295 368812.5984030602
2420 368848.4368098542
2425 369428.4784115295
2447 369531.0086804038
2473 370823.8236186319
2492 373322.7453208809
2623 373812.5981571744
2733 374131.7084994229
2741 374176.4610774674
2754 374449.4784166435
2759 375388.6171552545
2794 375472.2478164507
2825 376113.5956768441
2832 377311.8260120408
2889 378393.2761579019
2907 378874.0797937639
3035 379461.5352251953
3248 381026.5923175166
3293 381753.7328034815
3354 381939.8464570139
3414 382160.1445830660
3418 382254.1021831437
3436 382375.7927107217
3462 382397.8383255947
3463 382436.5704665114
3487 383359.7140980047
3533 383613.9943631176
3578 384103.4778128621
3638 384294.3728780590
3706 385421.4134666555
3746 386254.5088234619
3961 386490.5268106177
3982 386525.1534825248
3986 386818.0640382274
4072 387508.9581619718
4113 388203.2196148328
4228 388633.0439324296
4441 389338.3675838048
4519 389786.0694955514
4553 390127.5378630263
4580 390205.4922101654
4599 391560.1169920721
4742 392280.0277170593
4830 393143.3489185201
4927 393216.0463260980
5029 394100.0361358729
5169 394638.7675197755
5378 395064.6343742494
5392 395433.3799950846
5408 396505.5016571268
5668 396656.3823602010
5957 398073.1552715310
6450 399392.7127305919
6800 399725.7747100309
6873 400221.2346864025
6894 400313.2948395530
6907 400392.6760503475
6909 401158.9497765051
7245 401851.4274827742
7253 402295.4573160651
7315 402909.8113696925
7485 402963.3963762560
7620 403295.7800754595
7834 404072.2033753787
8118 404182.0470374252
8315 405406.2371048260
8881 406714.2202844635
10010 -2077667.0000000005
evaluations raw_y
1 -2154999.0000000005
2 -2135875.0000000005
3 -2090673.0000000005
25 -2085558.0000000005
39 -2084708.0000000005
43 -2084559.0000000005
53 -2079596.0000000005
68 -2078502.0000000005
79 307988.4316690603
102 310447.4430354487
111 311043.6112504786
112 314832.7609417502
132 316552.4588160774
176 316974.9126274987
188 319660.9230547465
199 320223.5847432750
256 323491.9173893502
341 324935.9633992217
356 329084.2910192979
450 330150.8138797050
478 331110.5411822280
609 336513.7100699321
665 336936.1102744556
808 337645.1889711736
840 337835.0623861502
905 338127.5385682780
1004 342387.1232926928
1141 344765.4562750210
1222 346124.9432096942
1270 346386.5967490896
1323 346734.9671629378
1425 347797.2892805345
1531 348615.1661833131
1546 349170.0279239672
1574 350871.3451853127
1585 350886.1712725195
1588 351168.9973728813
1596 353407.8175666916
1647 354351.2927003748
1694 354702.5063852835
1709 354966.5699816330
1710 355034.2269496385
1717 355603.8920609931
1726 355964.1115486462
1741 356478.7606004913
1749 356496.1978298588
1761 357767.1643767643
1772 358252.3424075645
1785 358931.9633472033
1806 359257.7385698992
1825 359634.2749784139
1834 361491.0860013012
1865 362869.2377855351
1930 362931.2947914459
1940 363680.7964989818
1970 364359.3285936042
1979 365393.4544500785
1984 365589.1111151007
2057 368492.7580912132
2127 369290.0781899684
2163 369453.8629688423
2185 369688.9100082754
2194 369757.3832593384
2209 370244.9544691724
2285 370350.8657906409
2292 370716.1468255164
2302 370718.1320458128
2335 371081.6297374571
2360 373085.4797370923
2381 373299.9477463297
2402 373618.5177173928
2633 374535.1683338245
2765 375226.7113838774
2812 376137.8432718574
2830 376196.4213443662
3030 376466.8449794401
3068 376743.3030765959
3069 376770.0700522824
3071 377938.6141854984
3199 378033.2202101962
3264 379415.7718652169
3325 380341.7216434420
3402 380348.0170490739
3429 380539.0281640863
3459 381783.9767841195
3503 382795.0242348397
3622 382795.8570757660
3695 385273.3378369844
3848 387142.7544879676
4022 387447.3114095865
4040 387782.6976206771
4137 388032.4981132956
4147 388267.2356075529
4277 389006.7308600094
4369 389196.4177695289
4395 390035.0559625652
4426 390564.0780296428
4459 391726.3426181768
4520 391726.8856890104
4586 392742.4665731137
4620 393251.4272549136
4640 394004.2466680197
4716 395082.2598975710
4799 396065.3452244115
4845 396221.7361181927
4874 397010.8613085166
5036 397838.8932360133
5504 398022.9871869505
5568 398467.0908808013
5907 398905.5401454213
5991 399405.3315392552
6712 399440.2148523745
6894 400839.2692072056
7537 400861.6066890748
7850 400922.0849421691
8112 401274.0983896682
8119 402393.1359098636
8591 403187.2275780595
8708 403860.0096769171
9606 404112.7916765409
9640 404443.5272413235
9651 405109.3745050582
9885 405728.2321742404
10010 -2075651.0000000005
evaluations raw_y
1 -2124676.0000000005
6 -2108753.0000000005
16 -2105685.0000000005
21 -2100730.0000000005
25 -2096647.0000000005
36 -2075609.0000000005
53 -2073542.0000000005
64 302238.5404314898
85 310275.1704029752
100 315357.1834325520
118 316473.0617416746
203 317594.8276511175
210 321877.9397308943
230 323156.9422270081
335 323713.3148111217
499 324001.6695464682
525 325252.1900271019
528 327355.3413289310
662 330292.2817362425
772 330510.4022021914
791 330642.6733622164
799 332656.7068818597
837 333161.8659738343
845 336202.9459024863
870 338375.3383285350
994 338701.9258515295
1033 339194.9338471951
1036 339731.9812610568
1095 340118.7896307478
1128 343423.5239109422
1185 344012.7829059989
1225 348157.2593667147
1475 348555.0849753831
1498 349744.6964766723
1599 352533.4664202845
1653 352737.5505580649
1799 354434.9629699726
1811 354447.6572825749
1836 355400.7285473949
1841 356196.4763563946
1863 356389.9274942356
1893 357550.1153088400
1926 358540.4647351163
1980 358994.3271770343
2004 359558.5839047905
2015 360017.7110947522
2025 360841.9344500328
2056 362408.8026060971
2198 362427.8992014778
2221 362441.4120835952
2233 362538.5101912306
2262 363749.5913986893
2269 364019.6777286386
2285 364183.9937304614
2286 365022.1924697755
2325 365063.3261760265
2328 365535.9715853917
2373 366799.3080319825
2398 368000.1959358510
2498 368010.5596643364
2512 368637.3404577067
2549 369046.3147605165
2568 369353.5835694254
2646 370492.8525464331
2748 371202.4270260301
2776 373066.9262917575
2985 374082.3250031138
3002 374237.4381393066
3033 374563.1602295162
3081 375064.8157020056
3211 375338.6803920727
3250 376751.2484334917
3377 376773.1959798295
3445 378444.0454598896
3464 378487.2935084229
3497 379473.8203749532
3539 379814.6310499628
3584 380053.2683581215
3598 380365.6539915467
3628 381013.7441737184
3653 381638.8668258169
3683 381706.5931544351
3821 382451.1522184789
3966 382611.9417038858
4022 382775.4857327002
4128 383272.1733699516
4143 384089.7371135517
4184 384363.1997625098
4247 385185.8611365245
4531 385764.2274319368
4559 385822.0842703058
4606 386468.5857599979
4645 386777.0909889251
4649 386804.1022500194
4654 387154.6777997850
4719 387269.0923220073
4725 388100.4621288189
4796 388100.8700263163
4920 388501.4578306412
5008 389446.2618580262
5285 389993.5517000882
5592 390819.8476602364
5806 391158.8509007968
5908 391801.1297686486
5967 391808.9826252894
6188 392424.0790993599
6385 392715.6016888485
6634 393943.3473730542
6773 394329.4193832015
6992 395666.6039030693
7109 395823.0550972765
7399 395863.4345723356
7512 396377.7270772777
7612 397273.3648939476
7659 397739.0379398866
8046 397911.0919873625
9044 398051.5579805087
9053 398074.3763165363
9275 398101.7802744912
9293 398550.2248195744
9297 399216.6108424542
9323 400253.3814751570
10010 -2075582.0000000005
evaluations raw_y
1 -2135920.0000000005
2 -2134953.0000000005
5 -2120712.0000000005
11 -2098701.0000000005
31 -2094663.0000000005
32 -2092706.0000000005
39 309361.7030429621
110 312073.9400483114
139 312597.5039453536
142 313279.9506373858
153 315343.0547471613
165 315936.4440101721
207 318777.0803021126
260 326279.5247099858
340 327904.1260163509
347 328269.6834910095
384 328625.3156570630
395 330748.2606548949
533 331390.5214135389
774 332620.4701701459
892 334330.3879481257
1059 335338.3503707701
1077 335944.6812491478
1273 338334.6573170495
1324 339790.5160820319
1395 340527.8137010662
1428 340773.5115748355
1460 341348.8460890004
1471 342868.4709189422
1554 343023.4107655442
1572 343099.6067741499
1589 343278.5963124819
1594 343525.4907115668
1605 344621.7618863739
1615 345129.3273285401
1625 345881.1374396111
1640 346676.7226094849
1664 347061.0120147233
1680 348675.1737067108
1774 348809.5208616717
1783 349241.1958367408
1785 349878.1400485566
1792 351109.2162522011
1809 351136.4910138092
1818 351606.1191004246
1821 352683.9316305532
1843 353505.2470401873
1878 354609.9812408221
1896 355274.6048715136
1917 355851.8147377978
1949 357688.9974795296
2026 357976.7286607202
2052 358497.1636967486
2056 358651.5838006978
2061 359092.8417994113
2102 360178.3353382360
2193 360185.1006562682
2210 360776.6752286993
2280 360799.0743990337
2283 361059.6521031095
2304 362624.0637140794
2362 364346.7490615044
2447 364706.2472967942
2463 365130.4066914256
2496 365985.5620937556
2504 366384.1445062340
2531 366428.0894567450
2541 366893.7168293740
2632 367452.7717844196
2645 368144.7843011754
2769 368358.6157046537
2829 370754.5146356404
2865 371155.8841478553
2904 371848.6871046904
2961 372733.7524762942
2974 373877.9315595435
2991 374093.8111111689
3315 375154.5542444391
3491 376794.8492452878
3545 377695.4154246975
3558 378288.4289465573
3621 379630.6666736634
3731 380506.6538581866
3781 380817.5468873723
3826 382425.3410590386
3846 384360.5035063939
4042 385110.7817614129
4670 385928.0918236076
4813 387376.5028743073
4866 387391.7336854867
5045 389017.7121223083
5193 389456.0860365668
5594 389904.7293806775
5621 390432.5235131340
5761 390688.1888603812
6175 391551.4014785414
6204 391819.3509445864
6212 393120.7733277167
6387 394347.4852851079
6831 395371.3249545048
7173 396923.5546086947
7277 399185.5126929611
7340 400139.7784344683
7902 400620.8941838546
8002 400877.1548024568
8066 401130.0927986249
8080 401498.0775185308
8288 401773.5254393206
8311 402572.0491076665
8528 403076.9658701317
8616 403103.6280801095
8624 404197.3596289413
8684 405299.4374736969
9002 405598.2105242293
9130 405715.5948358290
9161 405915.2396599968
9359 406223.2808844554
9468 406698.1332332880
9490 409015.7626307352
9841 409098.7002429216
10010 -2075599.0000000005
evaluations raw_y
1 -2109695.0000000005
3 -2100729.0000000005
6 -2093636.0000000005
29 -2083558.0000000005
48 -2081482.0000000005
51 306982.8233937431
81 309096.1446464062
132 312439.0927298355
177 313965.9610922292
200 315737.3381045195
217 321299.6912640819
271 322802.2016236969
292 326206.7710830953
379 327131.7619005879
390 328836.3502796677
520 330252.1920780923
581 333389.3746414309
808 334846.5841546728
823 334860.5920341789
837 336330.0891122412
892 336482.4003838977
927 339567.4258868778
1013 339806.0810825214
1014 339869.1494925204
1045 340844.5120787059
1089 341513.7731700197
1090 342836.5539938462
1149 344383.8449512147
1213 345145.4872912837
1345 347144.8020526296
1403 348834.0569063684
1445 349405.4949109392
1451 349722.5356733206
1467 349762.9252411427
1504 352053.8822074697
1664 352179.7800071803
1673 352485.5086280097
1677 353110.0325460388
1702 353825.6893525015
1800 354117.1891730910
1822 354881.3211329026
1884 355495.2938986543
1888 355978.9448982484
1900 357120.7123135593
1950 358348.2804363408
2015 359189.0704165667
2037 359710.1996229536
2042 360359.5518012227
2079 360967.3106061757
2127 361344.6946351557
2137 361987.9317085721
2148 362160.7175046483
2185 362258.0243987484
2207 363572.4995961868
2214 364170.5304934513
2261 366093.4762662248
2282 366207.4919990154
2286 366378.2467420290
2296 368236.8112687292
2325 368420.5446117997
2409 368862.8160375416
2423 369675.3815490319
2437 370213.1991724559
2449 371626.3948595486
2493 372646.7048570630
2538 372966.1247329548
2565 374516.5873247244
2622 374650.1312306002
2638 374759.1815986008
2654 375007.0964593806
2676 376070.0768363103
2784 376240.7221859886
2816 376373.0378498225
2888 376926.5617308387
2928 377170.8488856089
2957 377418.8837023948
2986 377606.7615284281
3005 378370.6160029141
3029 378952.7393131704
3045 380410.0137862255
3284 380659.7975095915
3374 381178.2391942574
3401 381196.2375035498
3551 382011.5668730930
4150 382553.1140252869
4178 383051.7861698325
4270 383498.1088997254
4404 383907.7201177899
4415 384297.5544184528
4476 384301.0548379559
4515 384746.8724135581
4604 384890.3200497869
4796 385976.3952949604
4907 386527.1153497197
4920 386552.0747568297
4924 386605.6132555769
4946 387319.8756470665
5104 387985.7762093724
5377 388228.2969873397
5436 388403.3402412559
6019 388472.0342588639
6259 388498.8865188499
6319 388789.3057803334
6343 389282.3389568678
6401 389899.1904514694
6466 390338.8082978468
6526 390593.3430968639
6871 390679.2245359616
6879 390713.9697797285
6898 390982.7611664827
6989 391537.8193801425
7037 392351.7894355133
7109 393017.7024922525
7141 393245.3460329906
7185 393358.6543819511
7253 394397.4867545541
7331 394455.1012473223
8289 394594.6068542961
8319 395013.0994884580
8356 395269.6014372237
8431 395887.6788923072
9792 395919.7826390910
9796 396208.6479972516
9816 396718.8809672813
9912 396912.4674172900
10010 391855.5168817040
evaluations raw_y
1 -2143855.0000000005
3 -2094557.0000000005
13 -2089644.0000000005
26 -2083507.0000000005
40 -2074505.0000000005
46 297364.9972183855
83 304558.6325424673
108 305129.5380882139
118 307958.3412739639
163 311548.0954716993
228 316936.7375300763
246 317180.2698379786
274 320122.3607059338
305 320379.4933668060
307 320791.9756712168
369 323053.2364463676
485 323339.2646549941
534 329006.0658304613
590 329926.7077792527
638 331450.4945461043
641 333088.2661184510
776 336029.4403592253
1063 338608.8020898365
1174 338920.1900073661
1202 340214.0616838116
1347 341481.9182406805
1400 341610.2464079246
1510 343965.6978403445
1559 344454.7995618617
1576 344619.8526122665
1577 344661.6093852208
1591 345472.9045246789
1623 348680.9611374649
1661 348722.1633461794
1665 351745.8885406950
1680 354215.1155142137
1741 355658.8184843090
1811 355918.7016082823
1858 356151.5586008097
1860 356352.0331595013
1967 357157.4949978610
2012 357159.5378610309
2023 358050.5340184557
2167 359980.4472374062
2221 360020.1152550465
2226 360680.8335595115
2238 360712.7961657192
2242 360999.9428901946
2300 361378.2731529744
2308 361748.3831360155
2318 364421.9778242937
2339 365386.9581750580
2380 366756.9823912238
2399 366953.3075900792
2413 367178.9717356688
2421 369195.1269872643
2488 370783.3715220448
2598 371551.2103659953
2617 372849.1247896858
2675 373208.1565655495
2679 373675.9727870816
2717 374315.4019307473
2734 375390.1523687089
2757 376428.3088988482
3163 376627.8715987289
3197 377448.5025338458
3288 379598.4095075795
3364 379765.8804068704
3414 380698.9551188162
3617 381600.5470718330
3705 381689.1744497812
3886 381888.3557820876
3912 382218.1946293853
3917 382782.8266820895
4267 382837.7389453037
4333 383091.7698847986
4360 383197.5697230531
4401 383233.1040538711
4403 384246.7815047586
4422 385121.0707208563
4571 385307.1608204849
4646 385406.4912233875
4776 387424.0134781515
4793 387852.1198651173
4904 387859.0035395533
4910 389716.4953629327
4934 390322.3400116647
5106 391284.0121199025
5321 391313.1591720510
5371 391523.8869433572
5495 392428.4730532989
5649 393494.2579749377
5743 393654.3862488371
6003 394345.9323673936
7028 395315.8150290712
7081 395774.1517412217
7178 396332.0758556638
7419 396372.4047586727
7631 397770.2898613780
7940 398244.6787430522
8124 399493.7586315325
8341 400238.0024067797
8385 400336.0620725297
8675 401325.8082776157
8916 401550.1194335386
9680 401600.9752933130
9683 401884.9550339109
9872 402327.8300906602
9984 402590.9360720437
10010 398173.6122266575
evaluations raw_y
1 -2162075.0000000005
2 -2111891.0000000005
10 -2100753.0000000005
18 -2096770.0000000005
24 -2091726.0000000005
26 -2089655.0000000005
27 -2084723.0000000005
42 -2078687.0000000005
69 -2077751.0000000005
83 303065.3510388092
98 306772.5153887502
118 309770.3517592130
147 312045.5080494480
173 317263.0408545459
262 318232.6392218727
273 320556.5782656856
288 321158.9881944236
369 321337.8659667489
470 322654.4036428119
497 324156.5461832519
529 324423.5221890550
613 326038.3531680972
742 327023.9288688092
750 327189.4262916667
763 329365.2049336080
840 331397.3132734339
1035 331606.4207232047
1059 332596.7531115926
1101 333057.7516209327
1107 335991.2398634210
1193 337213.4899885862
1287 337366.4684930139
1302 339022.7501910425
1319 340944.4490289278
1404 341760.2732239623
1480 342944.0901823055
1484 342995.1451690586
1494 344226.7254257331
1542 345278.8625589876
1636 345291.6241537697
1661 345827.3342071080
1664 347589.2080045606
1688 348684.3834866153
1716 350288.3226643939
1754 351096.3113864184
1783 351541.8915526927
1842 351586.4615580321
1848 352281.2770156463
1855 354244.5677416106
1966 354820.1646690606
1994 355167.7207690141
2004 355800.9667668353
2023 357495.0865819056
2241 357530.3893984530
2274 358058.7883028226
2293 358291.2267600322
2307 358460.1645585129
2309 358980.6155726440
2336 359138.8678507601
2373 359702.6898203319
2378 359917.7811271228
2403 359998.7314935003
2424 363449.2907374782
2619 363943.1529939697
2711 364000.4745136309
2738 365219.6652676192
2758 365824.3809566731
2826 367268.4985394797
2843 368440.4235078210
2930 369038.0640214813
2940 369358.6082737379
2942 370368.5266425468
3001 370519.0177048461
3025 370925.8477498249
3070 371633.1466574825
3104 373526.5125630960
3419 374020.7443417787
3426 374142.9851359969
3447 374239.7399612649
3460 374596.5708774033
3532 374680.1529392997
3535 376412.3284700584
3565 376745.8864715645
3658 376881.7913929810
3696 377406.3076757336
3710 378360.2336810555
3763 380848.7121852401
3826 380851.1677471370
3868 382664.3549667165
3978 383052.7470155095
4022 383431.2144920870
4067 384245.2117164098
4075 384587.8866168712
4107 385141.2629579798
4918 385830.2564321766
4998 387743.2686325297
5088 388322.3120651794
5199 389050.3657305716
5414 389575.6152293849
5491 390043.2890017494
5880 390761.2329290676
5896 390939.0403803558
5973 391336.8049955997
6016 391565.3351795802
6174 393034.2543453538
6439 393494.0475474017
6448 393735.5089157647
6570 393760.6460908608
6640 394285.7626220667
6653 394288.5804068033
7861 394339.5887648247
8089 396331.1796179482
8548 396552.4599706822
8587 397333.5840635967
8996 397733.7726912542
9279 400496.0863249140
9632 401732.8396908506
9767 402004.8334323781
9814 403474.3771476271
10010 -2077592.0000000005
evaluations raw_y
1 -2143864.0000000005
3 -2115677.0000000005
24 -2112724.0000000005
32 -2107689.0000000005
40 -2106718.0000000005
42 -2094584.0000000005
57 -2086555.0000000005
75 -2083586.0000000005
87 -2082580.0000000005
92 -2076533.0000000005
132 294801.3078945938
146 295683.5088574984
149 300578.4485555714
151 302260.1865949371
165 305405.4217716744
187 307016.6238347062
210 310191.7873099780
300 314115.1949304766
328 315111.6890518668
372 316059.3647190385
402 317712.6971582150
429 320636.7119965168
499 323900.8319966330
557 326414.6288621057
624 327610.1494448844
669 328334.2790449392
678 328506.8255978657
682 329212.5035759814
769 333810.2890775208
895 337339.5687288557
1023 337491.4052491424
1252 337716.6346964660
1264 338195.2364239613
1314 340264.5547676571
1321 341458.0985029151
1388 344383.8575372096
1395 344815.6203151726
1466 345107.3262653367
1575 345704.5369083036
1611 346887.8285033478
1632 347705.9659721770
1635 348217.0244080144
1636 348490.3725522899
1663 349568.0701806708
1709 350953.9216587683
1719 352214.6332609974
1735 352598.5244131822
1736 353911.5619360048
1753 354307.9093992402
1779 354407.4043074135
1788 354606.9393575125
1793 355467.2938134476
1795 357162.2936494070
1826 357915.5779348294
1869 358802.9157205519
1972 360648.9041968471
2027 360915.6436908117
2069 361418.4485092146
2078 362245.8449069380
2170 362420.6327829878
2185 362628.3775557209
2279 363067.1230468240
2318 363677.0057399381
2462 364118.0285577073
2581 365737.3939657941
2670 366711.8375535463
2699 367151.6409021696
2869 367445.1899354972
2914 368545.5520877080
2954 368578.4851379261
2960 368763.8609451504
2962 369001.1306664553
2980 369573.7106061159
3079 369579.1150447947
3180 369680.2478327965
3189 370753.6772030847
3193 371591.7291525773
3271 371917.3367832274
3355 372080.2581604557
3362 372280.6178053596
3402 373800.2563321397
3420 375198.5319142709
3538 375697.1071586994
3581 375937.0907217665
3751 376273.3494089266
3779 376462.9552838711
3823 376577.0902768301
3824 377138.4880948265
3937 377625.1150958973
3986 378906.4447830917
4028 379037.5468117098
4057 380665.0008851324
4386 381984.2404964123
4497 382837.4071024507
5152 383088.2034761367
5287 383110.0134595205
5389 383327.5341596553
5403 383502.3506722666
5493 383765.2569921634
5554 385082.5895641998
6031 385592.1628145783
6148 386027.6860245587
6150 387564.1113291515
6410 387854.8205393418
6413 388928.5869186898
6557 389172.4805988153
7006 389443.1600652458
7039 389471.4110510670
7055 389771.8595723677
7095 390221.6596291106
7100 390381.9371408181
7189 391753.9695829841
7279 391951.2421759218
7317 393177.3594016781
7717 393649.2100268920
7736 396092.3559783316
8365 396882.5916032603
8807 397251.1548525525
9223 397409.1981712884
9328 397888.7457212664
9368 398571.7717163370
9784 398635.0224668053
9797 398868.7897741225
9910 399069.7207430439
10010 394753.2673966034
evaluations raw_y
1 -2134932.0000000005
3 -2133943.0000000005
7 -2122826.0000000005
10 -2122789.0000000005
13 -2118815.0000000005
18 -2105787.0000000005
21 -2104778.0000000005
35 -2102766.0000000005
38 -2100723.0000000005
39 -2097752.0000000005
41 -2092649.0000000005
68 -2088724.0000000005
76 -2077630.0000000005
83 300818.9645003002
95 303398.5638475697
105 303602.4361499588
118 312457.4373383340
261 314924.7712232893
346 319543.0523679985
399 320298.9523823308
433 321301.6695096157
471 324464.6934421065
482 324980.7418830636
495 327012.9914397434
879 330153.0982392824
996 331481.7313017162
1030 333599.8234420884
1058 333756.9775005762
1077 335734.1789191114
1120 337198.8575713469
1141 338335.8206578402
1146 339075.2610400015
1170 340706.6669089982
1174 340722.2033030656
1210 342253.6817196126
1257 342862.3139055655
1390 343445.8391025746
1428 343968.0553882252
1502 345539.2928966918
1515 347662.9026577077
1575 348678.1978465929
1610 349707.3068695462
1626 350476.9246245985
1756 351476.3328928324
1805 351981.1578376411
1851 354227.1942542780
1876 354416.4936737821
1932 354451.8838811103
1942 355194.6298104472
1944 355519.5156638396
1948 355897.0321131197
1982 356414.7196670481
1983 357178.1289530511
1986 357405.4502351642
2020 357547.0870444859
2032 359178.7568669588
2044 359615.5358537845
2124 360603.0432076826
2163 360821.7555442628
2246 362226.6146681821
2263 362476.1943937345
2270 363115.3611991734
2271 363334.8946946331
2279 364357.9133002803
2322 365026.3918248781
2326 365710.3438829728
2383 367894.2662088557
2442 369499.8610727448
2473 370050.0408273401
2529 371749.0615048477
2693 371749.6769270371
2780 373995.8497268643
3141 374272.3811210197
3214 374757.5970909848
3217 375887.9218367904
3292 375917.3502851400
3332 375943.3417069080
3638 377821.8587940274
3686 378603.6075849566
3699 379286.1236948663
3798 379309.9962749751
3872 380587.0552866504
3875 381294.7893827707
4096 382472.3552369649
4122 383700.4274603449
4157 384342.6327256829
4161 384809.8954329120
4186 384902.7109073812
4204 385356.1634288970
4354 385507.2755489701
4393 385737.9502165060
4425 386948.1238615686
4488 388816.2800089592
4579 389398.1110987014
4753 390512.7828413050
4878 391362.9116592359
5339 391436.2525859881
5416 391974.9693364418
5766 392419.8806831116
6363 392496.3105584862
6434 392510.9509698790
6438 392871.6700375693
6738 392874.1505468063
7125 393908.0258033068
8309 394752.7131967716
8401 394917.0088660400
8419 395063.1620641455
8557 395606.6350371584
8576 395710.5269635920
8630 395802.1734520047
8657 397251.2248153570
8828 397311.7516055995
8901 397497.1951377381
9940 397711.8641186066
9982 398078.6587787899
10010 -2074578.0000000005
evaluations raw_y
1 -2149881.0000000005
2 -2121786.0000000005
6 -2097738.0000000005
36 -2090615.0000000005
37 -2081686.0000000005
49 -2074660.0000000005
54 304490.2604340561
72 312645.8049769158
106 313305.8212602389
118 317178.3220613631
156 322894.0529257399
186 323143.9824345570
202 324866.4944133144
259 328088.9031655516
348 331666.5326508759
512 332635.0950009138
530 337258.0983758164
903 338210.1636562654
1129 338628.2550153911
1248 339925.2191412522
1347 342040.9672370047
1379 343512.7083998065
1451 344707.2657835744
1493 346858.6550628497
1508 347343.0114251518
1532 347800.0304264147
1555 348219.3184634385
1585 348848.1865498151
1611 348966.3891125013
1622 348974.1155271783
1633 350927.3603730419
1680 351476.4265316320
1737 351497.5321938206
1742 352712.4576450235
1765 353221.2106579680
1798 354106.5804179304
1879 355873.6003104867
1909 355985.2253598564
1966 356170.9653032325
1998 356452.1368975019
2029 356967.4505075628
2095 357381.4163064806
2144 357390.2587832903
2161 360062.5725805196
2205 360178.1048605999
2243 360403.2462425675
2274 360540.6765352834
2362 360736.8095694503
2387 361117.3362016138
2400 362793.7873141088
2418 363465.3714722107
2492 363555.0060014242
2523 364156.2895526686
2527 366842.9159328675
2624 367675.6137206692
2641 367935.0742724820
2675 369423.5460174389
2711 371211.0589158430
2764 372084.5871921380
2781 373030.7857964523
2799 373298.2504199778
2852 373579.0257843269
2933 374507.0502446055
2951 375399.4084451582
2955 376437.6145823069
2960 376875.3073026582
2977 377067.0681905226
3005 378949.5538004169
3040 380340.2500978868
3173 380361.4319180081
3182 381579.4731436040
3696 381911.3229048029
3755 382318.7747955366
3942 383029.2285612923
4003 383131.5475124160
4051 383989.1208519200
4125 384801.4776881691
4226 385562.2298645252
4475 386219.2101939117
4737 386326.4042539202
4760 386907.4607778302
4804 387563.2575704600
4875 388476.7066180805
5122 388932.4771647824
5152 389298.5862111331
5444 389406.7380071043
5490 389582.7504110266
5499 389961.1131676665
5547 390180.6110524238
5601 390895.4620935524
6101 391387.6329632995
6201 393170.3992639343
6383 393277.0501585967
6608 393380.0694816190
6820 394410.2540787284
7386 395008.5633960102
7601 395370.3132549094
7612 396565.0135402131
7777 397470.2474462351
8010 397488.9329262471
8082 397677.8277036020
8095 398625.8354476484
8817 399098.6739793851
8853 399977.3870220977
9023 401417.5999540191
9421 401943.7068790781
9532 402090.3106644232
9675 402881.4346566204
9710 403222.4078774822
9812 404786.0400248774
9979 405041.8520283230
10010 -2075546.0000000005
evaluations raw_y
1 -2117770.0000000005
2 -2115868.0000000005
3 -2105721.0000000005
19 -2101716.0000000005
31 -2096678.0000000005
33 -2073545.0000000005
39 311742.6357402967
113 312157.3616678900
164 312195.7108809359
168 314224.7887466167
170 315066.9975195121
282 315172.0161472055
304 320307.2690016382
318 320447.2780463187
368 321744.9183812889
382 322956.6915302006
456 323330.9876469465
471 323673.0437909143
482 324583.0573761904
491 328207.5678008979
633 330154.4335533325
676 331517.7619564342
712 331902.7710024195
800 332310.8404101655
837 333623.2472831690
851 334430.0700906752
940 336483.8535852353
1185 337300.4443501473
1208 338269.3104100284
1213 339857.4088449714
1249 340621.2118619991
1255 341555.8905984293
1300 343701.9192647741
1343 344729.2917142469
1361 345762.8238200242
1378 347381.8437039738
1516 348772.3547873815
1520 349777.6691571487
1599 350415.1853531524
1611 351215.3999466615
1654 351621.6615557104
1725 351956.0486772496
1762 353361.6136439737
1798 354540.3485991727
1824 354818.6571653520
1830 356665.3978282923
1844 357353.6677050946
1871 357851.5137423521
1892 358336.9894544266
1920 360757.0354413143
1940 362517.0325805552
1953 362972.2343743810
2019 363532.8856560181
2085 363961.2279142189
2133 363984.6319030225
2150 365273.0277890585
2254 366882.5142374081
2285 368399.6526392333
2320 370490.2340725347
2608 370494.2207228514
2669 370961.9040948708
2672 371200.2649345829
2714 371666.2725044651
3171 371715.0171959510
3447 371898.4131617719
3528 372354.3071038753
3576 372866.2630598195
3619 373491.5841811974
3636 373745.7729365869
3656 374571.9689893203
3683 375060.6999727879
3727 375326.2140435773
3744 375426.7025977165
3816 376428.1934579403
3996 376508.8494953592
4016 378283.6722747048
4071 379264.7722926702
4106 380986.0641864671
4369 381435.7458059106
4449 381742.5347622221
4488 382873.6171095182
4535 383770.8107724267
4545 384893.0639623163
4564 385039.6995924410
4615 385493.8902048451
4677 386598.5979818589
4818 387174.5907148006
5025 387363.0241253602
5095 387572.5051681652
5430 388736.6602819283
5579 389110.0048216334
5668 389362.5046337929
5853 389559.1457051586
5866 390267.2502289957
5983 390394.0520178142
6044 391410.0360545435
6218 391557.7340234236
6489 392572.4772032514
6592 392662.2353063326
6776 392980.8507393174
6817 394273.3131212998
7492 394344.4551008641
7736 394751.7409132948
7887 394951.5035005214
8056 395366.2218577468
8201 397096.4821084120
8396 397165.8391183037
8686 399056.4006498221
9033 399182.0576455300
9099 399708.4742967993
9322 400790.0042203007
9436 401368.4150520567
9662 401497.5017276573
10010 395585.8951486538
evaluations raw_y
1 -2137897.0000000005
4 -2122800.0000000005
5 -2108712.0000000005
11 -2106714.0000000005
14 -2097665.0000000005
39 -2087585.0000000005
53 -2083578.0000000005
59 304916.4144494881
80 315317.4744849061
96 316800.0341430387
116 319080.8742313807
131 321733.0169966998
301 324366.9989996735
446 330846.2541639816
608 331430.1847969242
787 333092.6594481323
820 334052.6752245147
966 335721.6237402424
988 337266.6296498560
1072 337555.4617882510
1121 338244.0906476884
1126 340369.7157725354
1374 340640.8203791441
1419 342462.4940522735
1448 343040.8003823991
1497 343081.8032684174
1550 344392.4574503760
1605 346512.7827367719
1651 347329.3250318045
1684 347552.1747055835
1745 347610.2975131740
1796 348491.5812518399
1808 349139.6136946348
1831 349243.0579514566
1847 349670.3420435460
1853 350271.3477651912
1923 350272.9711062516
1938 350285.5543023957
1953 352776.4388737238
2016 353695.6207938094
2037 354140.1902401473
2076 355586.8870458531
2092 356090.6107812033
2126 357383.6428097278
2175 358347.4563216115
2178 358906.4359501330
2272 359741.6172304244
2275 359751.9269747210
2322 360322.9965370875
2352 362873.3243782233
2387 363274.7756315916
2394 363385.9949042408
2408 364335.6290614494
2411 364944.6955334191
2474 365089.6594269272
2530 365168.0501630997
2565 365824.9278858831
2570 366306.1972758172
2584 366312.6403452593
2644 366527.5815111168
2654 366614.7101167995
2663 368092.8974151005
2672 368246.2079279530
2694 368304.7367486349
2728 371674.0106619044
2824 371998.1780731938
2905 372490.8105541662
2941 373204.5203291022
3007 374033.5234849467
3056 374184.5257979459
3078 374564.1690783118
3190 374841.9944657481
3265 377353.7112520452
3551 379201.0958982230
3589 379393.9116855810
3613 379710.3231963855
3655 380153.9018340658
3668 381721.3394953840
3841 382056.9066955059
3990 382569.3292332783
4088 383801.5728779815
4222 383846.0816858606
4457 384649.4972765738
4562 384752.0325664295
4600 385634.2330687542
4794 387414.2109744278
4960 389286.1837724134
4988 389831.8581240856
5271 389851.8185576298
5396 389920.6180916151
5578 390128.1071646713
5604 390399.4374092018
5892 390534.0366036024
6015 391030.7447226861
6053 391161.7542090478
6466 392379.4006484797
6727 393073.3149717255
6808 393357.8748897298
6837 393771.2981505524
6872 394161.8782976318
6933 394273.6522645024
6940 394519.8842922381
7062 394869.1477656677
7197 395645.3898267163
7313 396538.3064988307
8084 397172.5634270585
8146 398065.0903235913
8595 399506.8993356445
8810 399516.4296349682
9069 399856.4712302471
9089 400133.3657621105
9183 400271.7750241105
9575 400511.8184588731
9643 401004.8229493785
9708 401475.5567455310
10010 -2081650.0000000005
evaluations raw_y
1 -2145887.0000000005
2 -2137855.0000000005
3 -2125872.0000000005
4 -2115865.0000000005
12 -2109753.0000000005
17 -2100639.0000000005
33 -2099615.0000000005
36 -2095695.0000000005
39 -2094621.0000000005
42 -2081627.0000000005
68 -2078547.0000000005
71 -2076474.0000000005
89 301825.0539844503
98 304293.3290837202
102 305393.1884855286
108 307742.3893120403
149 308889.7229338941
172 311839.1019347167
176 312968.2398587397
214 317001.0041963197
266 322124.1316877977
543 323746.5463827616
545 329301.2385925958
683 330550.1722933672
730 333713.1186764105
796 334581.9451321167
860 335497.7967828701
880 336394.2903518737
915 336537.9660105397
931 338070.2801806600
960 339765.1031657000
963 342411.3422792759
1044 344813.5298824939
1055 344910.6177977658
1079 345634.2279523820
1084 349148.9279045076
1129 350726.1451022143
1424 351044.2231805351
1472 351205.4638387244
1481 351682.6726775256
1500 352213.0778010497
1511 352706.8428239758
1569 354232.1775370357
1628 355569.7611715353
1680 356492.1926404854
1681 356921.0580886340
1778 357053.4092438879
1804 358068.2717529550
1825 359521.6144625841
1865 360878.0612444743
1887 361135.2482344651
1890 361302.8955411348
1956 361647.7229647603
1969 361653.2905033875
1979 361682.3530685529
1987 363189.9539348696
1994 363226.6753116948
2011 363401.5420439790
2029 363531.5405138228
2071 363615.1703339019
2093 364063.1584141924
2175 364264.2806056602
2236 364439.8970508797
2238 364793.7126844850
2281 366100.2359216801
2285 367803.4512784875
2416 368385.6773882040
2500 369671.1273731731
2550 369709.9468187864
2635 371966.3209141740
2687 372261.7491284310
2804 373187.1528366260
2854 374056.6854876775
2923 375921.7846703809
2986 376009.1130305840
3029 376206.0169436610
3055 376710.6164774746
3090 376821.8669235369
3092 380230.1029635975
3451 380636.6883456192
4055 380641.2093092687
4273 381573.1280454705
4415 381790.9923016898
4485 382080.2441113018
4514 382811.7447445442
4659 383254.5518208200
4679 384225.6065177739
4711 384657.3318995968
4735 385151.0365758848
4780 385258.4244045523
4782 385516.0853352103
4800 386102.7322106166
4856 386541.8479199644
4914 386878.8915633243
5077 387456.9504647608
5277 387863.6446776662
5343 388014.8333110911
5458 388046.8200612905
5513 389234.3517703468
5541 389420.6771379034
5630 389485.5919266894
5647 390858.9203015471
5650 391040.6302132188
6619 392176.6559194009
6874 393038.5397799941
6939 393728.8677801800
7082 393807.2043928035
7109 393847.1859290319
7391 394984.1047754631
7458 395275.6564389674
7474 395368.2493592473
7493 396645.5480845046
7966 396988.6022201283
8329 398006.2841591202
8555 398739.2555857659
8746 398976.1315597764
8976 400056.2787658396
9296 401975.7936151896
9865 402797.4428104782
9886 402931.2086968856
10010 -2074549.0000000005
evaluations raw_y
1 -2170136.0000000005
2 -2136935.0000000005
6 -2110779.0000000005
17 303244.4667557629
105 307809.4504317043
113 312736.7260406604
151 315646.9279309324
200 316675.5153989698
229 317118.5124112256
335 317928.7565890017
404 319261.2440248129
437 322356.8763509110
491 324735.1081735932
598 325383.4701916983
617 328902.7293698596
684 328917.8236707072
714 329716.5132413068
734 331359.5325979168
737 331815.4863301746
814 333706.9273730112
868 337684.2760006397
956 337730.6095772313
1043 338436.0415879979
1048 338708.4478388117
1105 340588.8582393152
1142 341220.2710535055
1191 342356.4418062737
1303 342492.7318031688
1320 342916.1238941698
1342 343083.6586011794
1364 348319.2868781944
1543 350808.4513524637
1570 351075.2484977003
1594 351365.5668053158
1639 351600.6915043634
1651 351667.6364374852
1652 352481.5736488809
1671 352807.5091607247
1677 353875.2182935560
1772 354417.3063119860
1823 354544.3896618296
1836 355056.0734028483
1850 355739.6462737652
1869 356219.2546192490
1927 356735.9185519835
1930 358459.1977370941
2031 359511.7842784246
2090 359671.8716123354
2128 360364.3997659269
2130 360430.5564957677
2146 362942.5560087526
2185 363205.8454279742
2244 363961.3278630721
2264 364698.4769158977
2276 366061.7318111679
2321 366123.6183457880
2329 366595.8658399682
2347 367250.3556384738
2397 367397.5370910494
2433 368551.9202201939
2445 368976.1430535234
2536 369145.1920187342
2564 369619.9689546272
2571 369787.8207721951
2580 370581.0778676949
2828 372504.3907836059
2979 372882.0459784851
3060 372908.9850138100
3089 373153.5553006542
3118 373370.6012062196
3147 374473.7207752106
3191 374571.8689582936
3330 376014.8207900394
3339 376535.6902515254
3478 376541.0032578630
3497 376986.5134977645
3504 377076.3411442490
3567 377497.3781621801
3625 379027.4121788593
3684 379282.5367083948
3693 379470.2787380025
3722 379704.9291604439
3753 379766.8926152697
3943 379797.9284391727
3992 381829.2925962474
4070 382441.7490737507
4142 382705.2717889635
4173 383268.5687518188
4226 384132.4295137044
4553 384943.4030794455
4626 385179.4348875527
4701 386550.2010826547
4772 387496.2606158964
4840 387935.5125303922
4925 388126.4433034083
4987 388528.3168987934
5017 388708.2575253143
5071 390209.3594595938
5192 390591.1468948434
5273 390913.1772829060
5414 391024.8677482715
5447 392106.0514306551
5482 392832.4852106387
6158 392860.5439676149
6294 393276.5603066226
6665 393803.1106220609
6770 394292.7693585039
6862 394310.0058534266
7004 394854.7612407436
7031 394992.6522624321
7112 395026.8990380477
7449 396094.1927691514
7505 396431.1540827197
7650 397203.6655267312
8175 397309.8510405845
8208 398422.3633559085
8409 399517.0561930765
8612 401058.4855967594
8926 401187.9134946244
9361 401246.4841062152
9795 402070.4146236533
9872 402362.4473068758
10010 398177.9241654470
