evaluations raw_y
1 5.8000000000
4 6.0000000000
11 6.2000000000
14 8.2000000000
19 8.4000000000
26 8.6000000000
30 8.8000000000
32 10.0000000000
35 10.2000000000
40 10.4000000000
42 10.8000000000
50 11.0000000000
52 11.2000000000
56 11.4000000000
63 11.6000000000
64 11.8000000000
71 12.0000000000
76 12.2000000000
81 12.8000000000
83 13.0000000000
90 13.2000000000
132 13.4000000000
143 13.6000000000
144 13.8000000000
163 14.0000000000
210 14.2000000000
216 14.4000000000
227 14.6000000000
274 14.8000000000
280 15.0000000000
353 15.2000000000
380 15.4000000000
384 15.6000000000
470 15.8000000000
474 16.0000000000
601 16.2000000000
715 16.4000000000
1013 16.6000000000
100000 16.4000000000
evaluations raw_y
1 8.2000000000
10 8.4000000000
16 8.6000000000
18 8.8000000000
20 9.0000000000
32 9.6000000000
36 9.8000000000
43 10.0000000000
50 10.2000000000
57 10.4000000000
68 10.6000000000
72 10.8000000000
73 11.0000000000
82 11.2000000000
101 11.4000000000
116 11.6000000000
118 11.8000000000
124 12.0000000000
127 12.4000000000
151 12.6000000000
162 12.8000000000
175 13.0000000000
184 13.2000000000
195 13.4000000000
200 13.6000000000
238 13.8000000000
241 14.0000000000
252 14.2000000000
306 14.6000000000
308 14.8000000000
329 15.2000000000
331 15.4000000000
431 15.6000000000
561 15.8000000000
614 16.0000000000
100000 15.8000000000
evaluations raw_y
1 7.6000000000
6 7.8000000000
7 8.0000000000
9 8.2000000000
15 8.4000000000
31 8.8000000000
36 9.0000000000
39 9.2000000000
41 9.4000000000
44 9.6000000000
47 9.8000000000
53 10.0000000000
54 10.2000000000
57 10.4000000000
73 10.6000000000
78 10.8000000000
79 11.0000000000
92 11.2000000000
96 11.4000000000
102 11.6000000000
127 11.8000000000
135 12.0000000000
136 12.2000000000
146 12.4000000000
152 12.6000000000
175 12.8000000000
186 13.0000000000
188 13.2000000000
195 13.4000000000
213 13.6000000000
245 13.8000000000
267 14.0000000000
296 14.2000000000
316 14.4000000000
319 14.6000000000
350 14.8000000000
354 15.0000000000
426 15.2000000000
482 15.4000000000
518 15.6000000000
600 16.0000000000
802 16.2000000000
954 16.4000000000
2209 16.6000000000
100000 16.6000000000
evaluations raw_y
1 5.2000000000
4 5.4000000000
8 5.6000000000
15 5.8000000000
17 6.6000000000
20 6.8000000000
21 7.0000000000
25 7.4000000000
28 7.6000000000
29 7.8000000000
36 8.0000000000
37 8.6000000000
45 9.2000000000
50 9.6000000000
62 9.8000000000
69 10.2000000000
71 10.4000000000
74 10.8000000000
75 11.0000000000
81 11.2000000000
94 11.8000000000
101 12.2000000000
106 12.4000000000
107 12.6000000000
112 13.0000000000
126 13.2000000000
131 13.4000000000
140 13.6000000000
145 13.8000000000
149 14.0000000000
161 14.2000000000
210 14.4000000000
212 14.8000000000
260 15.0000000000
322 15.2000000000
340 15.4000000000
368 15.6000000000
467 15.8000000000
478 16.0000000000
598 16.2000000000
653 16.4000000000
100000 16.4000000000
evaluations raw_y
1 6.4000000000
2 6.6000000000
3 7.0000000000
4 7.2000000000
15 7.4000000000
17 7.6000000000
22 7.8000000000
26 8.0000000000
31 8.2000000000
34 8.4000000000
35 8.6000000000
36 8.8000000000
42 9.0000000000
45 9.2000000000
51 9.4000000000
52 9.6000000000
56 9.8000000000
66 10.0000000000
79 10.2000000000
80 10.4000000000
100 10.6000000000
120 10.8000000000
124 11.2000000000
132 11.4000000000
136 11.6000000000
141 11.8000000000
150 12.0000000000
160 12.2000000000
172 12.4000000000
190 12.6000000000
199 12.8000000000
204 13.0000000000
240 13.2000000000
296 13.4000000000
298 13.6000000000
321 13.8000000000
324 14.0000000000
338 14.4000000000
466 14.6000000000
482 14.8000000000
525 15.0000000000
536 15.2000000000
541 15.4000000000
665 15.6000000000
1139 15.8000000000
1152 16.0000000000
100000 15.6000000000
evaluations raw_y
1 6.8000000000
5 7.0000000000
6 7.2000000000
11 7.4000000000
12 7.6000000000
15 8.0000000000
16 8.4000000000
18 9.0000000000
25 9.2000000000
29 10.2000000000
31 10.4000000000
38 10.6000000000
42 11.0000000000
44 11.4000000000
54 11.6000000000
69 11.8000000000
70 12.0000000000
96 12.2000000000
99 12.4000000000
104 12.6000000000
105 12.8000000000
114 13.0000000000
116 13.2000000000
127 13.4000000000
129 13.6000000000
143 13.8000000000
160 14.0000000000
187 14.2000000000
197 14.4000000000
203 14.6000000000
240 14.8000000000
293 15.0000000000
309 15.2000000000
350 15.4000000000
511 15.6000000000
638 15.8000000000
659 16.0000000000
676 16.2000000000
1007 16.4000000000
100000 16.2000000000
evaluations raw_y
1 7.4000000000
4 7.6000000000
8 7.8000000000
11 8.0000000000
13 8.2000000000
20 8.4000000000
22 8.6000000000
23 8.8000000000
26 9.0000000000
29 9.4000000000
32 9.6000000000
40 9.8000000000
43 10.0000000000
67 10.4000000000
74 10.6000000000
109 10.8000000000
112 11.0000000000
117 11.2000000000
132 11.4000000000
162 11.6000000000
163 11.8000000000
172 12.0000000000
174 12.4000000000
230 12.6000000000
250 12.8000000000
255 13.0000000000
259 13.2000000000
281 13.4000000000
305 13.8000000000
312 14.0000000000
339 14.2000000000
346 14.4000000000
374 14.6000000000
376 14.8000000000
559 15.0000000000
565 15.2000000000
575 15.4000000000
595 15.6000000000
597 15.8000000000
983 16.0000000000
100000 16.0000000000
evaluations raw_y
1 5.0000000000
2 6.0000000000
4 6.4000000000
5 7.6000000000
6 7.8000000000
8 8.0000000000
12 8.2000000000
16 8.6000000000
21 8.8000000000
22 9.0000000000
27 9.2000000000
28 9.4000000000
31 9.6000000000
37 10.6000000000
41 10.8000000000
45 11.0000000000
56 11.2000000000
62 11.4000000000
63 11.6000000000
72 11.8000000000
77 12.0000000000
103 12.2000000000
108 12.4000000000
114 12.6000000000
116 12.8000000000
123 13.2000000000
145 13.4000000000
156 14.4000000000
178 14.6000000000
231 14.8000000000
243 15.0000000000
279 15.2000000000
285 15.4000000000
313 15.6000000000
380 15.8000000000
384 16.0000000000
428 16.2000000000
452 16.4000000000
791 16.6000000000
869 16.8000000000
100000 16.6000000000
evaluations raw_y
1 6.0000000000
2 6.2000000000
4 6.4000000000
10 6.8000000000
17 7.0000000000
20 7.2000000000
34 8.2000000000
39 8.4000000000
41 8.6000000000
48 8.8000000000
56 9.0000000000
66 9.2000000000
67 9.4000000000
68 9.6000000000
74 10.0000000000
78 10.4000000000
79 10.6000000000
89 10.8000000000
90 11.0000000000
92 11.2000000000
110 11.4000000000
114 11.6000000000
120 11.8000000000
132 12.0000000000
141 12.2000000000
144 12.6000000000
168 12.8000000000
194 13.0000000000
204 13.2000000000
214 13.4000000000
238 13.6000000000
240 13.8000000000
255 14.0000000000
256 14.2000000000
302 14.4000000000
304 14.6000000000
370 14.8000000000
400 15.0000000000
462 15.2000000000
484 15.6000000000
506 15.8000000000
531 16.0000000000
544 16.2000000000
610 16.4000000000
100000 15.2000000000
evaluations raw_y
1 8.0000000000
3 8.2000000000
5 8.4000000000
9 8.6000000000
13 9.0000000000
14 9.6000000000
16 10.0000000000
17 10.2000000000
26 10.4000000000
32 10.6000000000
34 10.8000000000
36 11.0000000000
48 11.2000000000
69 11.4000000000
74 11.6000000000
77 11.8000000000
85 12.0000000000
90 12.2000000000
92 12.4000000000
102 12.6000000000
112 12.8000000000
118 13.2000000000
125 13.4000000000
127 13.6000000000
156 13.8000000000
182 14.0000000000
188 14.2000000000
189 14.4000000000
204 14.6000000000
403 14.8000000000
448 15.0000000000
510 15.2000000000
540 15.4000000000
549 15.6000000000
731 15.8000000000
847 16.0000000000
100000 15.8000000000
