evaluations raw_y
1 -2519.0000000000
6 -1788.0000000000
8 -896.0000000000
74 -895.0000000000
95 -894.0000000000
153 -893.0000000000
170 -892.0000000000
294 -891.0000000000
363 -890.0000000000
512 -889.0000000000
673 -888.0000000000
737 -886.0000000000
818 -885.0000000000
895 -884.0000000000
953 -883.0000000000
1068 -882.0000000000
1075 -880.0000000000
1149 -879.0000000000
1278 -877.0000000000
1288 -876.0000000000
1450 -875.0000000000
1539 -873.0000000000
1579 -872.0000000000
1636 -871.0000000000
1679 -869.0000000000
1717 -868.0000000000
1899 -867.0000000000
1947 -866.0000000000
2026 -865.0000000000
2053 -863.0000000000
2077 -862.0000000000
2254 -860.0000000000
2303 -859.0000000000
2336 -858.0000000000
2352 -857.0000000000
2421 -856.0000000000
2613 -855.0000000000
2682 -854.0000000000
2731 -853.0000000000
2749 -851.0000000000
2775 -850.0000000000
2799 -849.0000000000
2913 -848.0000000000
2978 -847.0000000000
3178 -846.0000000000
3276 -845.0000000000
3336 -844.0000000000
3424 -843.0000000000
3475 -842.0000000000
3583 -841.0000000000
3695 -840.0000000000
3857 -839.0000000000
3884 -837.0000000000
3911 -836.0000000000
3926 -834.0000000000
4071 -833.0000000000
4087 -832.0000000000
4093 -831.0000000000
4283 -830.0000000000
4437 -829.0000000000
4479 -828.0000000000
4497 -827.0000000000
4518 -826.0000000000
4734 -825.0000000000
4754 -824.0000000000
4765 -823.0000000000
4784 -822.0000000000
4964 -821.0000000000
5081 -820.0000000000
5239 -818.0000000000
5272 -817.0000000000
5326 -816.0000000000
5481 -815.0000000000
5620 -813.0000000000
5646 -812.0000000000
5748 -811.0000000000
5769 -810.0000000000
5825 -809.0000000000
5949 -808.0000000000
6015 -807.0000000000
6048 -806.0000000000
6193 -805.0000000000
6201 -804.0000000000
6379 -803.0000000000
6386 -802.0000000000
6432 -800.0000000000
6444 -799.0000000000
6464 -798.0000000000
6553 -797.0000000000
6673 -796.0000000000
6693 -795.0000000000
6758 -794.0000000000
6762 -793.0000000000
6788 -792.0000000000
6946 -791.0000000000
7134 -789.0000000000
7208 -788.0000000000
7270 -787.0000000000
7277 -786.0000000000
7365 -785.0000000000
7580 -784.0000000000
7691 -783.0000000000
7706 -782.0000000000
7764 -781.0000000000
7802 -780.0000000000
7819 -779.0000000000
7844 -778.0000000000
7862 -777.0000000000
8133 -776.0000000000
8168 -775.0000000000
8173 -774.0000000000
8330 -773.0000000000
8560 -772.0000000000
8626 -771.0000000000
8711 -770.0000000000
8722 -769.0000000000
8805 -768.0000000000
8810 -767.0000000000
8945 -766.0000000000
8948 -765.0000000000
9013 -764.0000000000
9106 -763.0000000000
9148 -762.0000000000
9290 -761.0000000000
9418 -760.0000000000
9425 -759.0000000000
9468 -758.0000000000
9490 -757.0000000000
9570 -756.0000000000
9612 -755.0000000000
9640 -754.0000000000
9964 -753.0000000000
10000 -1418.0000000000
evaluations raw_y
1 -57.0000000000
391 -56.0000000000
560 -55.0000000000
988 -54.0000000000
993 -53.0000000000
1205 -52.0000000000
1362 -51.0000000000
1971 -50.0000000000
2347 -49.0000000000
3185 -48.0000000000
3301 -47.0000000000
3476 -46.0000000000
3659 -45.0000000000
4426 -44.0000000000
4571 -43.0000000000
5547 -42.0000000000
7428 -41.0000000000
7440 -40.0000000000
7945 -39.0000000000
8001 -38.0000000000
8597 -37.0000000000
8851 -36.0000000000
10000 -386.0000000000
evaluations raw_y
1 -1573.0000000000
4 -1263.0000000000
5 46.1600000000
10 477.1100000000
20 477.2900000000
97 499.3800000000
172 507.2300000000
244 538.2300000000
377 539.1000000000
387 544.1400000000
392 546.2000000000
432 547.8600000000
448 551.4300000000
484 551.5700000000
502 597.3000000000
565 609.0800000000
986 614.8500000000
2248 616.0700000000
2499 617.0600000000
3872 629.3900000000
10000 -1147.0000000000
