evaluations raw_y
1 -2016.0000000000
3 -1995.0000000000
4 -1980.0000000000
17 -1930.0000000000
36 -1918.0000000000
56 -1912.0000000000
57 -1901.0000000000
66 -1897.0000000000
107 -1887.0000000000
109 -1886.0000000000
111 -1878.0000000000
150 -1864.0000000000
167 -1854.0000000000
184 -1851.0000000000
217 -1849.0000000000
239 -1841.0000000000
243 -1839.0000000000
248 -1828.0000000000
268 -1826.0000000000
312 -1822.0000000000
330 -1811.0000000000
405 -1783.0000000000
430 -1773.0000000000
471 -1760.0000000000
602 -1755.0000000000
738 -1747.0000000000
751 -1744.0000000000
821 -1743.0000000000
842 -1735.0000000000
862 -1732.0000000000
878 -1723.0000000000
907 -1704.0000000000
957 -1700.0000000000
1078 -1699.0000000000
1093 -1681.0000000000
1176 -1679.0000000000
1232 -1674.0000000000
1267 -1671.0000000000
1276 -1666.0000000000
1293 -1660.0000000000
1353 -1656.0000000000
1404 -1645.0000000000
1410 -1634.0000000000
1500 -1626.0000000000
1511 -1614.0000000000
1552 -1613.0000000000
1574 -1607.0000000000
1622 -1600.0000000000
1626 -1597.0000000000
1644 -1592.0000000000
1658 -1589.0000000000
1668 -1588.0000000000
1676 -1586.0000000000
1679 -1585.0000000000
1708 -1570.0000000000
1734 -1567.0000000000
1743 -1566.0000000000
1749 -1565.0000000000
1792 -1564.0000000000
1808 -1558.0000000000
1816 -1557.0000000000
1839 -1555.0000000000
1877 -1548.0000000000
1910 -1545.0000000000
1996 -1544.0000000000
2021 -1542.0000000000
2044 -1540.0000000000
2057 -1536.0000000000
2072 -1534.0000000000
2086 -1531.0000000000
2102 -1529.0000000000
2116 -1526.0000000000
2118 -1523.0000000000
2127 -1512.0000000000
2130 -1511.0000000000
2168 -1503.0000000000
2191 -1498.0000000000
2219 -1494.0000000000
2230 -1491.0000000000
2258 -1490.0000000000
2273 -1482.0000000000
2299 -1480.0000000000
2304 -1475.0000000000
2325 -1472.0000000000
2332 -1458.0000000000
2360 -1457.0000000000
2428 -1454.0000000000
2437 -1453.0000000000
2462 -1452.0000000000
2469 -1451.0000000000
2471 -1450.0000000000
2481 -1446.0000000000
2530 -1432.0000000000
2561 -1427.0000000000
2598 -1423.0000000000
2618 -1422.0000000000
2623 -1420.0000000000
2640 -1418.0000000000
2701 -1416.0000000000
2789 -1415.0000000000
2811 -1411.0000000000
2835 -1409.0000000000
2931 -1406.0000000000
2983 -1395.0000000000
3031 -1385.0000000000
3060 -1383.0000000000
3105 -1374.0000000000
3188 -1372.0000000000
3210 -1371.0000000000
3315 -1369.0000000000
3406 -1368.0000000000
3415 -1366.0000000000
3521 -1364.0000000000
3538 -1362.0000000000
3599 -1343.0000000000
3725 -1339.0000000000
3755 -1328.0000000000
3921 -1327.0000000000
3936 -1323.0000000000
3967 -1322.0000000000
4043 -1318.0000000000
4390 -1317.0000000000
4513 -1310.0000000000
4523 -1304.0000000000
4680 -1302.0000000000
4716 -1301.0000000000
4790 -1297.0000000000
4826 -1296.0000000000
5018 -1291.0000000000
5204 -1286.0000000000
5272 -1284.0000000000
5314 -1282.0000000000
5551 -1280.0000000000
5840 -1277.0000000000
6007 -1276.0000000000
6035 -1275.0000000000
6170 -1273.0000000000
6288 -1271.0000000000
6516 -1269.0000000000
6847 -1261.0000000000
6939 -1259.0000000000
6954 -1257.0000000000
7238 -1256.0000000000
7313 -1254.0000000000
7553 -1252.0000000000
7685 -1250.0000000000
7803 -1249.0000000000
7921 -1247.0000000000
8014 -1245.0000000000
8110 -1244.0000000000
8165 -1240.0000000000
8308 -1235.0000000000
8474 -1227.0000000000
9054 -1225.0000000000
9206 -1223.0000000000
9453 -1220.0000000000
9541 -1217.0000000000
9708 -1215.0000000000
10010 -1227.0000000000
evaluations raw_y
1 -2011.0000000000
8 -1977.0000000000
16 -1970.0000000000
18 -1949.0000000000
39 -1935.0000000000
46 -1907.0000000000
73 -1895.0000000000
81 -1893.0000000000
83 -1890.0000000000
99 -1872.0000000000
112 -1871.0000000000
129 -1868.0000000000
158 -1864.0000000000
192 -1852.0000000000
201 -1848.0000000000
241 -1839.0000000000
273 -1820.0000000000
344 -1818.0000000000
398 -1811.0000000000
468 -1796.0000000000
472 -1794.0000000000
486 -1787.0000000000
493 -1780.0000000000
528 -1777.0000000000
588 -1771.0000000000
629 -1769.0000000000
671 -1765.0000000000
701 -1758.0000000000
736 -1748.0000000000
878 -1747.0000000000
880 -1746.0000000000
896 -1729.0000000000
1083 -1726.0000000000
1125 -1722.0000000000
1174 -1717.0000000000
1206 -1701.0000000000
1268 -1696.0000000000
1273 -1693.0000000000
1310 -1692.0000000000
1331 -1685.0000000000
1333 -1682.0000000000
1336 -1663.0000000000
1414 -1652.0000000000
1434 -1651.0000000000
1455 -1646.0000000000
1465 -1643.0000000000
1524 -1640.0000000000
1530 -1639.0000000000
1541 -1633.0000000000
1561 -1632.0000000000
1571 -1630.0000000000
1573 -1620.0000000000
1595 -1619.0000000000
1604 -1612.0000000000
1628 -1607.0000000000
1644 -1601.0000000000
1686 -1597.0000000000
1687 -1592.0000000000
1703 -1589.0000000000
1741 -1583.0000000000
1752 -1580.0000000000
1770 -1573.0000000000
1778 -1565.0000000000
1833 -1563.0000000000
1844 -1561.0000000000
1879 -1554.0000000000
1896 -1543.0000000000
1920 -1539.0000000000
1971 -1525.0000000000
2012 -1520.0000000000
2023 -1515.0000000000
2034 -1509.0000000000
2090 -1503.0000000000
2112 -1500.0000000000
2130 -1491.0000000000
2181 -1485.0000000000
2235 -1483.0000000000
2272 -1482.0000000000
2275 -1472.0000000000
2315 -1470.0000000000
2332 -1469.0000000000
2381 -1468.0000000000
2398 -1465.0000000000
2412 -1464.0000000000
2430 -1462.0000000000
2462 -1457.0000000000
2491 -1448.0000000000
2562 -1447.0000000000
2596 -1446.0000000000
2651 -1439.0000000000
2824 -1431.0000000000
2907 -1427.0000000000
3011 -1426.0000000000
3024 -1424.0000000000
3032 -1421.0000000000
3075 -1420.0000000000
3148 -1417.0000000000
3151 -1413.0000000000
3194 -1409.0000000000
3277 -1400.0000000000
3302 -1392.0000000000
3322 -1389.0000000000
3333 -1388.0000000000
3335 -1384.0000000000
3358 -1383.0000000000
3421 -1376.0000000000
3472 -1371.0000000000
3497 -1366.0000000000
3760 -1357.0000000000
3821 -1356.0000000000
3855 -1355.0000000000
3860 -1348.0000000000
3876 -1347.0000000000
4036 -1340.0000000000
4158 -1328.0000000000
4181 -1325.0000000000
4219 -1323.0000000000
4366 -1321.0000000000
4398 -1320.0000000000
4418 -1317.0000000000
4527 -1316.0000000000
4636 -1315.0000000000
4640 -1314.0000000000
4641 -1307.0000000000
4769 -1305.0000000000
4832 -1303.0000000000
4843 -1301.0000000000
4863 -1298.0000000000
5005 -1290.0000000000
5073 -1285.0000000000
5206 -1280.0000000000
5593 -1278.0000000000
5727 -1276.0000000000
5943 -1274.0000000000
5962 -1273.0000000000
6030 -1264.0000000000
6177 -1263.0000000000
6222 -1261.0000000000
6229 -1260.0000000000
6383 -1254.0000000000
6732 -1252.0000000000
6774 -1248.0000000000
6911 -1243.0000000000
7303 -1242.0000000000
7387 -1241.0000000000
7393 -1240.0000000000
8841 -1232.0000000000
9553 -1231.0000000000
9598 -1228.0000000000
10010 -1250.0000000000
evaluations raw_y
1 -1986.0000000000
9 -1976.0000000000
17 -1914.0000000000
45 -1906.0000000000
63 -1892.0000000000
79 -1877.0000000000
115 -1868.0000000000
121 -1848.0000000000
168 -1839.0000000000
180 -1830.0000000000
196 -1814.0000000000
263 -1813.0000000000
297 -1811.0000000000
318 -1808.0000000000
324 -1784.0000000000
415 -1769.0000000000
515 -1762.0000000000
658 -1759.0000000000
667 -1752.0000000000
758 -1750.0000000000
783 -1745.0000000000
809 -1732.0000000000
996 -1709.0000000000
1006 -1704.0000000000
1098 -1685.0000000000
1134 -1682.0000000000
1157 -1680.0000000000
1185 -1674.0000000000
1207 -1671.0000000000
1245 -1669.0000000000
1248 -1666.0000000000
1301 -1655.0000000000
1415 -1646.0000000000
1434 -1644.0000000000
1448 -1619.0000000000
1466 -1616.0000000000
1507 -1596.0000000000
1532 -1595.0000000000
1601 -1594.0000000000
1603 -1589.0000000000
1610 -1586.0000000000
1631 -1576.0000000000
1644 -1573.0000000000
1663 -1566.0000000000
1698 -1561.0000000000
1701 -1551.0000000000
1717 -1548.0000000000
1736 -1547.0000000000
1737 -1546.0000000000
1739 -1543.0000000000
1752 -1542.0000000000
1764 -1541.0000000000
1781 -1540.0000000000
1795 -1535.0000000000
1834 -1522.0000000000
1859 -1517.0000000000
1890 -1513.0000000000
1902 -1512.0000000000
1930 -1509.0000000000
1959 -1505.0000000000
1997 -1496.0000000000
2001 -1493.0000000000
2010 -1486.0000000000
2070 -1481.0000000000
2086 -1480.0000000000
2099 -1479.0000000000
2107 -1468.0000000000
2160 -1466.0000000000
2175 -1464.0000000000
2180 -1461.0000000000
2201 -1459.0000000000
2218 -1457.0000000000
2231 -1452.0000000000
2302 -1450.0000000000
2326 -1444.0000000000
2422 -1440.0000000000
2435 -1431.0000000000
2513 -1429.0000000000
2532 -1427.0000000000
2604 -1426.0000000000
2659 -1425.0000000000
2668 -1413.0000000000
2703 -1412.0000000000
2792 -1409.0000000000
2836 -1402.0000000000
3040 -1399.0000000000
3134 -1396.0000000000
3157 -1393.0000000000
3168 -1386.0000000000
3173 -1385.0000000000
3208 -1383.0000000000
3270 -1380.0000000000
3343 -1377.0000000000
3364 -1376.0000000000
3386 -1369.0000000000
3420 -1368.0000000000
3458 -1366.0000000000
3570 -1365.0000000000
3586 -1358.0000000000
3738 -1353.0000000000
3809 -1347.0000000000
4015 -1346.0000000000
4032 -1344.0000000000
4033 -1342.0000000000
4279 -1338.0000000000
4391 -1335.0000000000
4508 -1334.0000000000
4557 -1333.0000000000
4563 -1332.0000000000
4581 -1329.0000000000
4605 -1321.0000000000
4624 -1314.0000000000
4729 -1312.0000000000
4786 -1311.0000000000
4806 -1303.0000000000
5144 -1302.0000000000
5474 -1300.0000000000
5816 -1299.0000000000
6021 -1298.0000000000
6076 -1287.0000000000
6326 -1283.0000000000
6375 -1281.0000000000
6529 -1280.0000000000
6594 -1278.0000000000
6653 -1273.0000000000
6735 -1268.0000000000
7031 -1267.0000000000
7076 -1264.0000000000
7154 -1263.0000000000
7224 -1262.0000000000
7233 -1256.0000000000
7265 -1255.0000000000
7280 -1253.0000000000
7304 -1252.0000000000
7342 -1250.0000000000
7414 -1249.0000000000
7649 -1246.0000000000
8144 -1245.0000000000
8483 -1243.0000000000
8913 -1240.0000000000
9402 -1239.0000000000
9477 -1234.0000000000
9507 -1229.0000000000
10010 -1230.0000000000
evaluations raw_y
1 -1978.0000000000
18 -1973.0000000000
41 -1967.0000000000
51 -1963.0000000000
60 -1961.0000000000
61 -1938.0000000000
83 -1934.0000000000
85 -1921.0000000000
89 -1917.0000000000
112 -1892.0000000000
175 -1887.0000000000
203 -1872.0000000000
214 -1857.0000000000
223 -1822.0000000000
289 -1818.0000000000
290 -1804.0000000000
306 -1790.0000000000
514 -1787.0000000000
535 -1770.0000000000
544 -1766.0000000000
587 -1763.0000000000
874 -1747.0000000000
957 -1744.0000000000
978 -1742.0000000000
985 -1730.0000000000
1033 -1729.0000000000
1035 -1717.0000000000
1048 -1711.0000000000
1078 -1710.0000000000
1148 -1707.0000000000
1212 -1702.0000000000
1232 -1700.0000000000
1247 -1695.0000000000
1286 -1671.0000000000
1357 -1669.0000000000
1408 -1654.0000000000
1444 -1647.0000000000
1512 -1639.0000000000
1522 -1629.0000000000
1550 -1622.0000000000
1573 -1618.0000000000
1594 -1615.0000000000
1600 -1607.0000000000
1654 -1606.0000000000
1670 -1605.0000000000
1682 -1600.0000000000
1687 -1595.0000000000
1703 -1590.0000000000
1734 -1588.0000000000
1746 -1586.0000000000
1750 -1575.0000000000
1760 -1570.0000000000
1792 -1567.0000000000
1805 -1565.0000000000
1812 -1564.0000000000
1815 -1550.0000000000
1877 -1543.0000000000
1915 -1541.0000000000
1933 -1539.0000000000
1939 -1536.0000000000
1959 -1531.0000000000
1967 -1530.0000000000
1986 -1523.0000000000
2047 -1520.0000000000
2075 -1501.0000000000
2152 -1494.0000000000
2197 -1493.0000000000
2203 -1489.0000000000
2210 -1483.0000000000
2235 -1478.0000000000
2286 -1472.0000000000
2309 -1469.0000000000
2332 -1463.0000000000
2360 -1460.0000000000
2373 -1458.0000000000
2391 -1453.0000000000
2404 -1451.0000000000
2415 -1440.0000000000
2453 -1439.0000000000
2481 -1438.0000000000
2507 -1437.0000000000
2533 -1432.0000000000
2539 -1426.0000000000
2566 -1421.0000000000
2592 -1415.0000000000
2631 -1411.0000000000
2656 -1404.0000000000
2705 -1398.0000000000
2730 -1395.0000000000
2743 -1393.0000000000
2869 -1386.0000000000
2968 -1384.0000000000
3056 -1380.0000000000
3063 -1376.0000000000
3130 -1374.0000000000
3146 -1362.0000000000
3199 -1357.0000000000
3288 -1355.0000000000
3289 -1352.0000000000
3363 -1346.0000000000
3567 -1345.0000000000
3632 -1343.0000000000
3641 -1334.0000000000
3867 -1331.0000000000
3961 -1324.0000000000
4045 -1320.0000000000
4189 -1316.0000000000
4213 -1307.0000000000
4278 -1305.0000000000
4387 -1300.0000000000
4574 -1299.0000000000
4747 -1298.0000000000
4817 -1294.0000000000
5029 -1292.0000000000
5197 -1289.0000000000
5355 -1287.0000000000
5489 -1283.0000000000
5571 -1280.0000000000
5603 -1279.0000000000
5634 -1274.0000000000
5712 -1270.0000000000
5776 -1267.0000000000
5848 -1263.0000000000
5932 -1256.0000000000
6112 -1255.0000000000
6277 -1250.0000000000
6540 -1247.0000000000
6647 -1245.0000000000
6872 -1240.0000000000
6935 -1239.0000000000
7232 -1237.0000000000
7455 -1232.0000000000
7520 -1230.0000000000
7528 -1225.0000000000
7638 -1222.0000000000
7787 -1217.0000000000
8326 -1214.0000000000
8532 -1213.0000000000
8895 -1211.0000000000
9592 -1209.0000000000
9791 -1205.0000000000
9854 -1204.0000000000
9900 -1203.0000000000
10000 -1196.0000000000
10010 -1206.0000000000
evaluations raw_y
1 -1953.0000000000
22 -1946.0000000000
33 -1933.0000000000
43 -1906.0000000000
61 -1868.0000000000
93 -1840.0000000000
101 -1836.0000000000
139 -1830.0000000000
196 -1827.0000000000
237 -1820.0000000000
259 -1819.0000000000
266 -1809.0000000000
308 -1791.0000000000
365 -1774.0000000000
402 -1770.0000000000
472 -1758.0000000000
606 -1756.0000000000
628 -1753.0000000000
684 -1746.0000000000
720 -1743.0000000000
767 -1741.0000000000
892 -1739.0000000000
902 -1716.0000000000
940 -1705.0000000000
1028 -1700.0000000000
1197 -1689.0000000000
1278 -1679.0000000000
1285 -1666.0000000000
1341 -1664.0000000000
1371 -1658.0000000000
1398 -1639.0000000000
1468 -1635.0000000000
1484 -1634.0000000000
1509 -1633.0000000000
1516 -1629.0000000000
1560 -1626.0000000000
1605 -1624.0000000000
1612 -1616.0000000000
1639 -1610.0000000000
1679 -1606.0000000000
1686 -1598.0000000000
1719 -1596.0000000000
1744 -1588.0000000000
1748 -1574.0000000000
1784 -1571.0000000000
1785 -1559.0000000000
1843 -1552.0000000000
1891 -1550.0000000000
1898 -1545.0000000000
1900 -1544.0000000000
1902 -1542.0000000000
1913 -1541.0000000000
1950 -1540.0000000000
1951 -1538.0000000000
1963 -1537.0000000000
1992 -1534.0000000000
2001 -1529.0000000000
2003 -1528.0000000000
2032 -1513.0000000000
2049 -1512.0000000000
2080 -1501.0000000000
2161 -1499.0000000000
2261 -1495.0000000000
2283 -1492.0000000000
2328 -1490.0000000000
2344 -1485.0000000000
2383 -1484.0000000000
2396 -1481.0000000000
2427 -1477.0000000000
2438 -1471.0000000000
2454 -1467.0000000000
2459 -1459.0000000000
2477 -1452.0000000000
2497 -1450.0000000000
2503 -1445.0000000000
2507 -1434.0000000000
2556 -1433.0000000000
2565 -1432.0000000000
2567 -1428.0000000000
2585 -1427.0000000000
2620 -1417.0000000000
2651 -1414.0000000000
2660 -1412.0000000000
2670 -1411.0000000000
2713 -1410.0000000000
2717 -1409.0000000000
2768 -1407.0000000000
2805 -1405.0000000000
2820 -1404.0000000000
2841 -1398.0000000000
2883 -1397.0000000000
2926 -1394.0000000000
3011 -1390.0000000000
3045 -1380.0000000000
3160 -1375.0000000000
3245 -1373.0000000000
3283 -1371.0000000000
3291 -1366.0000000000
3317 -1360.0000000000
3372 -1355.0000000000
3446 -1354.0000000000
3459 -1353.0000000000
3464 -1349.0000000000
3487 -1345.0000000000
3588 -1344.0000000000
3648 -1339.0000000000
3714 -1331.0000000000
3748 -1329.0000000000
4055 -1322.0000000000
4122 -1319.0000000000
4393 -1317.0000000000
4525 -1316.0000000000
4621 -1315.0000000000
4741 -1312.0000000000
5137 -1310.0000000000
5213 -1304.0000000000
5275 -1302.0000000000
5304 -1299.0000000000
5405 -1294.0000000000
5544 -1293.0000000000
5619 -1291.0000000000
5881 -1290.0000000000
5947 -1289.0000000000
5965 -1279.0000000000
6246 -1276.0000000000
6668 -1273.0000000000
6896 -1272.0000000000
6931 -1271.0000000000
6998 -1269.0000000000
7092 -1266.0000000000
7135 -1263.0000000000
7246 -1262.0000000000
7497 -1260.0000000000
7773 -1255.0000000000
7982 -1250.0000000000
8330 -1249.0000000000
8715 -1248.0000000000
8920 -1247.0000000000
9335 -1245.0000000000
9468 -1232.0000000000
9694 -1231.0000000000
9716 -1230.0000000000
9947 -1217.0000000000
10010 -1246.0000000000
evaluations raw_y
1 -2037.0000000000
3 -2003.0000000000
4 -1982.0000000000
11 -1977.0000000000
13 -1953.0000000000
15 -1943.0000000000
41 -1930.0000000000
44 -1929.0000000000
63 -1928.0000000000
70 -1887.0000000000
92 -1877.0000000000
121 -1875.0000000000
129 -1867.0000000000
184 -1861.0000000000
217 -1846.0000000000
257 -1832.0000000000
296 -1812.0000000000
354 -1809.0000000000
377 -1805.0000000000
488 -1799.0000000000
499 -1794.0000000000
509 -1791.0000000000
530 -1789.0000000000
558 -1770.0000000000
616 -1760.0000000000
632 -1744.0000000000
787 -1741.0000000000
798 -1736.0000000000
861 -1728.0000000000
884 -1704.0000000000
943 -1699.0000000000
1092 -1692.0000000000
1154 -1688.0000000000
1160 -1682.0000000000
1182 -1674.0000000000
1242 -1668.0000000000
1359 -1664.0000000000
1381 -1655.0000000000
1432 -1654.0000000000
1433 -1651.0000000000
1451 -1650.0000000000
1453 -1648.0000000000
1487 -1643.0000000000
1518 -1638.0000000000
1545 -1628.0000000000
1565 -1621.0000000000
1573 -1618.0000000000
1593 -1616.0000000000
1605 -1612.0000000000
1607 -1604.0000000000
1625 -1599.0000000000
1657 -1598.0000000000
1697 -1597.0000000000
1700 -1586.0000000000
1716 -1576.0000000000
1757 -1565.0000000000
1783 -1563.0000000000
1786 -1561.0000000000
1823 -1558.0000000000
1836 -1552.0000000000
1845 -1545.0000000000
1861 -1539.0000000000
1935 -1537.0000000000
1956 -1534.0000000000
1974 -1533.0000000000
2009 -1526.0000000000
2032 -1522.0000000000
2104 -1519.0000000000
2143 -1518.0000000000
2180 -1517.0000000000
2182 -1513.0000000000
2194 -1510.0000000000
2208 -1505.0000000000
2241 -1499.0000000000
2354 -1488.0000000000
2361 -1486.0000000000
2378 -1476.0000000000
2439 -1472.0000000000
2493 -1467.0000000000
2509 -1459.0000000000
2571 -1454.0000000000
2578 -1450.0000000000
2613 -1447.0000000000
2646 -1445.0000000000
2714 -1441.0000000000
2895 -1435.0000000000
2915 -1431.0000000000
2924 -1430.0000000000
2942 -1427.0000000000
2955 -1424.0000000000
2960 -1421.0000000000
3073 -1413.0000000000
3168 -1403.0000000000
3252 -1401.0000000000
3283 -1397.0000000000
3325 -1389.0000000000
3330 -1384.0000000000
3373 -1383.0000000000
3432 -1376.0000000000
3458 -1372.0000000000
3497 -1369.0000000000
3596 -1359.0000000000
3642 -1358.0000000000
3693 -1357.0000000000
3746 -1354.0000000000
3772 -1352.0000000000
3789 -1351.0000000000
3800 -1349.0000000000
3803 -1344.0000000000
3815 -1342.0000000000
3818 -1339.0000000000
3822 -1330.0000000000
3869 -1329.0000000000
3945 -1323.0000000000
4067 -1321.0000000000
4142 -1319.0000000000
4339 -1309.0000000000
4366 -1303.0000000000
4413 -1298.0000000000
4450 -1297.0000000000
4658 -1289.0000000000
4939 -1278.0000000000
5879 -1277.0000000000
6158 -1270.0000000000
6916 -1268.0000000000
7032 -1266.0000000000
7223 -1265.0000000000
7829 -1260.0000000000
8191 -1258.0000000000
8223 -1249.0000000000
8311 -1243.0000000000
8365 -1242.0000000000
8655 -1238.0000000000
8808 -1237.0000000000
8869 -1236.0000000000
9031 -1235.0000000000
9435 -1234.0000000000
9583 -1231.0000000000
9797 -1227.0000000000
10010 -1262.0000000000
evaluations raw_y
1 -2033.0000000000
2 -2009.0000000000
3 -1967.0000000000
18 -1960.0000000000
26 -1944.0000000000
40 -1940.0000000000
42 -1927.0000000000
45 -1921.0000000000
67 -1901.0000000000
75 -1885.0000000000
92 -1856.0000000000
118 -1848.0000000000
170 -1830.0000000000
199 -1797.0000000000
255 -1789.0000000000
357 -1781.0000000000
407 -1771.0000000000
481 -1760.0000000000
621 -1758.0000000000
627 -1757.0000000000
647 -1749.0000000000
784 -1735.0000000000
812 -1727.0000000000
815 -1724.0000000000
825 -1721.0000000000
874 -1719.0000000000
1089 -1714.0000000000
1157 -1709.0000000000
1161 -1697.0000000000
1173 -1677.0000000000
1223 -1673.0000000000
1323 -1668.0000000000
1340 -1660.0000000000
1357 -1656.0000000000
1409 -1639.0000000000
1476 -1633.0000000000
1490 -1621.0000000000
1518 -1614.0000000000
1560 -1610.0000000000
1567 -1607.0000000000
1606 -1600.0000000000
1609 -1596.0000000000
1667 -1587.0000000000
1684 -1578.0000000000
1714 -1577.0000000000
1737 -1574.0000000000
1756 -1568.0000000000
1762 -1553.0000000000
1798 -1552.0000000000
1807 -1547.0000000000
1822 -1543.0000000000
1880 -1539.0000000000
1898 -1534.0000000000
1903 -1532.0000000000
1937 -1530.0000000000
2006 -1524.0000000000
2019 -1523.0000000000
2049 -1516.0000000000
2097 -1502.0000000000
2154 -1501.0000000000
2208 -1497.0000000000
2244 -1489.0000000000
2256 -1488.0000000000
2275 -1483.0000000000
2293 -1480.0000000000
2317 -1478.0000000000
2338 -1475.0000000000
2369 -1474.0000000000
2382 -1472.0000000000
2385 -1467.0000000000
2397 -1465.0000000000
2416 -1462.0000000000
2440 -1461.0000000000
2451 -1460.0000000000
2465 -1456.0000000000
2491 -1452.0000000000
2493 -1443.0000000000
2514 -1440.0000000000
2525 -1437.0000000000
2545 -1433.0000000000
2606 -1432.0000000000
2645 -1429.0000000000
2674 -1423.0000000000
2744 -1422.0000000000
2755 -1421.0000000000
2757 -1420.0000000000
2826 -1418.0000000000
2866 -1407.0000000000
2935 -1406.0000000000
2948 -1400.0000000000
2961 -1398.0000000000
3005 -1394.0000000000
3015 -1390.0000000000
3021 -1387.0000000000
3097 -1385.0000000000
3113 -1383.0000000000
3146 -1379.0000000000
3192 -1372.0000000000
3334 -1368.0000000000
3389 -1364.0000000000
3413 -1362.0000000000
3451 -1353.0000000000
3534 -1350.0000000000
3685 -1344.0000000000
3796 -1343.0000000000
3891 -1342.0000000000
3921 -1341.0000000000
4251 -1338.0000000000
4408 -1334.0000000000
4413 -1331.0000000000
4453 -1329.0000000000
4469 -1325.0000000000
4647 -1324.0000000000
4738 -1321.0000000000
4773 -1318.0000000000
4998 -1314.0000000000
5130 -1307.0000000000
5367 -1306.0000000000
5532 -1302.0000000000
5734 -1300.0000000000
5881 -1297.0000000000
5993 -1294.0000000000
6107 -1289.0000000000
6180 -1288.0000000000
6326 -1282.0000000000
6636 -1281.0000000000
6802 -1274.0000000000
6925 -1271.0000000000
7000 -1263.0000000000
7167 -1262.0000000000
7349 -1261.0000000000
7464 -1260.0000000000
7502 -1257.0000000000
7512 -1256.0000000000
7716 -1253.0000000000
7953 -1247.0000000000
8346 -1244.0000000000
8523 -1241.0000000000
8698 -1233.0000000000
8729 -1231.0000000000
8907 -1227.0000000000
9111 -1222.0000000000
9324 -1216.0000000000
9524 -1215.0000000000
9644 -1213.0000000000
9736 -1212.0000000000
10010 -1228.0000000000
evaluations raw_y
1 -1988.0000000000
7 -1975.0000000000
10 -1943.0000000000
33 -1919.0000000000
68 -1903.0000000000
76 -1894.0000000000
83 -1889.0000000000
95 -1880.0000000000
130 -1873.0000000000
133 -1854.0000000000
147 -1847.0000000000
229 -1840.0000000000
265 -1829.0000000000
273 -1822.0000000000
315 -1812.0000000000
365 -1805.0000000000
427 -1804.0000000000
472 -1803.0000000000
475 -1795.0000000000
479 -1786.0000000000
544 -1780.0000000000
607 -1778.0000000000
634 -1776.0000000000
669 -1769.0000000000
707 -1767.0000000000
761 -1758.0000000000
772 -1753.0000000000
780 -1750.0000000000
810 -1740.0000000000
866 -1732.0000000000
884 -1710.0000000000
971 -1704.0000000000
981 -1692.0000000000
1005 -1689.0000000000
1122 -1688.0000000000
1174 -1678.0000000000
1212 -1671.0000000000
1338 -1657.0000000000
1359 -1653.0000000000
1420 -1650.0000000000
1426 -1638.0000000000
1467 -1636.0000000000
1481 -1624.0000000000
1544 -1617.0000000000
1601 -1615.0000000000
1620 -1608.0000000000
1635 -1605.0000000000
1672 -1604.0000000000
1678 -1589.0000000000
1706 -1583.0000000000
1730 -1581.0000000000
1736 -1575.0000000000
1744 -1572.0000000000
1760 -1570.0000000000
1766 -1561.0000000000
1782 -1560.0000000000
1803 -1559.0000000000
1822 -1557.0000000000
1838 -1555.0000000000
1840 -1547.0000000000
1857 -1544.0000000000
1859 -1543.0000000000
1892 -1540.0000000000
1917 -1531.0000000000
1951 -1528.0000000000
2016 -1522.0000000000
2053 -1517.0000000000
2062 -1516.0000000000
2066 -1515.0000000000
2088 -1507.0000000000
2119 -1505.0000000000
2139 -1501.0000000000
2141 -1500.0000000000
2235 -1498.0000000000
2264 -1496.0000000000
2295 -1480.0000000000
2358 -1467.0000000000
2436 -1465.0000000000
2494 -1464.0000000000
2537 -1460.0000000000
2548 -1454.0000000000
2586 -1451.0000000000
2694 -1448.0000000000
2827 -1443.0000000000
2830 -1438.0000000000
2866 -1434.0000000000
2922 -1433.0000000000
2998 -1432.0000000000
3061 -1422.0000000000
3107 -1418.0000000000
3185 -1416.0000000000
3315 -1414.0000000000
3320 -1407.0000000000
3367 -1405.0000000000
3469 -1398.0000000000
3520 -1397.0000000000
3542 -1389.0000000000
3612 -1383.0000000000
3687 -1377.0000000000
3771 -1370.0000000000
3792 -1363.0000000000
3877 -1362.0000000000
3891 -1361.0000000000
3920 -1358.0000000000
3946 -1354.0000000000
4042 -1352.0000000000
4073 -1349.0000000000
4132 -1342.0000000000
4199 -1341.0000000000
4215 -1336.0000000000
4274 -1332.0000000000
4316 -1330.0000000000
4458 -1307.0000000000
4820 -1300.0000000000
4842 -1298.0000000000
4855 -1290.0000000000
4957 -1285.0000000000
5227 -1284.0000000000
5416 -1281.0000000000
5454 -1279.0000000000
5508 -1271.0000000000
6174 -1270.0000000000
6361 -1263.0000000000
6675 -1262.0000000000
6741 -1259.0000000000
6816 -1252.0000000000
7273 -1249.0000000000
7429 -1240.0000000000
7698 -1237.0000000000
7903 -1234.0000000000
8014 -1228.0000000000
8145 -1224.0000000000
8502 -1223.0000000000
9130 -1222.0000000000
9248 -1216.0000000000
9422 -1214.0000000000
9548 -1213.0000000000
9891 -1205.0000000000
10010 -1220.0000000000
evaluations raw_y
1 -2055.0000000000
3 -2011.0000000000
4 -1976.0000000000
7 -1964.0000000000
26 -1949.0000000000
28 -1946.0000000000
34 -1943.0000000000
40 -1918.0000000000
55 -1916.0000000000
57 -1899.0000000000
79 -1890.0000000000
94 -1888.0000000000
100 -1885.0000000000
123 -1863.0000000000
133 -1860.0000000000
170 -1852.0000000000
203 -1841.0000000000
207 -1828.0000000000
270 -1776.0000000000
468 -1766.0000000000
647 -1760.0000000000
661 -1756.0000000000
682 -1755.0000000000
782 -1754.0000000000
808 -1749.0000000000
927 -1722.0000000000
957 -1700.0000000000
1055 -1699.0000000000
1177 -1696.0000000000
1232 -1691.0000000000
1248 -1684.0000000000
1249 -1682.0000000000
1268 -1676.0000000000
1295 -1670.0000000000
1347 -1668.0000000000
1353 -1665.0000000000
1372 -1662.0000000000
1377 -1646.0000000000
1450 -1641.0000000000
1458 -1640.0000000000
1464 -1636.0000000000
1479 -1627.0000000000
1511 -1624.0000000000
1568 -1622.0000000000
1574 -1615.0000000000
1601 -1591.0000000000
1648 -1584.0000000000
1695 -1582.0000000000
1713 -1579.0000000000
1737 -1576.0000000000
1739 -1572.0000000000
1762 -1568.0000000000
1776 -1559.0000000000
1778 -1558.0000000000
1809 -1542.0000000000
1824 -1539.0000000000
1858 -1526.0000000000
1958 -1519.0000000000
1984 -1518.0000000000
2010 -1508.0000000000
2062 -1505.0000000000
2087 -1487.0000000000
2163 -1485.0000000000
2172 -1482.0000000000
2182 -1466.0000000000
2315 -1464.0000000000
2319 -1460.0000000000
2334 -1458.0000000000
2356 -1442.0000000000
2426 -1441.0000000000
2446 -1434.0000000000
2459 -1430.0000000000
2508 -1428.0000000000
2517 -1424.0000000000
2539 -1417.0000000000
2573 -1411.0000000000
2583 -1404.0000000000
2626 -1402.0000000000
2638 -1396.0000000000
2686 -1389.0000000000
2706 -1385.0000000000
2802 -1377.0000000000
2869 -1374.0000000000
2885 -1363.0000000000
2964 -1362.0000000000
3036 -1360.0000000000
3040 -1354.0000000000
3123 -1352.0000000000
3330 -1347.0000000000
3334 -1343.0000000000
3406 -1340.0000000000
3458 -1336.0000000000
3496 -1331.0000000000
3571 -1330.0000000000
3588 -1325.0000000000
3608 -1320.0000000000
3624 -1317.0000000000
3865 -1316.0000000000
3942 -1315.0000000000
3993 -1314.0000000000
4008 -1311.0000000000
4127 -1310.0000000000
4136 -1306.0000000000
4214 -1305.0000000000
4325 -1304.0000000000
4348 -1296.0000000000
4465 -1295.0000000000
4602 -1294.0000000000
4738 -1286.0000000000
4759 -1279.0000000000
5091 -1274.0000000000
5345 -1273.0000000000
5349 -1265.0000000000
5611 -1261.0000000000
5820 -1257.0000000000
5838 -1256.0000000000
6070 -1255.0000000000
6487 -1253.0000000000
6639 -1252.0000000000
6710 -1251.0000000000
6816 -1245.0000000000
7074 -1238.0000000000
7128 -1235.0000000000
7605 -1230.0000000000
7684 -1227.0000000000
8063 -1219.0000000000
8132 -1213.0000000000
8349 -1211.0000000000
8449 -1209.0000000000
9074 -1208.0000000000
9232 -1207.0000000000
10010 -1224.0000000000
evaluations raw_y
1 -2053.0000000000
2 -2028.0000000000
3 -2027.0000000000
4 -1912.0000000000
24 -1909.0000000000
59 -1907.0000000000
64 -1893.0000000000
78 -1891.0000000000
144 -1866.0000000000
220 -1857.0000000000
336 -1846.0000000000
350 -1845.0000000000
358 -1841.0000000000
376 -1837.0000000000
383 -1828.0000000000
428 -1827.0000000000
450 -1823.0000000000
451 -1796.0000000000
505 -1795.0000000000
560 -1746.0000000000
887 -1726.0000000000
1076 -1715.0000000000
1122 -1710.0000000000
1192 -1701.0000000000
1260 -1697.0000000000
1275 -1692.0000000000
1290 -1688.0000000000
1367 -1685.0000000000
1371 -1684.0000000000
1397 -1675.0000000000
1412 -1670.0000000000
1427 -1668.0000000000
1444 -1667.0000000000
1472 -1664.0000000000
1500 -1662.0000000000
1506 -1639.0000000000
1531 -1637.0000000000
1534 -1636.0000000000
1542 -1629.0000000000
1588 -1627.0000000000
1633 -1618.0000000000
1661 -1617.0000000000
1663 -1611.0000000000
1688 -1610.0000000000
1697 -1605.0000000000
1704 -1604.0000000000
1723 -1596.0000000000
1785 -1592.0000000000
1795 -1585.0000000000
1810 -1581.0000000000
1847 -1573.0000000000
1865 -1565.0000000000
1906 -1563.0000000000
1934 -1554.0000000000
1979 -1550.0000000000
1984 -1549.0000000000
1992 -1548.0000000000
2013 -1546.0000000000
2050 -1542.0000000000
2058 -1537.0000000000
2063 -1536.0000000000
2079 -1531.0000000000
2092 -1525.0000000000
2107 -1515.0000000000
2129 -1505.0000000000
2133 -1504.0000000000
2138 -1492.0000000000
2166 -1491.0000000000
2173 -1488.0000000000
2200 -1486.0000000000
2224 -1482.0000000000
2226 -1479.0000000000
2242 -1470.0000000000
2301 -1466.0000000000
2329 -1465.0000000000
2332 -1463.0000000000
2350 -1452.0000000000
2373 -1447.0000000000
2428 -1444.0000000000
2462 -1442.0000000000
2466 -1437.0000000000
2475 -1430.0000000000
2492 -1416.0000000000
2559 -1411.0000000000
2844 -1408.0000000000
2866 -1407.0000000000
2884 -1405.0000000000
2949 -1403.0000000000
2961 -1396.0000000000
2996 -1395.0000000000
3103 -1394.0000000000
3124 -1391.0000000000
3160 -1384.0000000000
3173 -1380.0000000000
3220 -1379.0000000000
3284 -1375.0000000000
3319 -1372.0000000000
3675 -1370.0000000000
3713 -1364.0000000000
3746 -1361.0000000000
3834 -1354.0000000000
3881 -1353.0000000000
3974 -1352.0000000000
4069 -1342.0000000000
4204 -1338.0000000000
4225 -1336.0000000000
4303 -1335.0000000000
4308 -1334.0000000000
4321 -1331.0000000000
4432 -1329.0000000000
4512 -1322.0000000000
4557 -1317.0000000000
4577 -1315.0000000000
4865 -1309.0000000000
4884 -1307.0000000000
4922 -1303.0000000000
5076 -1298.0000000000
5325 -1290.0000000000
5599 -1286.0000000000
5729 -1285.0000000000
5795 -1284.0000000000
5820 -1283.0000000000
5862 -1279.0000000000
6124 -1278.0000000000
6294 -1271.0000000000
6499 -1268.0000000000
6618 -1260.0000000000
6656 -1257.0000000000
6722 -1253.0000000000
6754 -1251.0000000000
6816 -1249.0000000000
6921 -1247.0000000000
7178 -1244.0000000000
7525 -1236.0000000000
8562 -1228.0000000000
8627 -1226.0000000000
8737 -1225.0000000000
9035 -1222.0000000000
9153 -1217.0000000000
9535 -1214.0000000000
9563 -1213.0000000000
9938 -1211.0000000000
9956 -1210.0000000000
9978 -1207.0000000000
10010 -1230.0000000000
evaluations raw_y
1 -2018.0000000000
2 -2009.0000000000
4 -2007.0000000000
6 -1995.0000000000
9 -1987.0000000000
15 -1968.0000000000
16 -1955.0000000000
33 -1950.0000000000
42 -1930.0000000000
61 -1927.0000000000
69 -1917.0000000000
86 -1912.0000000000
87 -1907.0000000000
120 -1887.0000000000
158 -1885.0000000000
164 -1884.0000000000
167 -1878.0000000000
170 -1877.0000000000
185 -1862.0000000000
220 -1846.0000000000
262 -1843.0000000000
269 -1820.0000000000
281 -1818.0000000000
350 -1811.0000000000
372 -1779.0000000000
514 -1773.0000000000
563 -1749.0000000000
624 -1741.0000000000
709 -1702.0000000000
800 -1694.0000000000
902 -1675.0000000000
1067 -1665.0000000000
1205 -1663.0000000000
1251 -1651.0000000000
1283 -1645.0000000000
1339 -1640.0000000000
1390 -1631.0000000000
1422 -1630.0000000000
1441 -1615.0000000000
1537 -1613.0000000000
1546 -1598.0000000000
1577 -1596.0000000000
1587 -1588.0000000000
1601 -1582.0000000000
1628 -1581.0000000000
1648 -1575.0000000000
1690 -1570.0000000000
1693 -1565.0000000000
1725 -1557.0000000000
1742 -1554.0000000000
1767 -1551.0000000000
1770 -1550.0000000000
1772 -1542.0000000000
1804 -1540.0000000000
1812 -1536.0000000000
1821 -1534.0000000000
1849 -1533.0000000000
1851 -1526.0000000000
1877 -1524.0000000000
1910 -1519.0000000000
1926 -1513.0000000000
2018 -1506.0000000000
2032 -1494.0000000000
2092 -1489.0000000000
2117 -1482.0000000000
2149 -1481.0000000000
2225 -1471.0000000000
2289 -1468.0000000000
2307 -1461.0000000000
2332 -1456.0000000000
2349 -1452.0000000000
2389 -1450.0000000000
2398 -1449.0000000000
2443 -1444.0000000000
2454 -1439.0000000000
2502 -1437.0000000000
2503 -1435.0000000000
2505 -1431.0000000000
2543 -1429.0000000000
2574 -1425.0000000000
2658 -1421.0000000000
2796 -1417.0000000000
2840 -1410.0000000000
2912 -1408.0000000000
3028 -1406.0000000000
3045 -1403.0000000000
3059 -1400.0000000000
3078 -1398.0000000000
3097 -1397.0000000000
3098 -1393.0000000000
3127 -1389.0000000000
3284 -1388.0000000000
3286 -1387.0000000000
3359 -1384.0000000000
3425 -1383.0000000000
3427 -1379.0000000000
3461 -1372.0000000000
3553 -1369.0000000000
3640 -1366.0000000000
3670 -1362.0000000000
3693 -1349.0000000000
3841 -1348.0000000000
3859 -1341.0000000000
3930 -1340.0000000000
4020 -1339.0000000000
4063 -1338.0000000000
4197 -1333.0000000000
4214 -1332.0000000000
4302 -1323.0000000000
4542 -1321.0000000000
4609 -1315.0000000000
4774 -1313.0000000000
4926 -1311.0000000000
4997 -1310.0000000000
5000 -1299.0000000000
5170 -1297.0000000000
5342 -1292.0000000000
5533 -1291.0000000000
5577 -1288.0000000000
5803 -1284.0000000000
6182 -1280.0000000000
6207 -1278.0000000000
6371 -1276.0000000000
6584 -1274.0000000000
6614 -1273.0000000000
6850 -1269.0000000000
6892 -1264.0000000000
7083 -1263.0000000000
7097 -1262.0000000000
7181 -1258.0000000000
7209 -1257.0000000000
7388 -1247.0000000000
7587 -1244.0000000000
7716 -1239.0000000000
7811 -1238.0000000000
9214 -1237.0000000000
9252 -1233.0000000000
9380 -1229.0000000000
9725 -1223.0000000000
9782 -1222.0000000000
10010 -1263.0000000000
evaluations raw_y
1 -2077.0000000000
2 -1989.0000000000
5 -1980.0000000000
13 -1959.0000000000
24 -1939.0000000000
25 -1917.0000000000
45 -1902.0000000000
78 -1896.0000000000
94 -1888.0000000000
114 -1886.0000000000
129 -1875.0000000000
136 -1852.0000000000
180 -1842.0000000000
186 -1838.0000000000
213 -1837.0000000000
242 -1816.0000000000
336 -1812.0000000000
350 -1803.0000000000
379 -1799.0000000000
438 -1795.0000000000
448 -1790.0000000000
465 -1783.0000000000
471 -1768.0000000000
557 -1758.0000000000
619 -1756.0000000000
634 -1754.0000000000
686 -1751.0000000000
687 -1745.0000000000
825 -1744.0000000000
892 -1743.0000000000
922 -1742.0000000000
979 -1723.0000000000
1035 -1722.0000000000
1050 -1707.0000000000
1082 -1706.0000000000
1131 -1705.0000000000
1141 -1700.0000000000
1158 -1698.0000000000
1271 -1687.0000000000
1273 -1678.0000000000
1292 -1677.0000000000
1315 -1671.0000000000
1328 -1668.0000000000
1366 -1657.0000000000
1385 -1656.0000000000
1417 -1653.0000000000
1443 -1648.0000000000
1496 -1639.0000000000
1516 -1623.0000000000
1549 -1610.0000000000
1594 -1597.0000000000
1629 -1591.0000000000
1646 -1587.0000000000
1689 -1586.0000000000
1708 -1585.0000000000
1730 -1582.0000000000
1738 -1576.0000000000
1806 -1573.0000000000
1815 -1569.0000000000
1819 -1566.0000000000
1850 -1565.0000000000
1856 -1560.0000000000
1905 -1555.0000000000
1931 -1544.0000000000
1966 -1539.0000000000
2010 -1532.0000000000
2024 -1527.0000000000
2037 -1517.0000000000
2104 -1515.0000000000
2106 -1513.0000000000
2142 -1511.0000000000
2144 -1508.0000000000
2215 -1500.0000000000
2225 -1495.0000000000
2248 -1494.0000000000
2272 -1493.0000000000
2297 -1486.0000000000
2356 -1485.0000000000
2366 -1484.0000000000
2386 -1480.0000000000
2495 -1475.0000000000
2547 -1470.0000000000
2560 -1467.0000000000
2615 -1463.0000000000
2621 -1461.0000000000
2670 -1450.0000000000
2718 -1448.0000000000
2725 -1443.0000000000
2781 -1442.0000000000
2813 -1440.0000000000
2835 -1437.0000000000
2874 -1434.0000000000
2908 -1433.0000000000
2919 -1427.0000000000
2977 -1423.0000000000
3015 -1418.0000000000
3084 -1415.0000000000
3097 -1413.0000000000
3104 -1405.0000000000
3140 -1398.0000000000
3178 -1397.0000000000
3346 -1389.0000000000
3369 -1387.0000000000
3454 -1385.0000000000
3552 -1380.0000000000
3660 -1374.0000000000
3703 -1373.0000000000
3720 -1363.0000000000
3936 -1360.0000000000
3963 -1358.0000000000
4064 -1351.0000000000
4102 -1342.0000000000
4268 -1330.0000000000
4599 -1327.0000000000
4666 -1324.0000000000
4717 -1320.0000000000
4743 -1318.0000000000
4843 -1316.0000000000
5001 -1315.0000000000
5037 -1311.0000000000
5298 -1309.0000000000
5328 -1303.0000000000
5588 -1302.0000000000
5612 -1295.0000000000
5913 -1292.0000000000
6058 -1291.0000000000
6247 -1287.0000000000
6282 -1284.0000000000
6477 -1280.0000000000
6560 -1279.0000000000
6563 -1278.0000000000
6640 -1276.0000000000
6693 -1275.0000000000
6730 -1274.0000000000
6733 -1272.0000000000
6787 -1271.0000000000
6915 -1265.0000000000
7066 -1260.0000000000
7577 -1256.0000000000
8112 -1255.0000000000
8150 -1251.0000000000
8159 -1247.0000000000
8198 -1244.0000000000
8225 -1239.0000000000
8416 -1238.0000000000
8496 -1236.0000000000
8658 -1235.0000000000
9076 -1233.0000000000
9085 -1231.0000000000
9091 -1227.0000000000
9113 -1221.0000000000
9373 -1217.0000000000
9614 -1216.0000000000
9632 -1214.0000000000
9638 -1213.0000000000
9880 -1211.0000000000
9887 -1209.0000000000
9968 -1201.0000000000
10010 -1222.0000000000
evaluations raw_y
1 -2006.0000000000
5 -1942.0000000000
23 -1909.0000000000
39 -1868.0000000000
79 -1864.0000000000
95 -1856.0000000000
144 -1854.0000000000
212 -1851.0000000000
259 -1838.0000000000
281 -1823.0000000000
290 -1817.0000000000
316 -1813.0000000000
338 -1806.0000000000
384 -1805.0000000000
388 -1800.0000000000
507 -1799.0000000000
509 -1797.0000000000
547 -1794.0000000000
674 -1771.0000000000
726 -1768.0000000000
783 -1767.0000000000
789 -1741.0000000000
891 -1738.0000000000
943 -1737.0000000000
986 -1736.0000000000
1042 -1728.0000000000
1045 -1725.0000000000
1059 -1715.0000000000
1077 -1714.0000000000
1096 -1712.0000000000
1175 -1668.0000000000
1257 -1662.0000000000
1271 -1655.0000000000
1275 -1651.0000000000
1316 -1644.0000000000
1350 -1641.0000000000
1353 -1638.0000000000
1452 -1632.0000000000
1487 -1629.0000000000
1497 -1624.0000000000
1516 -1612.0000000000
1553 -1610.0000000000
1590 -1607.0000000000
1612 -1604.0000000000
1622 -1598.0000000000
1634 -1595.0000000000
1642 -1594.0000000000
1663 -1592.0000000000
1669 -1584.0000000000
1689 -1576.0000000000
1715 -1566.0000000000
1775 -1564.0000000000
1777 -1562.0000000000
1794 -1556.0000000000
1822 -1550.0000000000
1842 -1543.0000000000
1870 -1542.0000000000
1876 -1539.0000000000
1917 -1535.0000000000
1950 -1522.0000000000
1973 -1511.0000000000
2005 -1508.0000000000
2040 -1507.0000000000
2073 -1503.0000000000
2094 -1502.0000000000
2126 -1495.0000000000
2160 -1494.0000000000
2185 -1493.0000000000
2200 -1489.0000000000
2212 -1486.0000000000
2236 -1482.0000000000
2243 -1480.0000000000
2304 -1476.0000000000
2324 -1473.0000000000
2355 -1472.0000000000
2368 -1469.0000000000
2377 -1464.0000000000
2406 -1463.0000000000
2438 -1456.0000000000
2469 -1454.0000000000
2481 -1451.0000000000
2524 -1439.0000000000
2560 -1436.0000000000
2604 -1432.0000000000
2636 -1429.0000000000
2647 -1423.0000000000
2755 -1422.0000000000
2834 -1418.0000000000
2893 -1415.0000000000
2996 -1414.0000000000
2998 -1412.0000000000
3011 -1411.0000000000
3025 -1409.0000000000
3147 -1400.0000000000
3221 -1399.0000000000
3247 -1394.0000000000
3300 -1386.0000000000
3344 -1380.0000000000
3397 -1379.0000000000
3412 -1377.0000000000
3432 -1376.0000000000
3434 -1373.0000000000
3496 -1372.0000000000
3518 -1367.0000000000
3526 -1359.0000000000
3700 -1357.0000000000
3750 -1353.0000000000
3760 -1347.0000000000
3791 -1346.0000000000
3829 -1344.0000000000
3861 -1341.0000000000
3875 -1328.0000000000
3909 -1324.0000000000
3981 -1319.0000000000
4021 -1318.0000000000
4057 -1313.0000000000
4100 -1312.0000000000
4298 -1311.0000000000
4333 -1305.0000000000
4431 -1297.0000000000
4486 -1294.0000000000
4515 -1276.0000000000
4702 -1272.0000000000
4797 -1271.0000000000
5066 -1269.0000000000
5196 -1255.0000000000
5249 -1252.0000000000
5722 -1250.0000000000
5798 -1247.0000000000
5809 -1243.0000000000
5978 -1239.0000000000
6095 -1238.0000000000
6155 -1235.0000000000
6162 -1233.0000000000
6211 -1230.0000000000
6483 -1228.0000000000
6606 -1227.0000000000
6630 -1224.0000000000
6646 -1222.0000000000
6689 -1220.0000000000
6709 -1219.0000000000
6831 -1207.0000000000
7556 -1203.0000000000
7678 -1202.0000000000
7763 -1196.0000000000
7853 -1195.0000000000
7917 -1191.0000000000
8261 -1190.0000000000
8487 -1189.0000000000
8528 -1187.0000000000
8892 -1186.0000000000
8937 -1184.0000000000
8970 -1181.0000000000
9437 -1179.0000000000
10010 -1200.0000000000
evaluations raw_y
1 -2019.0000000000
3 -1988.0000000000
8 -1968.0000000000
15 -1954.0000000000
26 -1935.0000000000
33 -1920.0000000000
81 -1914.0000000000
96 -1891.0000000000
97 -1877.0000000000
157 -1845.0000000000
166 -1836.0000000000
243 -1832.0000000000
268 -1831.0000000000
280 -1817.0000000000
282 -1804.0000000000
390 -1791.0000000000
409 -1783.0000000000
441 -1780.0000000000
534 -1777.0000000000
561 -1774.0000000000
577 -1762.0000000000
673 -1749.0000000000
697 -1732.0000000000
710 -1721.0000000000
787 -1719.0000000000
933 -1714.0000000000
1026 -1712.0000000000
1096 -1706.0000000000
1118 -1704.0000000000
1202 -1700.0000000000
1263 -1694.0000000000
1277 -1690.0000000000
1325 -1684.0000000000
1351 -1679.0000000000
1381 -1674.0000000000
1445 -1667.0000000000
1515 -1662.0000000000
1522 -1660.0000000000
1536 -1658.0000000000
1539 -1656.0000000000
1541 -1654.0000000000
1555 -1647.0000000000
1586 -1637.0000000000
1599 -1635.0000000000
1608 -1634.0000000000
1612 -1626.0000000000
1640 -1620.0000000000
1647 -1606.0000000000
1687 -1601.0000000000
1736 -1597.0000000000
1766 -1593.0000000000
1778 -1590.0000000000
1797 -1587.0000000000
1801 -1586.0000000000
1810 -1585.0000000000
1815 -1581.0000000000
1829 -1578.0000000000
1833 -1573.0000000000
1871 -1571.0000000000
1878 -1568.0000000000
1879 -1560.0000000000
1919 -1556.0000000000
1950 -1547.0000000000
1968 -1544.0000000000
1977 -1543.0000000000
2011 -1542.0000000000
2014 -1541.0000000000
2030 -1529.0000000000
2057 -1527.0000000000
2065 -1521.0000000000
2070 -1513.0000000000
2082 -1511.0000000000
2084 -1508.0000000000
2127 -1505.0000000000
2149 -1503.0000000000
2164 -1499.0000000000
2197 -1497.0000000000
2207 -1494.0000000000
2233 -1488.0000000000
2250 -1487.0000000000
2287 -1480.0000000000
2313 -1478.0000000000
2333 -1471.0000000000
2401 -1470.0000000000
2424 -1469.0000000000
2453 -1464.0000000000
2470 -1461.0000000000
2517 -1456.0000000000
2550 -1455.0000000000
2591 -1454.0000000000
2594 -1452.0000000000
2605 -1437.0000000000
2644 -1434.0000000000
2727 -1428.0000000000
2784 -1421.0000000000
2847 -1412.0000000000
2983 -1409.0000000000
2985 -1407.0000000000
3027 -1404.0000000000
3105 -1400.0000000000
3145 -1394.0000000000
3200 -1391.0000000000
3234 -1390.0000000000
3278 -1386.0000000000
3300 -1380.0000000000
3338 -1376.0000000000
3389 -1375.0000000000
3619 -1374.0000000000
3637 -1373.0000000000
3640 -1367.0000000000
3678 -1359.0000000000
3733 -1350.0000000000
3809 -1342.0000000000
3870 -1339.0000000000
3898 -1334.0000000000
4051 -1328.0000000000
4492 -1327.0000000000
4515 -1325.0000000000
4605 -1323.0000000000
4721 -1322.0000000000
4837 -1320.0000000000
4872 -1315.0000000000
5110 -1314.0000000000
5137 -1311.0000000000
5213 -1307.0000000000
5288 -1296.0000000000
5366 -1295.0000000000
5387 -1293.0000000000
5723 -1292.0000000000
5727 -1290.0000000000
5748 -1283.0000000000
5809 -1277.0000000000
6322 -1275.0000000000
6526 -1272.0000000000
6791 -1271.0000000000
6809 -1264.0000000000
6883 -1260.0000000000
7492 -1259.0000000000
7604 -1254.0000000000
7769 -1253.0000000000
7794 -1244.0000000000
7912 -1236.0000000000
8197 -1234.0000000000
8221 -1231.0000000000
8241 -1228.0000000000
8305 -1224.0000000000
8707 -1223.0000000000
8875 -1222.0000000000
9003 -1220.0000000000
9014 -1216.0000000000
9088 -1212.0000000000
9777 -1211.0000000000
9806 -1210.0000000000
10010 -1220.0000000000
evaluations raw_y
1 -2052.0000000000
2 -1992.0000000000
3 -1980.0000000000
5 -1979.0000000000
9 -1943.0000000000
25 -1926.0000000000
36 -1916.0000000000
41 -1895.0000000000
110 -1885.0000000000
114 -1851.0000000000
154 -1838.0000000000
191 -1835.0000000000
245 -1832.0000000000
271 -1829.0000000000
292 -1816.0000000000
443 -1812.0000000000
489 -1808.0000000000
553 -1806.0000000000
572 -1805.0000000000
573 -1793.0000000000
619 -1777.0000000000
712 -1767.0000000000
767 -1763.0000000000
805 -1759.0000000000
841 -1741.0000000000
909 -1733.0000000000
935 -1730.0000000000
940 -1728.0000000000
978 -1725.0000000000
998 -1708.0000000000
1069 -1706.0000000000
1093 -1686.0000000000
1198 -1682.0000000000
1207 -1674.0000000000
1277 -1671.0000000000
1360 -1646.0000000000
1397 -1645.0000000000
1437 -1636.0000000000
1475 -1632.0000000000
1483 -1631.0000000000
1485 -1627.0000000000
1512 -1624.0000000000
1522 -1605.0000000000
1574 -1596.0000000000
1616 -1594.0000000000
1645 -1593.0000000000
1658 -1591.0000000000
1663 -1587.0000000000
1669 -1575.0000000000
1696 -1570.0000000000
1713 -1563.0000000000
1750 -1558.0000000000
1755 -1554.0000000000
1769 -1552.0000000000
1785 -1551.0000000000
1807 -1547.0000000000
1834 -1544.0000000000
1840 -1543.0000000000
1865 -1537.0000000000
1877 -1532.0000000000
1914 -1529.0000000000
1934 -1517.0000000000
1977 -1511.0000000000
2000 -1507.0000000000
2035 -1506.0000000000
2039 -1504.0000000000
2062 -1498.0000000000
2081 -1493.0000000000
2164 -1488.0000000000
2174 -1482.0000000000
2207 -1471.0000000000
2238 -1470.0000000000
2275 -1469.0000000000
2279 -1463.0000000000
2284 -1455.0000000000
2291 -1450.0000000000
2304 -1439.0000000000
2346 -1435.0000000000
2380 -1434.0000000000
2389 -1425.0000000000
2414 -1421.0000000000
2474 -1410.0000000000
2525 -1395.0000000000
2605 -1391.0000000000
2700 -1389.0000000000
2770 -1384.0000000000
2796 -1382.0000000000
2814 -1367.0000000000
2902 -1363.0000000000
2929 -1362.0000000000
3027 -1358.0000000000
3036 -1355.0000000000
3319 -1352.0000000000
3335 -1343.0000000000
3534 -1338.0000000000
3590 -1337.0000000000
3604 -1335.0000000000
3653 -1332.0000000000
3658 -1327.0000000000
3734 -1323.0000000000
3785 -1314.0000000000
3879 -1312.0000000000
3953 -1307.0000000000
4020 -1304.0000000000
4061 -1303.0000000000
4065 -1302.0000000000
4088 -1295.0000000000
4129 -1293.0000000000
4164 -1291.0000000000
4249 -1290.0000000000
4315 -1286.0000000000
4780 -1284.0000000000
4862 -1275.0000000000
4902 -1273.0000000000
4943 -1272.0000000000
5222 -1270.0000000000
5619 -1265.0000000000
5744 -1261.0000000000
5783 -1258.0000000000
5845 -1252.0000000000
6141 -1246.0000000000
6325 -1243.0000000000
6345 -1238.0000000000
6523 -1235.0000000000
6689 -1234.0000000000
6734 -1233.0000000000
6825 -1231.0000000000
7183 -1228.0000000000
7862 -1227.0000000000
7878 -1222.0000000000
9441 -1220.0000000000
9578 -1217.0000000000
10010 -1241.0000000000
evaluations raw_y
1 -2037.0000000000
2 -2008.0000000000
3 -1976.0000000000
15 -1947.0000000000
30 -1930.0000000000
40 -1896.0000000000
62 -1885.0000000000
79 -1867.0000000000
104 -1865.0000000000
136 -1859.0000000000
141 -1858.0000000000
153 -1852.0000000000
176 -1849.0000000000
242 -1846.0000000000
254 -1836.0000000000
305 -1833.0000000000
311 -1827.0000000000
330 -1824.0000000000
409 -1814.0000000000
436 -1813.0000000000
462 -1810.0000000000
487 -1809.0000000000
500 -1806.0000000000
544 -1802.0000000000
548 -1800.0000000000
553 -1784.0000000000
606 -1780.0000000000
660 -1766.0000000000
665 -1755.0000000000
758 -1740.0000000000
810 -1739.0000000000
893 -1733.0000000000
971 -1726.0000000000
996 -1717.0000000000
1101 -1710.0000000000
1196 -1701.0000000000
1230 -1694.0000000000
1259 -1691.0000000000
1298 -1689.0000000000
1317 -1678.0000000000
1348 -1674.0000000000
1355 -1665.0000000000
1363 -1662.0000000000
1389 -1656.0000000000
1397 -1649.0000000000
1408 -1643.0000000000
1420 -1642.0000000000
1434 -1616.0000000000
1489 -1614.0000000000
1495 -1607.0000000000
1500 -1605.0000000000
1516 -1601.0000000000
1572 -1597.0000000000
1585 -1595.0000000000
1601 -1592.0000000000
1614 -1587.0000000000
1617 -1584.0000000000
1635 -1581.0000000000
1651 -1567.0000000000
1659 -1565.0000000000
1690 -1562.0000000000
1702 -1549.0000000000
1759 -1544.0000000000
1831 -1539.0000000000
1833 -1534.0000000000
1852 -1532.0000000000
1861 -1531.0000000000
1874 -1530.0000000000
1879 -1527.0000000000
1906 -1520.0000000000
1934 -1518.0000000000
2008 -1515.0000000000
2072 -1511.0000000000
2077 -1504.0000000000
2098 -1499.0000000000
2133 -1490.0000000000
2155 -1472.0000000000
2238 -1469.0000000000
2258 -1464.0000000000
2380 -1462.0000000000
2403 -1459.0000000000
2416 -1458.0000000000
2444 -1455.0000000000
2482 -1449.0000000000
2509 -1443.0000000000
2539 -1437.0000000000
2575 -1435.0000000000
2621 -1428.0000000000
2768 -1419.0000000000
2823 -1416.0000000000
2880 -1412.0000000000
2918 -1411.0000000000
2931 -1409.0000000000
3022 -1403.0000000000
3044 -1399.0000000000
3124 -1398.0000000000
3153 -1397.0000000000
3163 -1396.0000000000
3214 -1393.0000000000
3220 -1388.0000000000
3257 -1378.0000000000
3280 -1369.0000000000
3386 -1368.0000000000
3396 -1363.0000000000
3457 -1359.0000000000
3512 -1358.0000000000
3520 -1352.0000000000
3666 -1351.0000000000
3768 -1349.0000000000
3826 -1344.0000000000
3841 -1343.0000000000
3896 -1335.0000000000
3940 -1332.0000000000
4042 -1328.0000000000
4165 -1323.0000000000
4273 -1320.0000000000
4301 -1317.0000000000
4345 -1315.0000000000
4404 -1311.0000000000
4413 -1309.0000000000
4425 -1306.0000000000
4444 -1302.0000000000
4492 -1301.0000000000
4513 -1288.0000000000
4535 -1287.0000000000
4618 -1286.0000000000
4727 -1284.0000000000
4799 -1282.0000000000
4959 -1280.0000000000
5287 -1278.0000000000
5473 -1275.0000000000
5487 -1273.0000000000
5550 -1270.0000000000
5630 -1269.0000000000
5663 -1262.0000000000
5779 -1261.0000000000
6082 -1256.0000000000
6133 -1252.0000000000
6353 -1251.0000000000
6479 -1248.0000000000
6529 -1244.0000000000
6702 -1235.0000000000
6915 -1234.0000000000
7102 -1224.0000000000
7590 -1223.0000000000
8050 -1221.0000000000
8161 -1219.0000000000
8449 -1217.0000000000
9114 -1209.0000000000
9140 -1207.0000000000
9422 -1202.0000000000
9656 -1199.0000000000
9860 -1194.0000000000
10010 -1223.0000000000
evaluations raw_y
1 -2037.0000000000
2 -1978.0000000000
7 -1925.0000000000
27 -1896.0000000000
66 -1894.0000000000
86 -1872.0000000000
107 -1869.0000000000
112 -1848.0000000000
131 -1839.0000000000
256 -1832.0000000000
307 -1812.0000000000
340 -1809.0000000000
400 -1803.0000000000
436 -1799.0000000000
443 -1798.0000000000
479 -1791.0000000000
533 -1790.0000000000
603 -1788.0000000000
701 -1786.0000000000
712 -1773.0000000000
786 -1755.0000000000
800 -1751.0000000000
910 -1733.0000000000
986 -1730.0000000000
1041 -1725.0000000000
1043 -1723.0000000000
1045 -1715.0000000000
1103 -1706.0000000000
1119 -1700.0000000000
1216 -1698.0000000000
1221 -1696.0000000000
1235 -1693.0000000000
1238 -1689.0000000000
1249 -1681.0000000000
1271 -1674.0000000000
1291 -1651.0000000000
1372 -1646.0000000000
1380 -1641.0000000000
1399 -1637.0000000000
1420 -1626.0000000000
1468 -1620.0000000000
1477 -1617.0000000000
1504 -1609.0000000000
1515 -1608.0000000000
1533 -1599.0000000000
1543 -1593.0000000000
1551 -1591.0000000000
1557 -1589.0000000000
1563 -1585.0000000000
1570 -1581.0000000000
1600 -1579.0000000000
1616 -1573.0000000000
1648 -1572.0000000000
1659 -1567.0000000000
1669 -1560.0000000000
1699 -1559.0000000000
1704 -1557.0000000000
1721 -1555.0000000000
1733 -1554.0000000000
1750 -1553.0000000000
1768 -1542.0000000000
1788 -1533.0000000000
1799 -1530.0000000000
1863 -1525.0000000000
1890 -1524.0000000000
1895 -1518.0000000000
1918 -1515.0000000000
1949 -1500.0000000000
2002 -1498.0000000000
2022 -1490.0000000000
2119 -1487.0000000000
2136 -1478.0000000000
2146 -1477.0000000000
2188 -1474.0000000000
2205 -1465.0000000000
2230 -1464.0000000000
2315 -1456.0000000000
2382 -1450.0000000000
2451 -1446.0000000000
2469 -1431.0000000000
2536 -1429.0000000000
2576 -1427.0000000000
2633 -1425.0000000000
2665 -1420.0000000000
2717 -1414.0000000000
2741 -1411.0000000000
2774 -1409.0000000000
2807 -1408.0000000000
2849 -1406.0000000000
2855 -1404.0000000000
2869 -1403.0000000000
2876 -1400.0000000000
2901 -1396.0000000000
2953 -1388.0000000000
3034 -1383.0000000000
3063 -1380.0000000000
3085 -1367.0000000000
3226 -1364.0000000000
3244 -1357.0000000000
3294 -1356.0000000000
3321 -1352.0000000000
3398 -1337.0000000000
3406 -1336.0000000000
3456 -1333.0000000000
3547 -1330.0000000000
3585 -1327.0000000000
3644 -1326.0000000000
3680 -1324.0000000000
3770 -1323.0000000000
3774 -1318.0000000000
3835 -1316.0000000000
3916 -1312.0000000000
3954 -1310.0000000000
3971 -1295.0000000000
4130 -1294.0000000000
4171 -1290.0000000000
4667 -1286.0000000000
4734 -1284.0000000000
4858 -1279.0000000000
5056 -1277.0000000000
5222 -1268.0000000000
5570 -1265.0000000000
5600 -1264.0000000000
5678 -1263.0000000000
5818 -1261.0000000000
6086 -1259.0000000000
6365 -1253.0000000000
6477 -1248.0000000000
6836 -1246.0000000000
6860 -1245.0000000000
6898 -1243.0000000000
7079 -1241.0000000000
7327 -1239.0000000000
7510 -1234.0000000000
7737 -1228.0000000000
7900 -1225.0000000000
8458 -1222.0000000000
8749 -1214.0000000000
9610 -1210.0000000000
10010 -1232.0000000000
evaluations raw_y
1 -2025.0000000000
2 -2002.0000000000
3 -2001.0000000000
6 -1966.0000000000
13 -1965.0000000000
14 -1935.0000000000
41 -1921.0000000000
61 -1909.0000000000
72 -1895.0000000000
122 -1888.0000000000
144 -1873.0000000000
151 -1864.0000000000
196 -1863.0000000000
201 -1860.0000000000
228 -1827.0000000000
331 -1815.0000000000
389 -1806.0000000000
413 -1802.0000000000
419 -1785.0000000000
498 -1776.0000000000
513 -1774.0000000000
572 -1740.0000000000
703 -1737.0000000000
714 -1730.0000000000
729 -1720.0000000000
747 -1714.0000000000
956 -1709.0000000000
975 -1697.0000000000
1173 -1687.0000000000
1216 -1660.0000000000
1340 -1649.0000000000
1353 -1635.0000000000
1375 -1628.0000000000
1392 -1610.0000000000
1447 -1606.0000000000
1501 -1605.0000000000
1521 -1599.0000000000
1533 -1598.0000000000
1559 -1595.0000000000
1581 -1591.0000000000
1597 -1582.0000000000
1652 -1581.0000000000
1658 -1580.0000000000
1676 -1579.0000000000
1678 -1578.0000000000
1685 -1571.0000000000
1696 -1567.0000000000
1742 -1564.0000000000
1777 -1562.0000000000
1783 -1561.0000000000
1809 -1558.0000000000
1832 -1556.0000000000
1853 -1541.0000000000
1892 -1540.0000000000
1893 -1538.0000000000
1903 -1524.0000000000
1924 -1513.0000000000
1931 -1512.0000000000
1973 -1509.0000000000
1975 -1503.0000000000
1987 -1495.0000000000
2021 -1494.0000000000
2045 -1491.0000000000
2057 -1485.0000000000
2064 -1477.0000000000
2161 -1475.0000000000
2194 -1470.0000000000
2196 -1469.0000000000
2229 -1467.0000000000
2285 -1466.0000000000
2308 -1461.0000000000
2337 -1460.0000000000
2379 -1458.0000000000
2398 -1452.0000000000
2443 -1451.0000000000
2452 -1448.0000000000
2494 -1446.0000000000
2526 -1445.0000000000
2576 -1439.0000000000
2582 -1438.0000000000
2611 -1434.0000000000
2626 -1419.0000000000
2686 -1418.0000000000
2746 -1417.0000000000
2753 -1410.0000000000
2810 -1409.0000000000
2818 -1402.0000000000
2862 -1400.0000000000
2891 -1393.0000000000
2916 -1387.0000000000
2975 -1386.0000000000
2988 -1381.0000000000
3043 -1379.0000000000
3113 -1377.0000000000
3159 -1373.0000000000
3279 -1372.0000000000
3343 -1371.0000000000
3361 -1370.0000000000
3390 -1369.0000000000
3436 -1356.0000000000
3489 -1354.0000000000
3760 -1350.0000000000
3800 -1349.0000000000
3821 -1348.0000000000
3928 -1344.0000000000
3946 -1343.0000000000
4003 -1340.0000000000
4038 -1338.0000000000
4041 -1325.0000000000
4176 -1323.0000000000
4422 -1322.0000000000
4557 -1320.0000000000
4693 -1317.0000000000
4718 -1314.0000000000
4741 -1310.0000000000
4756 -1300.0000000000
4925 -1298.0000000000
5033 -1294.0000000000
5060 -1291.0000000000
5062 -1282.0000000000
5265 -1280.0000000000
5645 -1273.0000000000
5712 -1269.0000000000
6033 -1266.0000000000
6086 -1263.0000000000
6244 -1261.0000000000
6418 -1260.0000000000
6500 -1259.0000000000
6788 -1255.0000000000
6868 -1253.0000000000
6901 -1247.0000000000
7173 -1241.0000000000
7377 -1237.0000000000
7846 -1231.0000000000
7902 -1228.0000000000
7953 -1219.0000000000
8032 -1206.0000000000
8787 -1203.0000000000
9229 -1199.0000000000
9934 -1198.0000000000
10010 -1214.0000000000
evaluations raw_y
1 -2031.0000000000
2 -1964.0000000000
12 -1958.0000000000
23 -1952.0000000000
44 -1949.0000000000
46 -1939.0000000000
66 -1930.0000000000
77 -1929.0000000000
86 -1922.0000000000
94 -1913.0000000000
117 -1879.0000000000
141 -1874.0000000000
170 -1847.0000000000
205 -1839.0000000000
216 -1834.0000000000
227 -1833.0000000000
255 -1825.0000000000
291 -1817.0000000000
340 -1811.0000000000
371 -1809.0000000000
422 -1790.0000000000
440 -1779.0000000000
552 -1774.0000000000
580 -1769.0000000000
619 -1767.0000000000
628 -1762.0000000000
710 -1761.0000000000
713 -1741.0000000000
846 -1739.0000000000
887 -1738.0000000000
896 -1725.0000000000
940 -1715.0000000000
969 -1699.0000000000
1075 -1698.0000000000
1090 -1697.0000000000
1115 -1695.0000000000
1127 -1692.0000000000
1155 -1669.0000000000
1213 -1668.0000000000
1238 -1653.0000000000
1289 -1629.0000000000
1311 -1628.0000000000
1405 -1623.0000000000
1409 -1620.0000000000
1433 -1613.0000000000
1508 -1597.0000000000
1559 -1588.0000000000
1605 -1581.0000000000
1629 -1574.0000000000
1679 -1573.0000000000
1689 -1569.0000000000
1703 -1566.0000000000
1748 -1563.0000000000
1753 -1558.0000000000
1776 -1548.0000000000
1782 -1545.0000000000
1825 -1542.0000000000
1840 -1536.0000000000
1879 -1523.0000000000
1946 -1516.0000000000
1953 -1510.0000000000
1968 -1507.0000000000
2000 -1498.0000000000
2022 -1494.0000000000
2030 -1487.0000000000
2092 -1480.0000000000
2135 -1479.0000000000
2161 -1477.0000000000
2202 -1476.0000000000
2234 -1475.0000000000
2276 -1474.0000000000
2287 -1470.0000000000
2303 -1465.0000000000
2309 -1463.0000000000
2348 -1460.0000000000
2370 -1459.0000000000
2386 -1458.0000000000
2395 -1457.0000000000
2397 -1455.0000000000
2429 -1453.0000000000
2440 -1452.0000000000
2447 -1449.0000000000
2476 -1446.0000000000
2478 -1442.0000000000
2510 -1435.0000000000
2585 -1432.0000000000
2640 -1431.0000000000
2676 -1422.0000000000
2746 -1418.0000000000
2772 -1410.0000000000
2803 -1409.0000000000
2820 -1404.0000000000
2823 -1394.0000000000
2871 -1393.0000000000
2896 -1391.0000000000
2986 -1388.0000000000
3196 -1386.0000000000
3216 -1377.0000000000
3252 -1375.0000000000
3269 -1373.0000000000
3273 -1369.0000000000
3315 -1364.0000000000
3357 -1355.0000000000
3456 -1353.0000000000
3462 -1347.0000000000
3713 -1344.0000000000
4017 -1328.0000000000
4115 -1327.0000000000
4172 -1324.0000000000
4181 -1323.0000000000
4245 -1319.0000000000
4429 -1312.0000000000
4963 -1307.0000000000
5093 -1302.0000000000
5314 -1301.0000000000
5481 -1299.0000000000
5531 -1298.0000000000
5579 -1297.0000000000
5735 -1296.0000000000
5801 -1295.0000000000
5874 -1292.0000000000
5911 -1290.0000000000
6054 -1289.0000000000
6250 -1284.0000000000
6319 -1279.0000000000
6513 -1271.0000000000
6582 -1269.0000000000
6656 -1266.0000000000
7109 -1265.0000000000
7144 -1262.0000000000
7308 -1260.0000000000
7328 -1257.0000000000
7330 -1255.0000000000
7359 -1252.0000000000
7381 -1251.0000000000
7404 -1248.0000000000
7456 -1244.0000000000
8114 -1241.0000000000
8191 -1238.0000000000
8378 -1233.0000000000
8674 -1232.0000000000
9000 -1230.0000000000
9082 -1228.0000000000
9405 -1226.0000000000
10010 -1258.0000000000
evaluations raw_y
1 -2004.0000000000
2 -1975.0000000000
3 -1949.0000000000
5 -1948.0000000000
21 -1938.0000000000
39 -1908.0000000000
60 -1906.0000000000
92 -1904.0000000000
104 -1896.0000000000
106 -1866.0000000000
150 -1851.0000000000
194 -1816.0000000000
318 -1808.0000000000
394 -1807.0000000000
407 -1802.0000000000
423 -1797.0000000000
485 -1796.0000000000
496 -1792.0000000000
550 -1781.0000000000
588 -1776.0000000000
616 -1757.0000000000
686 -1754.0000000000
797 -1750.0000000000
831 -1746.0000000000
885 -1730.0000000000
963 -1726.0000000000
1002 -1722.0000000000
1034 -1710.0000000000
1049 -1708.0000000000
1087 -1694.0000000000
1124 -1682.0000000000
1234 -1678.0000000000
1254 -1671.0000000000
1268 -1661.0000000000
1289 -1648.0000000000
1392 -1642.0000000000
1409 -1641.0000000000
1440 -1631.0000000000
1446 -1625.0000000000
1490 -1615.0000000000
1500 -1607.0000000000
1537 -1605.0000000000
1567 -1604.0000000000
1571 -1596.0000000000
1609 -1580.0000000000
1624 -1579.0000000000
1627 -1574.0000000000
1646 -1570.0000000000
1659 -1560.0000000000
1693 -1552.0000000000
1702 -1547.0000000000
1747 -1542.0000000000
1764 -1539.0000000000
1768 -1533.0000000000
1791 -1528.0000000000
1799 -1516.0000000000
1834 -1509.0000000000
1864 -1504.0000000000
1880 -1500.0000000000
1920 -1498.0000000000
1943 -1497.0000000000
1965 -1491.0000000000
2005 -1490.0000000000
2028 -1488.0000000000
2039 -1485.0000000000
2041 -1484.0000000000
2065 -1483.0000000000
2090 -1474.0000000000
2219 -1465.0000000000
2272 -1460.0000000000
2292 -1458.0000000000
2325 -1457.0000000000
2337 -1452.0000000000
2351 -1441.0000000000
2390 -1435.0000000000
2583 -1431.0000000000
2603 -1427.0000000000
2674 -1422.0000000000
2692 -1421.0000000000
2713 -1420.0000000000
2841 -1414.0000000000
2850 -1413.0000000000
2922 -1412.0000000000
2943 -1410.0000000000
3002 -1409.0000000000
3030 -1400.0000000000
3071 -1398.0000000000
3115 -1394.0000000000
3177 -1390.0000000000
3211 -1383.0000000000
3293 -1376.0000000000
3354 -1367.0000000000
3560 -1359.0000000000
3748 -1356.0000000000
3796 -1355.0000000000
3845 -1354.0000000000
3869 -1353.0000000000
3870 -1352.0000000000
3935 -1350.0000000000
4174 -1341.0000000000
4304 -1340.0000000000
4328 -1337.0000000000
4351 -1336.0000000000
4371 -1335.0000000000
4379 -1333.0000000000
4414 -1331.0000000000
4494 -1330.0000000000
4529 -1327.0000000000
4697 -1324.0000000000
4707 -1323.0000000000
4739 -1322.0000000000
4787 -1318.0000000000
4824 -1317.0000000000
4845 -1315.0000000000
4887 -1306.0000000000
4908 -1303.0000000000
4946 -1301.0000000000
5048 -1298.0000000000
5205 -1295.0000000000
5536 -1290.0000000000
5604 -1280.0000000000
5828 -1279.0000000000
5980 -1278.0000000000
6057 -1275.0000000000
6093 -1272.0000000000
6095 -1268.0000000000
6272 -1267.0000000000
6417 -1259.0000000000
6469 -1255.0000000000
6471 -1251.0000000000
6615 -1249.0000000000
6636 -1241.0000000000
6834 -1237.0000000000
7429 -1236.0000000000
7504 -1227.0000000000
8438 -1218.0000000000
8657 -1214.0000000000
8772 -1212.0000000000
8917 -1211.0000000000
8952 -1206.0000000000
9551 -1204.0000000000
9894 -1199.0000000000
10010 -1209.0000000000
evaluations raw_y
1 -1982.0000000000
2 -1920.0000000000
48 -1913.0000000000
56 -1911.0000000000
62 -1906.0000000000
66 -1904.0000000000
81 -1899.0000000000
90 -1897.0000000000
102 -1868.0000000000
140 -1862.0000000000
145 -1844.0000000000
244 -1840.0000000000
372 -1831.0000000000
497 -1823.0000000000
539 -1817.0000000000
542 -1814.0000000000
548 -1801.0000000000
571 -1799.0000000000
691 -1798.0000000000
699 -1792.0000000000
748 -1791.0000000000
755 -1787.0000000000
785 -1782.0000000000
829 -1763.0000000000
929 -1762.0000000000
982 -1753.0000000000
1042 -1751.0000000000
1061 -1747.0000000000
1070 -1741.0000000000
1073 -1726.0000000000
1209 -1725.0000000000
1226 -1723.0000000000
1276 -1721.0000000000
1307 -1715.0000000000
1310 -1714.0000000000
1316 -1711.0000000000
1324 -1710.0000000000
1336 -1685.0000000000
1379 -1681.0000000000
1408 -1680.0000000000
1413 -1673.0000000000
1465 -1657.0000000000
1511 -1656.0000000000
1528 -1643.0000000000
1543 -1641.0000000000
1598 -1632.0000000000
1622 -1631.0000000000
1625 -1626.0000000000
1630 -1621.0000000000
1634 -1619.0000000000
1648 -1617.0000000000
1716 -1616.0000000000
1744 -1610.0000000000
1776 -1604.0000000000
1786 -1598.0000000000
1805 -1593.0000000000
1829 -1583.0000000000
1832 -1575.0000000000
1857 -1572.0000000000
1876 -1567.0000000000
1887 -1560.0000000000
1938 -1557.0000000000
1952 -1556.0000000000
1993 -1551.0000000000
2037 -1549.0000000000
2058 -1541.0000000000
2115 -1537.0000000000
2131 -1533.0000000000
2136 -1525.0000000000
2188 -1506.0000000000
2213 -1503.0000000000
2248 -1499.0000000000
2265 -1495.0000000000
2268 -1493.0000000000
2290 -1491.0000000000
2294 -1489.0000000000
2320 -1477.0000000000
2383 -1475.0000000000
2389 -1473.0000000000
2406 -1472.0000000000
2463 -1466.0000000000
2587 -1464.0000000000
2611 -1458.0000000000
2723 -1453.0000000000
2732 -1449.0000000000
2776 -1448.0000000000
2806 -1444.0000000000
2835 -1442.0000000000
2850 -1441.0000000000
2864 -1440.0000000000
2869 -1437.0000000000
2886 -1435.0000000000
2930 -1434.0000000000
2933 -1432.0000000000
2956 -1430.0000000000
2990 -1427.0000000000
3069 -1421.0000000000
3225 -1419.0000000000
3283 -1416.0000000000
3422 -1415.0000000000
3571 -1408.0000000000
3611 -1406.0000000000
3651 -1405.0000000000
3696 -1398.0000000000
3735 -1397.0000000000
3742 -1388.0000000000
3784 -1384.0000000000
3819 -1381.0000000000
3993 -1373.0000000000
4186 -1368.0000000000
4264 -1362.0000000000
4359 -1359.0000000000
4386 -1354.0000000000
4410 -1349.0000000000
4433 -1344.0000000000
4469 -1342.0000000000
4505 -1339.0000000000
4643 -1338.0000000000
4697 -1334.0000000000
4789 -1329.0000000000
4871 -1327.0000000000
4920 -1323.0000000000
4938 -1322.0000000000
4949 -1321.0000000000
4956 -1320.0000000000
4965 -1319.0000000000
4990 -1317.0000000000
5008 -1314.0000000000
5079 -1303.0000000000
5123 -1301.0000000000
5161 -1290.0000000000
5225 -1287.0000000000
5280 -1285.0000000000
5355 -1280.0000000000
5386 -1276.0000000000
5605 -1274.0000000000
5791 -1270.0000000000
5826 -1267.0000000000
6068 -1264.0000000000
6192 -1263.0000000000
6199 -1260.0000000000
6350 -1257.0000000000
6678 -1256.0000000000
6887 -1254.0000000000
6914 -1252.0000000000
7018 -1251.0000000000
7153 -1249.0000000000
7199 -1247.0000000000
7207 -1246.0000000000
7265 -1244.0000000000
7291 -1239.0000000000
7455 -1227.0000000000
8055 -1224.0000000000
8144 -1216.0000000000
8516 -1211.0000000000
8773 -1202.0000000000
9856 -1195.0000000000
10010 -1227.0000000000
evaluations raw_y
1 -2003.0000000000
2 -1914.0000000000
55 -1889.0000000000
76 -1881.0000000000
104 -1876.0000000000
128 -1875.0000000000
132 -1872.0000000000
137 -1863.0000000000
157 -1851.0000000000
167 -1848.0000000000
234 -1840.0000000000
265 -1819.0000000000
319 -1817.0000000000
331 -1796.0000000000
353 -1787.0000000000
372 -1780.0000000000
500 -1777.0000000000
548 -1750.0000000000
707 -1741.0000000000
746 -1736.0000000000
764 -1730.0000000000
778 -1724.0000000000
850 -1706.0000000000
944 -1705.0000000000
984 -1701.0000000000
1082 -1699.0000000000
1111 -1697.0000000000
1129 -1689.0000000000
1183 -1687.0000000000
1200 -1680.0000000000
1245 -1668.0000000000
1269 -1665.0000000000
1386 -1658.0000000000
1422 -1654.0000000000
1465 -1645.0000000000
1499 -1639.0000000000
1528 -1629.0000000000
1543 -1626.0000000000
1559 -1625.0000000000
1563 -1618.0000000000
1589 -1611.0000000000
1608 -1608.0000000000
1613 -1606.0000000000
1615 -1604.0000000000
1628 -1601.0000000000
1633 -1594.0000000000
1655 -1587.0000000000
1694 -1582.0000000000
1701 -1574.0000000000
1712 -1570.0000000000
1724 -1563.0000000000
1746 -1559.0000000000
1750 -1556.0000000000
1783 -1546.0000000000
1785 -1532.0000000000
1829 -1529.0000000000
1839 -1526.0000000000
1871 -1525.0000000000
1886 -1518.0000000000
1918 -1515.0000000000
1924 -1509.0000000000
1928 -1504.0000000000
1943 -1503.0000000000
1961 -1501.0000000000
1986 -1494.0000000000
2034 -1484.0000000000
2067 -1478.0000000000
2201 -1476.0000000000
2228 -1474.0000000000
2273 -1470.0000000000
2317 -1463.0000000000
2421 -1461.0000000000
2430 -1460.0000000000
2435 -1454.0000000000
2458 -1452.0000000000
2476 -1451.0000000000
2477 -1436.0000000000
2549 -1426.0000000000
2566 -1424.0000000000
2616 -1416.0000000000
2669 -1415.0000000000
2692 -1411.0000000000
2710 -1407.0000000000
2767 -1404.0000000000
2798 -1402.0000000000
2827 -1396.0000000000
2924 -1393.0000000000
2935 -1391.0000000000
3058 -1378.0000000000
3204 -1374.0000000000
3235 -1365.0000000000
3266 -1364.0000000000
3296 -1354.0000000000
3377 -1349.0000000000
3433 -1344.0000000000
3529 -1342.0000000000
3550 -1340.0000000000
3605 -1332.0000000000
3720 -1329.0000000000
3784 -1328.0000000000
3831 -1327.0000000000
3945 -1322.0000000000
3971 -1319.0000000000
4114 -1317.0000000000
4185 -1313.0000000000
4330 -1308.0000000000
4457 -1305.0000000000
4687 -1298.0000000000
4792 -1297.0000000000
4894 -1293.0000000000
5099 -1290.0000000000
5445 -1289.0000000000
5957 -1287.0000000000
6070 -1285.0000000000
6168 -1273.0000000000
6254 -1272.0000000000
6488 -1267.0000000000
6526 -1264.0000000000
6612 -1260.0000000000
6988 -1253.0000000000
7095 -1248.0000000000
7623 -1242.0000000000
7701 -1240.0000000000
7856 -1234.0000000000
7927 -1231.0000000000
7949 -1229.0000000000
8171 -1226.0000000000
8185 -1225.0000000000
8747 -1220.0000000000
8892 -1218.0000000000
10010 -1233.0000000000
evaluations raw_y
1 -2021.0000000000
2 -1998.0000000000
4 -1964.0000000000
8 -1945.0000000000
23 -1933.0000000000
33 -1932.0000000000
40 -1928.0000000000
62 -1911.0000000000
77 -1909.0000000000
89 -1891.0000000000
106 -1868.0000000000
128 -1862.0000000000
169 -1861.0000000000
196 -1831.0000000000
230 -1827.0000000000
294 -1824.0000000000
303 -1818.0000000000
318 -1815.0000000000
381 -1813.0000000000
410 -1805.0000000000
425 -1803.0000000000
460 -1796.0000000000
494 -1794.0000000000
541 -1766.0000000000
560 -1765.0000000000
591 -1763.0000000000
609 -1758.0000000000
742 -1756.0000000000
763 -1748.0000000000
817 -1742.0000000000
897 -1740.0000000000
996 -1724.0000000000
1053 -1702.0000000000
1100 -1680.0000000000
1228 -1673.0000000000
1248 -1669.0000000000
1264 -1661.0000000000
1284 -1650.0000000000
1300 -1648.0000000000
1339 -1638.0000000000
1359 -1637.0000000000
1391 -1628.0000000000
1421 -1627.0000000000
1456 -1622.0000000000
1476 -1617.0000000000
1542 -1616.0000000000
1552 -1612.0000000000
1562 -1611.0000000000
1584 -1605.0000000000
1591 -1604.0000000000
1603 -1601.0000000000
1615 -1600.0000000000
1620 -1599.0000000000
1652 -1593.0000000000
1658 -1590.0000000000
1670 -1588.0000000000
1688 -1585.0000000000
1701 -1578.0000000000
1749 -1574.0000000000
1771 -1570.0000000000
1774 -1564.0000000000
1813 -1562.0000000000
1824 -1559.0000000000
1835 -1557.0000000000
1847 -1551.0000000000
1864 -1548.0000000000
1882 -1544.0000000000
1915 -1540.0000000000
1930 -1537.0000000000
1961 -1532.0000000000
1969 -1526.0000000000
1990 -1523.0000000000
1998 -1519.0000000000
2010 -1516.0000000000
2015 -1510.0000000000
2021 -1504.0000000000
2038 -1499.0000000000
2067 -1497.0000000000
2100 -1496.0000000000
2133 -1483.0000000000
2163 -1480.0000000000
2165 -1469.0000000000
2219 -1463.0000000000
2265 -1459.0000000000
2302 -1455.0000000000
2358 -1453.0000000000
2369 -1451.0000000000
2448 -1450.0000000000
2471 -1443.0000000000
2515 -1440.0000000000
2624 -1436.0000000000
2668 -1435.0000000000
2671 -1431.0000000000
2698 -1425.0000000000
2775 -1424.0000000000
2791 -1419.0000000000
2838 -1415.0000000000
2883 -1400.0000000000
2966 -1396.0000000000
3000 -1395.0000000000
3019 -1387.0000000000
3146 -1385.0000000000
3203 -1381.0000000000
3333 -1379.0000000000
3355 -1376.0000000000
3417 -1372.0000000000
3450 -1369.0000000000
3637 -1368.0000000000
3652 -1367.0000000000
3662 -1361.0000000000
3766 -1358.0000000000
4009 -1357.0000000000
4160 -1354.0000000000
4184 -1350.0000000000
4307 -1349.0000000000
4369 -1340.0000000000
4436 -1336.0000000000
4462 -1331.0000000000
4487 -1325.0000000000
4577 -1321.0000000000
4624 -1319.0000000000
4866 -1313.0000000000
4886 -1312.0000000000
4893 -1310.0000000000
4973 -1307.0000000000
5275 -1298.0000000000
5377 -1291.0000000000
5404 -1284.0000000000
5443 -1283.0000000000
5453 -1281.0000000000
5566 -1278.0000000000
5640 -1277.0000000000
5946 -1276.0000000000
6452 -1275.0000000000
6528 -1272.0000000000
6988 -1266.0000000000
7398 -1262.0000000000
7596 -1260.0000000000
7679 -1256.0000000000
7730 -1253.0000000000
8196 -1252.0000000000
8484 -1249.0000000000
8663 -1243.0000000000
8865 -1238.0000000000
8947 -1237.0000000000
10010 -1260.0000000000
evaluations raw_y
1 -2011.0000000000
3 -1969.0000000000
8 -1959.0000000000
23 -1945.0000000000
26 -1937.0000000000
31 -1935.0000000000
46 -1886.0000000000
89 -1885.0000000000
105 -1865.0000000000
115 -1862.0000000000
129 -1855.0000000000
133 -1853.0000000000
148 -1840.0000000000
194 -1831.0000000000
218 -1829.0000000000
278 -1811.0000000000
298 -1803.0000000000
332 -1801.0000000000
355 -1800.0000000000
369 -1795.0000000000
372 -1781.0000000000
386 -1768.0000000000
529 -1767.0000000000
634 -1756.0000000000
684 -1754.0000000000
845 -1750.0000000000
847 -1745.0000000000
855 -1735.0000000000
924 -1728.0000000000
988 -1724.0000000000
1054 -1707.0000000000
1119 -1693.0000000000
1361 -1686.0000000000
1392 -1683.0000000000
1407 -1671.0000000000
1417 -1669.0000000000
1427 -1668.0000000000
1458 -1663.0000000000
1459 -1657.0000000000
1478 -1650.0000000000
1548 -1635.0000000000
1561 -1633.0000000000
1607 -1632.0000000000
1615 -1622.0000000000
1638 -1610.0000000000
1665 -1609.0000000000
1684 -1608.0000000000
1686 -1604.0000000000
1697 -1602.0000000000
1706 -1596.0000000000
1713 -1595.0000000000
1727 -1593.0000000000
1730 -1592.0000000000
1737 -1574.0000000000
1750 -1572.0000000000
1772 -1568.0000000000
1799 -1564.0000000000
1821 -1558.0000000000
1834 -1552.0000000000
1871 -1543.0000000000
1895 -1538.0000000000
1898 -1533.0000000000
1922 -1532.0000000000
1960 -1523.0000000000
2017 -1522.0000000000
2038 -1521.0000000000
2040 -1519.0000000000
2067 -1518.0000000000
2076 -1517.0000000000
2082 -1512.0000000000
2099 -1509.0000000000
2114 -1505.0000000000
2142 -1503.0000000000
2149 -1500.0000000000
2170 -1499.0000000000
2179 -1492.0000000000
2204 -1486.0000000000
2230 -1485.0000000000
2295 -1483.0000000000
2307 -1481.0000000000
2345 -1476.0000000000
2370 -1475.0000000000
2395 -1474.0000000000
2410 -1470.0000000000
2443 -1469.0000000000
2476 -1466.0000000000
2479 -1465.0000000000
2482 -1453.0000000000
2517 -1449.0000000000
2568 -1445.0000000000
2591 -1444.0000000000
2687 -1440.0000000000
2716 -1437.0000000000
2753 -1435.0000000000
2830 -1432.0000000000
2862 -1431.0000000000
2863 -1430.0000000000
2873 -1421.0000000000
2902 -1414.0000000000
2926 -1410.0000000000
2973 -1408.0000000000
2994 -1405.0000000000
3015 -1388.0000000000
3070 -1384.0000000000
3274 -1383.0000000000
3295 -1379.0000000000
3446 -1374.0000000000
3487 -1373.0000000000
3506 -1370.0000000000
3595 -1369.0000000000
3662 -1368.0000000000
3713 -1364.0000000000
3730 -1361.0000000000
3733 -1358.0000000000
3890 -1352.0000000000
4158 -1349.0000000000
4188 -1348.0000000000
4212 -1347.0000000000
4308 -1345.0000000000
4355 -1342.0000000000
4360 -1341.0000000000
4419 -1337.0000000000
4550 -1333.0000000000
4669 -1328.0000000000
4772 -1324.0000000000
4782 -1322.0000000000
5030 -1320.0000000000
5200 -1318.0000000000
5305 -1317.0000000000
5340 -1314.0000000000
5351 -1309.0000000000
5374 -1306.0000000000
5383 -1305.0000000000
5657 -1301.0000000000
5727 -1300.0000000000
5765 -1299.0000000000
5815 -1294.0000000000
6248 -1289.0000000000
6290 -1288.0000000000
6314 -1287.0000000000
6345 -1283.0000000000
6351 -1282.0000000000
6419 -1281.0000000000
6428 -1276.0000000000
6439 -1272.0000000000
6459 -1263.0000000000
6651 -1262.0000000000
6666 -1253.0000000000
7347 -1252.0000000000
7665 -1251.0000000000
8222 -1242.0000000000
8497 -1235.0000000000
8975 -1229.0000000000
9402 -1228.0000000000
9826 -1217.0000000000
9850 -1209.0000000000
10010 -1249.0000000000
evaluations raw_y
1 -2055.0000000000
2 -2035.0000000000
3 -2034.0000000000
4 -1999.0000000000
9 -1992.0000000000
17 -1970.0000000000
19 -1925.0000000000
41 -1918.0000000000
47 -1911.0000000000
56 -1904.0000000000
65 -1894.0000000000
87 -1887.0000000000
98 -1883.0000000000
110 -1877.0000000000
126 -1874.0000000000
134 -1869.0000000000
149 -1866.0000000000
156 -1864.0000000000
174 -1843.0000000000
191 -1840.0000000000
200 -1828.0000000000
218 -1814.0000000000
298 -1798.0000000000
322 -1797.0000000000
384 -1788.0000000000
547 -1784.0000000000
551 -1771.0000000000
602 -1765.0000000000
754 -1762.0000000000
776 -1756.0000000000
823 -1747.0000000000
879 -1745.0000000000
885 -1741.0000000000
891 -1740.0000000000
953 -1738.0000000000
995 -1720.0000000000
1044 -1693.0000000000
1111 -1676.0000000000
1139 -1672.0000000000
1202 -1661.0000000000
1247 -1631.0000000000
1309 -1630.0000000000
1334 -1628.0000000000
1385 -1627.0000000000
1418 -1624.0000000000
1425 -1620.0000000000
1430 -1615.0000000000
1435 -1607.0000000000
1481 -1604.0000000000
1528 -1600.0000000000
1541 -1590.0000000000
1600 -1577.0000000000
1611 -1573.0000000000
1624 -1565.0000000000
1642 -1558.0000000000
1663 -1557.0000000000
1685 -1538.0000000000
1723 -1533.0000000000
1752 -1518.0000000000
1822 -1515.0000000000
1892 -1512.0000000000
1915 -1505.0000000000
1936 -1503.0000000000
1960 -1501.0000000000
1994 -1488.0000000000
2034 -1485.0000000000
2051 -1477.0000000000
2098 -1474.0000000000
2120 -1469.0000000000
2135 -1467.0000000000
2177 -1455.0000000000
2236 -1450.0000000000
2293 -1447.0000000000
2337 -1446.0000000000
2341 -1442.0000000000
2375 -1436.0000000000
2415 -1434.0000000000
2444 -1424.0000000000
2473 -1420.0000000000
2482 -1413.0000000000
2503 -1412.0000000000
2531 -1401.0000000000
2549 -1398.0000000000
2607 -1394.0000000000
2641 -1393.0000000000
2647 -1381.0000000000
2692 -1372.0000000000
2917 -1370.0000000000
2951 -1367.0000000000
2987 -1361.0000000000
3001 -1360.0000000000
3029 -1359.0000000000
3193 -1356.0000000000
3224 -1352.0000000000
3277 -1348.0000000000
3476 -1346.0000000000
3558 -1334.0000000000
3965 -1330.0000000000
4002 -1328.0000000000
4019 -1323.0000000000
4145 -1319.0000000000
4169 -1316.0000000000
4201 -1308.0000000000
4216 -1307.0000000000
4326 -1299.0000000000
4462 -1298.0000000000
4676 -1289.0000000000
4846 -1287.0000000000
5119 -1283.0000000000
5915 -1282.0000000000
6473 -1279.0000000000
6558 -1276.0000000000
6905 -1271.0000000000
6964 -1263.0000000000
7047 -1261.0000000000
7110 -1256.0000000000
7120 -1254.0000000000
7364 -1253.0000000000
7673 -1252.0000000000
7700 -1245.0000000000
8020 -1242.0000000000
8178 -1241.0000000000
8383 -1238.0000000000
8453 -1226.0000000000
9470 -1221.0000000000
9582 -1217.0000000000
9635 -1216.0000000000
9677 -1215.0000000000
9749 -1213.0000000000
9966 -1211.0000000000
10010 -1233.0000000000
evaluations raw_y
1 -1996.0000000000
2 -1965.0000000000
5 -1944.0000000000
11 -1942.0000000000
24 -1923.0000000000
36 -1920.0000000000
43 -1909.0000000000
63 -1901.0000000000
64 -1898.0000000000
81 -1894.0000000000
96 -1877.0000000000
130 -1856.0000000000
151 -1844.0000000000
198 -1835.0000000000
215 -1803.0000000000
363 -1798.0000000000
401 -1797.0000000000
403 -1785.0000000000
519 -1782.0000000000
545 -1770.0000000000
675 -1760.0000000000
827 -1744.0000000000
841 -1734.0000000000
889 -1724.0000000000
892 -1723.0000000000
951 -1719.0000000000
975 -1716.0000000000
1034 -1710.0000000000
1062 -1697.0000000000
1115 -1675.0000000000
1213 -1669.0000000000
1334 -1665.0000000000
1399 -1657.0000000000
1442 -1654.0000000000
1490 -1645.0000000000
1517 -1641.0000000000
1526 -1637.0000000000
1540 -1628.0000000000
1561 -1610.0000000000
1586 -1607.0000000000
1608 -1606.0000000000
1626 -1605.0000000000
1629 -1599.0000000000
1644 -1594.0000000000
1674 -1588.0000000000
1684 -1587.0000000000
1685 -1582.0000000000
1700 -1579.0000000000
1730 -1575.0000000000
1754 -1573.0000000000
1760 -1572.0000000000
1770 -1565.0000000000
1790 -1560.0000000000
1801 -1558.0000000000
1859 -1555.0000000000
1892 -1553.0000000000
1894 -1551.0000000000
1917 -1549.0000000000
1946 -1544.0000000000
1970 -1539.0000000000
1983 -1538.0000000000
2010 -1535.0000000000
2040 -1533.0000000000
2062 -1530.0000000000
2102 -1528.0000000000
2104 -1525.0000000000
2114 -1523.0000000000
2145 -1521.0000000000
2179 -1518.0000000000
2190 -1517.0000000000
2216 -1513.0000000000
2277 -1512.0000000000
2279 -1506.0000000000
2288 -1505.0000000000
2292 -1502.0000000000
2311 -1501.0000000000
2313 -1493.0000000000
2328 -1490.0000000000
2344 -1489.0000000000
2355 -1481.0000000000
2395 -1475.0000000000
2432 -1468.0000000000
2474 -1466.0000000000
2485 -1459.0000000000
2518 -1456.0000000000
2529 -1453.0000000000
2615 -1450.0000000000
2637 -1449.0000000000
2643 -1448.0000000000
2723 -1440.0000000000
2768 -1436.0000000000
2854 -1435.0000000000
2894 -1433.0000000000
2926 -1425.0000000000
2946 -1416.0000000000
3046 -1408.0000000000
3100 -1406.0000000000
3122 -1400.0000000000
3192 -1396.0000000000
3234 -1395.0000000000
3242 -1384.0000000000
3243 -1378.0000000000
3284 -1374.0000000000
3401 -1369.0000000000
3500 -1365.0000000000
3560 -1364.0000000000
3583 -1360.0000000000
3606 -1357.0000000000
3665 -1356.0000000000
3892 -1351.0000000000
3895 -1344.0000000000
3923 -1337.0000000000
3958 -1336.0000000000
3968 -1333.0000000000
3996 -1331.0000000000
4064 -1322.0000000000
4131 -1313.0000000000
4193 -1312.0000000000
4327 -1306.0000000000
4419 -1298.0000000000
4534 -1297.0000000000
4539 -1293.0000000000
4760 -1290.0000000000
4977 -1289.0000000000
5098 -1286.0000000000
5102 -1284.0000000000
5222 -1279.0000000000
5295 -1271.0000000000
5333 -1268.0000000000
5394 -1266.0000000000
5534 -1262.0000000000
6021 -1256.0000000000
6552 -1252.0000000000
6992 -1248.0000000000
7233 -1245.0000000000
7305 -1240.0000000000
7475 -1236.0000000000
7694 -1235.0000000000
7713 -1233.0000000000
7820 -1232.0000000000
7888 -1229.0000000000
8022 -1227.0000000000
8068 -1225.0000000000
8203 -1220.0000000000
8208 -1215.0000000000
8278 -1205.0000000000
8332 -1204.0000000000
8567 -1202.0000000000
9097 -1200.0000000000
9194 -1192.0000000000
9482 -1185.0000000000
10010 -1204.0000000000
evaluations raw_y
1 -2020.0000000000
2 -1990.0000000000
4 -1987.0000000000
6 -1980.0000000000
12 -1932.0000000000
19 -1930.0000000000
27 -1922.0000000000
34 -1914.0000000000
40 -1910.0000000000
54 -1890.0000000000
64 -1881.0000000000
78 -1878.0000000000
83 -1855.0000000000
163 -1847.0000000000
175 -1831.0000000000
242 -1825.0000000000
293 -1821.0000000000
302 -1812.0000000000
339 -1798.0000000000
378 -1794.0000000000
379 -1789.0000000000
440 -1772.0000000000
646 -1769.0000000000
702 -1758.0000000000
792 -1756.0000000000
958 -1733.0000000000
1094 -1732.0000000000
1139 -1724.0000000000
1141 -1723.0000000000
1153 -1717.0000000000
1156 -1708.0000000000
1237 -1702.0000000000
1265 -1696.0000000000
1290 -1695.0000000000
1328 -1691.0000000000
1359 -1676.0000000000
1376 -1669.0000000000
1390 -1667.0000000000
1401 -1666.0000000000
1414 -1656.0000000000
1438 -1654.0000000000
1455 -1647.0000000000
1500 -1642.0000000000
1505 -1641.0000000000
1545 -1638.0000000000
1555 -1635.0000000000
1560 -1624.0000000000
1632 -1623.0000000000
1655 -1608.0000000000
1679 -1589.0000000000
1702 -1586.0000000000
1716 -1584.0000000000
1767 -1575.0000000000
1808 -1572.0000000000
1810 -1567.0000000000
1826 -1566.0000000000
1840 -1564.0000000000
1852 -1562.0000000000
1866 -1561.0000000000
1876 -1549.0000000000
1912 -1547.0000000000
1928 -1544.0000000000
1942 -1539.0000000000
1976 -1535.0000000000
1982 -1529.0000000000
2021 -1521.0000000000
2038 -1517.0000000000
2106 -1510.0000000000
2145 -1504.0000000000
2198 -1500.0000000000
2199 -1499.0000000000
2203 -1494.0000000000
2210 -1486.0000000000
2230 -1482.0000000000
2248 -1480.0000000000
2273 -1475.0000000000
2288 -1469.0000000000
2331 -1467.0000000000
2365 -1465.0000000000
2384 -1463.0000000000
2420 -1460.0000000000
2438 -1454.0000000000
2458 -1453.0000000000
2474 -1441.0000000000
2528 -1437.0000000000
2565 -1436.0000000000
2574 -1435.0000000000
2586 -1431.0000000000
2592 -1429.0000000000
2652 -1428.0000000000
2684 -1419.0000000000
2724 -1412.0000000000
2830 -1411.0000000000
2883 -1409.0000000000
2893 -1406.0000000000
2989 -1402.0000000000
2995 -1399.0000000000
3016 -1392.0000000000
3041 -1382.0000000000
3155 -1381.0000000000
3220 -1364.0000000000
3376 -1358.0000000000
3458 -1355.0000000000
3523 -1351.0000000000
3555 -1349.0000000000
3639 -1346.0000000000
3769 -1344.0000000000
3848 -1343.0000000000
3906 -1338.0000000000
3927 -1337.0000000000
4010 -1336.0000000000
4121 -1334.0000000000
4155 -1332.0000000000
4158 -1328.0000000000
4334 -1319.0000000000
4412 -1318.0000000000
4421 -1316.0000000000
4515 -1314.0000000000
4517 -1313.0000000000
4531 -1311.0000000000
4625 -1308.0000000000
4773 -1291.0000000000
4974 -1286.0000000000
5177 -1285.0000000000
5230 -1281.0000000000
5413 -1279.0000000000
5719 -1272.0000000000
5824 -1271.0000000000
5847 -1269.0000000000
5887 -1263.0000000000
6667 -1262.0000000000
6750 -1260.0000000000
6798 -1256.0000000000
6833 -1255.0000000000
7397 -1253.0000000000
7495 -1248.0000000000
7523 -1246.0000000000
7683 -1243.0000000000
7707 -1241.0000000000
7782 -1238.0000000000
8106 -1234.0000000000
8184 -1228.0000000000
8297 -1224.0000000000
8352 -1222.0000000000
8953 -1219.0000000000
9082 -1217.0000000000
9112 -1214.0000000000
9370 -1205.0000000000
9471 -1203.0000000000
9594 -1199.0000000000
9598 -1195.0000000000
10010 -1223.0000000000
evaluations raw_y
1 -2001.0000000000
2 -1987.0000000000
4 -1984.0000000000
5 -1948.0000000000
21 -1940.0000000000
43 -1928.0000000000
58 -1902.0000000000
65 -1888.0000000000
83 -1877.0000000000
125 -1868.0000000000
139 -1856.0000000000
155 -1855.0000000000
166 -1829.0000000000
188 -1815.0000000000
257 -1813.0000000000
285 -1810.0000000000
443 -1785.0000000000
526 -1779.0000000000
570 -1777.0000000000
590 -1770.0000000000
606 -1762.0000000000
828 -1761.0000000000
865 -1757.0000000000
880 -1752.0000000000
968 -1745.0000000000
975 -1740.0000000000
1025 -1736.0000000000
1029 -1735.0000000000
1053 -1734.0000000000
1059 -1733.0000000000
1080 -1732.0000000000
1100 -1731.0000000000
1118 -1729.0000000000
1146 -1727.0000000000
1177 -1714.0000000000
1179 -1710.0000000000
1226 -1690.0000000000
1249 -1678.0000000000
1301 -1672.0000000000
1325 -1671.0000000000
1366 -1670.0000000000
1386 -1662.0000000000
1416 -1651.0000000000
1490 -1642.0000000000
1500 -1639.0000000000
1517 -1636.0000000000
1532 -1632.0000000000
1580 -1630.0000000000
1583 -1621.0000000000
1594 -1616.0000000000
1620 -1614.0000000000
1667 -1599.0000000000
1701 -1598.0000000000
1726 -1597.0000000000
1728 -1589.0000000000
1746 -1581.0000000000
1808 -1571.0000000000
1849 -1569.0000000000
1851 -1566.0000000000
1857 -1565.0000000000
1880 -1561.0000000000
1891 -1556.0000000000
1905 -1554.0000000000
1912 -1548.0000000000
1958 -1545.0000000000
1978 -1530.0000000000
2023 -1528.0000000000
2049 -1526.0000000000
2068 -1520.0000000000
2096 -1513.0000000000
2098 -1511.0000000000
2141 -1506.0000000000
2153 -1504.0000000000
2169 -1497.0000000000
2222 -1496.0000000000
2245 -1493.0000000000
2267 -1483.0000000000
2331 -1482.0000000000
2341 -1480.0000000000
2364 -1479.0000000000
2375 -1475.0000000000
2425 -1473.0000000000
2486 -1470.0000000000
2548 -1466.0000000000
2587 -1462.0000000000
2604 -1461.0000000000
2645 -1453.0000000000
2663 -1451.0000000000
2685 -1445.0000000000
2744 -1441.0000000000
2827 -1432.0000000000
2863 -1426.0000000000
2890 -1421.0000000000
2921 -1418.0000000000
2972 -1413.0000000000
3051 -1409.0000000000
3067 -1398.0000000000
3172 -1390.0000000000
3222 -1378.0000000000
3360 -1377.0000000000
3398 -1374.0000000000
3469 -1372.0000000000
3505 -1371.0000000000
3514 -1363.0000000000
3602 -1359.0000000000
3633 -1358.0000000000
3650 -1356.0000000000
3733 -1350.0000000000
3865 -1342.0000000000
3939 -1341.0000000000
3954 -1340.0000000000
3965 -1335.0000000000
4297 -1334.0000000000
4371 -1333.0000000000
4524 -1332.0000000000
4561 -1331.0000000000
4569 -1321.0000000000
4671 -1315.0000000000
4673 -1313.0000000000
4763 -1309.0000000000
4799 -1307.0000000000
4836 -1300.0000000000
4889 -1298.0000000000
4931 -1283.0000000000
5047 -1281.0000000000
5338 -1274.0000000000
5456 -1271.0000000000
5625 -1267.0000000000
6098 -1264.0000000000
6664 -1263.0000000000
6684 -1258.0000000000
6720 -1256.0000000000
6804 -1254.0000000000
6921 -1250.0000000000
6944 -1243.0000000000
7506 -1240.0000000000
7705 -1237.0000000000
7731 -1234.0000000000
7863 -1233.0000000000
8214 -1232.0000000000
8448 -1231.0000000000
8637 -1228.0000000000
8664 -1218.0000000000
8978 -1213.0000000000
9051 -1211.0000000000
9333 -1207.0000000000
9898 -1204.0000000000
10010 -1213.0000000000
evaluations raw_y
1 -2027.0000000000
2 -1972.0000000000
13 -1956.0000000000
24 -1938.0000000000
34 -1921.0000000000
40 -1899.0000000000
59 -1880.0000000000
116 -1869.0000000000
122 -1852.0000000000
169 -1845.0000000000
309 -1840.0000000000
346 -1818.0000000000
365 -1805.0000000000
404 -1800.0000000000
428 -1773.0000000000
479 -1753.0000000000
581 -1751.0000000000
616 -1737.0000000000
677 -1735.0000000000
877 -1704.0000000000
935 -1693.0000000000
1033 -1687.0000000000
1126 -1666.0000000000
1163 -1661.0000000000
1217 -1653.0000000000
1310 -1635.0000000000
1389 -1632.0000000000
1414 -1630.0000000000
1435 -1625.0000000000
1462 -1621.0000000000
1481 -1615.0000000000
1506 -1610.0000000000
1508 -1606.0000000000
1521 -1605.0000000000
1555 -1594.0000000000
1608 -1577.0000000000
1635 -1570.0000000000
1655 -1566.0000000000
1673 -1565.0000000000
1695 -1559.0000000000
1713 -1554.0000000000
1730 -1552.0000000000
1736 -1550.0000000000
1754 -1546.0000000000
1776 -1545.0000000000
1782 -1543.0000000000
1799 -1540.0000000000
1838 -1535.0000000000
1863 -1528.0000000000
1887 -1516.0000000000
1970 -1515.0000000000
1981 -1512.0000000000
2007 -1510.0000000000
2019 -1504.0000000000
2061 -1495.0000000000
2092 -1492.0000000000
2256 -1488.0000000000
2289 -1487.0000000000
2298 -1483.0000000000
2311 -1476.0000000000
2351 -1473.0000000000
2382 -1462.0000000000
2470 -1459.0000000000
2473 -1458.0000000000
2475 -1456.0000000000
2498 -1452.0000000000
2518 -1444.0000000000
2638 -1443.0000000000
2698 -1438.0000000000
2799 -1437.0000000000
2813 -1436.0000000000
2845 -1435.0000000000
2847 -1429.0000000000
2890 -1426.0000000000
2917 -1424.0000000000
2931 -1416.0000000000
2946 -1413.0000000000
2979 -1401.0000000000
2987 -1399.0000000000
3026 -1397.0000000000
3041 -1394.0000000000
3109 -1386.0000000000
3194 -1385.0000000000
3251 -1383.0000000000
3290 -1379.0000000000
3378 -1374.0000000000
3424 -1373.0000000000
3509 -1370.0000000000
3531 -1359.0000000000
3638 -1353.0000000000
3711 -1350.0000000000
3790 -1341.0000000000
4177 -1340.0000000000
4343 -1338.0000000000
4387 -1337.0000000000
4397 -1331.0000000000
4419 -1329.0000000000
4434 -1327.0000000000
4500 -1324.0000000000
4639 -1320.0000000000
4900 -1318.0000000000
5032 -1317.0000000000
5072 -1314.0000000000
5164 -1313.0000000000
5220 -1311.0000000000
5325 -1310.0000000000
5413 -1309.0000000000
5533 -1304.0000000000
5820 -1296.0000000000
6048 -1295.0000000000
6071 -1285.0000000000
6327 -1284.0000000000
6583 -1280.0000000000
6657 -1275.0000000000
6690 -1273.0000000000
6792 -1270.0000000000
7002 -1268.0000000000
7013 -1265.0000000000
7025 -1264.0000000000
7257 -1263.0000000000
7478 -1262.0000000000
7489 -1258.0000000000
7602 -1256.0000000000
7726 -1254.0000000000
7950 -1250.0000000000
8362 -1248.0000000000
8447 -1247.0000000000
8607 -1246.0000000000
8609 -1244.0000000000
8651 -1242.0000000000
8735 -1240.0000000000
8964 -1239.0000000000
8972 -1232.0000000000
9487 -1227.0000000000
10010 -1246.0000000000
evaluations raw_y
1 -2027.0000000000
2 -2023.0000000000
3 -1997.0000000000
4 -1983.0000000000
12 -1961.0000000000
13 -1924.0000000000
45 -1918.0000000000
56 -1906.0000000000
65 -1891.0000000000
76 -1879.0000000000
124 -1868.0000000000
153 -1844.0000000000
170 -1843.0000000000
237 -1826.0000000000
299 -1817.0000000000
316 -1813.0000000000
372 -1799.0000000000
402 -1794.0000000000
571 -1787.0000000000
682 -1778.0000000000
732 -1772.0000000000
757 -1766.0000000000
799 -1752.0000000000
837 -1735.0000000000
930 -1731.0000000000
944 -1721.0000000000
1055 -1720.0000000000
1143 -1714.0000000000
1188 -1700.0000000000
1235 -1671.0000000000
1341 -1664.0000000000
1387 -1662.0000000000
1393 -1656.0000000000
1401 -1655.0000000000
1412 -1650.0000000000
1420 -1649.0000000000
1468 -1638.0000000000
1510 -1626.0000000000
1571 -1622.0000000000
1600 -1607.0000000000
1647 -1604.0000000000
1651 -1602.0000000000
1690 -1595.0000000000
1695 -1593.0000000000
1738 -1589.0000000000
1742 -1578.0000000000
1790 -1571.0000000000
1827 -1561.0000000000
1872 -1560.0000000000
1890 -1557.0000000000
1893 -1556.0000000000
1901 -1555.0000000000
1915 -1549.0000000000
1957 -1542.0000000000
1974 -1538.0000000000
2008 -1536.0000000000
2013 -1523.0000000000
2055 -1511.0000000000
2100 -1498.0000000000
2119 -1484.0000000000
2145 -1481.0000000000
2173 -1480.0000000000
2237 -1477.0000000000
2266 -1468.0000000000
2367 -1467.0000000000
2373 -1466.0000000000
2397 -1462.0000000000
2408 -1458.0000000000
2473 -1457.0000000000
2493 -1456.0000000000
2514 -1455.0000000000
2538 -1452.0000000000
2566 -1443.0000000000
2605 -1442.0000000000
2629 -1439.0000000000
2646 -1437.0000000000
2670 -1435.0000000000
2694 -1431.0000000000
2739 -1428.0000000000
2801 -1425.0000000000
2842 -1424.0000000000
2876 -1421.0000000000
2931 -1420.0000000000
2956 -1417.0000000000
2966 -1407.0000000000
3014 -1406.0000000000
3059 -1404.0000000000
3136 -1402.0000000000
3181 -1401.0000000000
3194 -1400.0000000000
3210 -1399.0000000000
3218 -1398.0000000000
3245 -1389.0000000000
3344 -1387.0000000000
3352 -1385.0000000000
3372 -1379.0000000000
3443 -1378.0000000000
3649 -1376.0000000000
3663 -1375.0000000000
3719 -1373.0000000000
3736 -1367.0000000000
3865 -1360.0000000000
3949 -1359.0000000000
4015 -1355.0000000000
4176 -1345.0000000000
4353 -1343.0000000000
4361 -1342.0000000000
4456 -1333.0000000000
4590 -1332.0000000000
4596 -1331.0000000000
4613 -1330.0000000000
4824 -1324.0000000000
4850 -1322.0000000000
4852 -1321.0000000000
4887 -1318.0000000000
4891 -1308.0000000000
5020 -1307.0000000000
5184 -1304.0000000000
5272 -1303.0000000000
5290 -1302.0000000000
5318 -1293.0000000000
5510 -1288.0000000000
5550 -1286.0000000000
5582 -1285.0000000000
5589 -1283.0000000000
5611 -1280.0000000000
5766 -1279.0000000000
5785 -1275.0000000000
5841 -1273.0000000000
6004 -1271.0000000000
6057 -1269.0000000000
6075 -1263.0000000000
6082 -1260.0000000000
6211 -1255.0000000000
6288 -1254.0000000000
6325 -1247.0000000000
6454 -1246.0000000000
6501 -1237.0000000000
6526 -1235.0000000000
6555 -1228.0000000000
6768 -1226.0000000000
7178 -1224.0000000000
7316 -1221.0000000000
7417 -1219.0000000000
7657 -1218.0000000000
7794 -1214.0000000000
7999 -1211.0000000000
8216 -1210.0000000000
8328 -1207.0000000000
8456 -1201.0000000000
8482 -1196.0000000000
8937 -1184.0000000000
9754 -1182.0000000000
10010 -1220.0000000000
