evaluations raw_y
1 -0.4822163062
2 -0.4767932639
5 -0.4687968309
8 -0.4653565417
9 -0.4627880536
13 -0.4555676071
14 -0.4555182204
16 -0.4520909357
17 -0.4472159294
19 -0.4449364810
20 -0.4341738159
21 -0.4319158860
25 -0.4309878911
29 -0.4288653586
30 -0.4277896511
35 -0.4247419861
40 -0.4216492790
41 -0.4166952904
42 -0.4098426351
44 -0.4076408163
52 -0.4053138388
53 -0.4000049629
58 -0.3938747605
59 -0.3917327789
64 -0.3818144804
65 -0.3772701480
66 -0.3711054862
68 -0.3684421106
69 -0.3595629163
80 -0.3576918970
85 -0.3569138054
93 -0.3534267478
99 -0.3463088919
117 -0.3456923097
125 -0.3453607356
175 -0.3446942592
176 -0.3378504523
182 -0.3375264140
211 -0.3273492994
235 -0.3265870016
238 -0.3257851606
284 -0.3214199749
349 -0.3204109630
495 -0.3204025779
512 -0.3191722877
520 -0.3168645373
100001 -0.3202918219
evaluations raw_y
1 -0.5177550267
4 -0.5175876994
5 -0.5171730540
6 -0.5142398113
7 -0.5042100950
8 -0.5007828104
9 -0.4975325896
13 -0.4936689817
14 -0.4930107272
16 -0.4818649383
19 -0.4806041423
20 -0.4756508798
21 -0.4730193494
22 -0.4691233232
27 -0.4656458319
28 -0.4601201198
32 -0.4600367899
43 -0.4558632701
48 -0.4505436343
49 -0.4455324104
51 -0.4286830117
56 -0.4282432824
61 -0.4260381680
64 -0.4210499716
67 -0.4183958415
78 -0.4105581788
79 -0.4065050977
81 -0.4056767861
84 -0.4054252473
87 -0.3928626707
88 -0.3874637288
92 -0.3807734144
94 -0.3770078725
103 -0.3721070364
107 -0.3705854980
109 -0.3638604609
133 -0.3638520758
152 -0.3532558620
163 -0.3430190695
168 -0.3368544078
170 -0.3299157604
196 -0.3277737788
201 -0.3192597564
244 -0.3169520059
245 -0.3108569587
311 -0.3103768387
322 -0.3056034512
337 -0.3049868689
567 -0.3004729813
100001 -0.3096555123
evaluations raw_y
1 -0.5040906978
2 -0.4986999154
3 -0.4986915303
6 -0.4936799027
7 -0.4894716782
8 -0.4882126578
9 -0.4747418785
10 -0.4725998969
13 -0.4663111984
14 -0.4526915728
17 -0.4492045153
19 -0.4472995278
21 -0.4406928831
22 -0.4366096636
25 -0.4317346573
26 -0.4250443429
27 -0.4215647884
32 -0.4166639523
38 -0.4159229350
41 -0.4111114035
44 -0.4108452636
45 -0.4102753797
51 -0.4079676292
59 -0.4059982880
73 -0.4036568326
75 -0.4022985193
79 -0.3967728072
82 -0.3929930601
105 -0.3906327300
106 -0.3875219408
108 -0.3835746335
119 -0.3762921510
120 -0.3740870366
124 -0.3690646543
149 -0.3587696461
158 -0.3538163836
161 -0.3475283313
171 -0.3395318983
198 -0.3342122625
199 -0.3304467206
222 -0.3242820588
242 -0.3230415252
251 -0.3224249430
377 -0.3212325128
424 -0.3159236369
451 -0.3157314555
494 -0.3116661906
100001 -0.3147769798
evaluations raw_y
1 -0.5244693361
6 -0.5239985088
7 -0.5182170372
8 -0.5142697299
13 -0.5130291963
15 -0.5050066497
18 -0.4948295351
19 -0.4884518918
20 -0.4809309181
21 -0.4761575306
22 -0.4749044270
23 -0.4700928956
24 -0.4542310358
25 -0.4518669485
26 -0.4442899152
27 -0.4361966292
28 -0.4324325363
30 -0.4244361033
35 -0.4229510263
36 -0.4151382085
37 -0.4135818224
38 -0.4101190637
47 -0.4036050051
48 -0.4035966200
52 -0.4031165000
53 -0.4014056045
54 -0.3931562244
55 -0.3893599471
58 -0.3886963417
62 -0.3806931963
64 -0.3799971455
65 -0.3756754139
74 -0.3696298843
86 -0.3692819273
87 -0.3677603889
93 -0.3643331042
97 -0.3616668209
107 -0.3593042000
125 -0.3558246455
160 -0.3520050881
170 -0.3509960763
218 -0.3464517438
235 -0.3452214536
243 -0.3434185012
251 -0.3428887585
275 -0.3415304452
278 -0.3409138629
337 -0.3375791539
345 -0.3295998185
372 -0.3233117662
562 -0.3144325718
100001 -0.3233117662
evaluations raw_y
1 -0.5144874588
2 -0.4970442016
5 -0.4922708141
7 -0.4877569265
8 -0.4874253525
11 -0.4805726972
12 -0.4775250322
15 -0.4767840148
20 -0.4745621344
22 -0.4719736505
23 -0.4678904310
24 -0.4660874786
25 -0.4574602727
28 -0.4509462141
32 -0.4468931330
36 -0.4468847479
37 -0.4405679144
40 -0.4401671003
41 -0.4376491205
43 -0.4322209329
46 -0.4309803992
52 -0.4294953223
58 -0.4288787400
61 -0.4253991855
62 -0.4246210939
71 -0.4244946884
72 -0.4210543992
78 -0.4143640849
85 -0.4139494395
87 -0.4090486034
96 -0.4040946148
101 -0.3980534975
106 -0.3883330607
112 -0.3826350217
116 -0.3803272712
122 -0.3750183953
153 -0.3723642652
164 -0.3670446294
179 -0.3608404707
195 -0.3558872082
215 -0.3518219433
217 -0.3435725632
227 -0.3355761302
308 -0.3345671184
348 -0.3333368282
358 -0.3270487759
393 -0.3208841142
758 -0.3132049221
100001 -0.3172778661
evaluations raw_y
1 -0.4580391152
7 -0.4575008302
13 -0.4539187522
14 -0.4496214598
15 -0.4416421243
17 -0.4412050396
18 -0.4348882061
23 -0.4333961781
24 -0.4328262942
31 -0.4266616324
34 -0.4254008364
35 -0.4250000224
42 -0.4215372637
55 -0.4210622404
63 -0.4187827920
66 -0.4184766651
70 -0.4175547775
74 -0.4127099228
76 -0.4073507271
97 -0.4065884293
100 -0.3972587016
114 -0.3946702177
123 -0.3885751705
124 -0.3857835591
132 -0.3850875083
135 -0.3802759769
155 -0.3797958569
161 -0.3785553232
168 -0.3648039140
172 -0.3575525765
180 -0.3515070469
188 -0.3426278525
206 -0.3361762211
221 -0.3355596389
244 -0.3338487434
293 -0.3311946134
353 -0.3245423881
357 -0.3204893070
689 -0.3194882667
723 -0.3171279365
734 -0.3098781276
737 -0.3091371102
100001 -0.3097536924
evaluations raw_y
1 -0.4698596019
2 -0.4681487064
3 -0.4663457540
6 -0.4615342225
7 -0.4569898901
8 -0.4489934571
9 -0.4463393271
16 -0.4455612355
17 -0.4376415553
19 -0.4305236994
23 -0.4243827426
28 -0.4231211864
36 -0.4193249090
40 -0.4143132815
43 -0.4102403374
45 -0.4067607829
46 -0.3949686281
53 -0.3847915135
60 -0.3830201345
69 -0.3818277044
74 -0.3808266640
75 -0.3725772839
78 -0.3664805370
87 -0.3635141103
90 -0.3596354808
104 -0.3519562887
112 -0.3486215797
123 -0.3451812905
128 -0.3373436277
141 -0.3284644333
174 -0.3274554215
193 -0.3259338831
203 -0.3247035929
240 -0.3234630593
247 -0.3234546742
248 -0.3172505155
256 -0.3165544646
276 -0.3160743446
391 -0.3154577624
100001 -0.3169317569
evaluations raw_y
1 -0.5134851905
2 -0.5130050705
3 -0.5129217406
5 -0.5091419935
7 -0.5085197880
9 -0.5038893059
11 -0.5037842658
15 -0.5005340449
17 -0.4991542519
18 -0.4986792285
19 -0.4960907446
22 -0.4905998380
23 -0.4788076832
28 -0.4769835430
30 -0.4746209221
31 -0.4738428305
33 -0.4682040637
36 -0.4628951878
41 -0.4569167831
46 -0.4512142989
50 -0.4499535029
51 -0.4358692702
63 -0.4261560132
69 -0.4235018832
71 -0.4212439533
87 -0.4134062905
94 -0.4071182382
108 -0.3968232301
112 -0.3958142182
119 -0.3948862233
132 -0.3888940145
134 -0.3840491598
146 -0.3763699677
168 -0.3751396775
169 -0.3645658394
174 -0.3639959554
175 -0.3622245764
177 -0.3618099310
178 -0.3584752220
186 -0.3544099572
200 -0.3498960696
229 -0.3483745312
232 -0.3462325496
237 -0.3395803243
244 -0.3327365173
318 -0.3286834363
330 -0.3189629995
354 -0.3145978137
394 -0.3120357385
438 -0.3120273534
475 -0.3097196029
642 -0.3091030207
100001 -0.3113609506
evaluations raw_y
1 -0.5145143870
4 -0.5065350516
9 -0.4980210291
10 -0.4926220872
11 -0.4903426388
12 -0.4840539403
18 -0.4828236502
20 -0.4827742634
21 -0.4792872058
24 -0.4744423512
25 -0.4741107772
28 -0.4675855069
30 -0.4669689246
33 -0.4594479509
34 -0.4572428365
41 -0.4460970476
42 -0.4341194425
51 -0.4293079111
56 -0.4257296178
57 -0.4207183940
64 -0.4163700567
69 -0.4103289394
76 -0.4070787186
85 -0.4039679294
90 -0.4027754993
94 -0.4001870154
98 -0.3989262194
101 -0.3971232669
103 -0.3944691369
104 -0.3924997957
107 -0.3875458072
108 -0.3812577549
110 -0.3811744250
118 -0.3725472190
136 -0.3623701044
137 -0.3615417928
146 -0.3591814627
154 -0.3432888584
163 -0.3432804733
165 -0.3375824342
174 -0.3302999517
185 -0.3249407560
191 -0.3230697367
215 -0.3169050750
218 -0.3134647858
262 -0.3131531108
289 -0.3118289071
299 -0.3074637213
313 -0.3069836013
348 -0.3068571959
388 -0.3018348136
496 -0.2965151777
564 -0.2942074273
706 -0.2935538622
100001 -0.2957589767
evaluations raw_y
1 -0.5435272199
5 -0.5434778332
7 -0.5399674954
8 -0.5345466644
11 -0.5316899322
13 -0.5282496430
15 -0.5256611591
17 -0.5235484082
18 -0.5175072909
20 -0.5123489122
21 -0.5110881162
23 -0.5048528815
26 -0.4946757669
29 -0.4843807587
30 -0.4781766000
38 -0.4709561535
40 -0.4598103646
41 -0.4574477437
43 -0.4572555623
45 -0.4571928864
46 -0.4489435063
49 -0.4426548079
51 -0.4408306677
53 -0.4407473378
54 -0.4368000305
63 -0.4345382438
64 -0.4265156973
65 -0.4211308185
67 -0.4162859639
70 -0.4109228144
73 -0.4099138026
83 -0.4099054174
86 -0.4093355335
87 -0.4043243096
95 -0.3958102872
113 -0.3889664802
117 -0.3867085503
125 -0.3729571411
131 -0.3664237380
132 -0.3625150735
140 -0.3572061975
143 -0.3493572627
152 -0.3467031327
155 -0.3459012917
164 -0.3455772534
180 -0.3421144947
185 -0.3373029633
197 -0.3365406655
202 -0.3342329150
227 -0.3298677293
240 -0.3286374391
256 -0.3248733462
381 -0.3199597768
388 -0.3198333713
402 -0.3145137355
446 -0.3121534053
478 -0.3114123880
100001 -0.3181027023
