evaluations raw_y
1 319.0000000000
3 320.0000000000
5 322.0000000000
8 325.0000000000
12 329.0000000000
17 334.0000000000
23 340.0000000000
30 347.0000000000
38 355.0000000000
47 364.0000000000
57 374.0000000000
69 386.0000000000
82 399.0000000000
96 413.0000000000
153 421.0000000000
164 432.0000000000
176 444.0000000000
189 457.0000000000
203 471.0000000000
1113 480.0000000000
1531 596.0000000000
1535 599.0000000000
1549 613.0000000000
1564 628.0000000000
1580 644.0000000000
1597 661.0000000000
1615 679.0000000000
1633 711.0000000000
1646 723.0000000000
1660 737.0000000000
1675 752.0000000000
1691 768.0000000000
1708 785.0000000000
1726 803.0000000000
1735 842.0000000000
1750 856.0000000000
1765 871.0000000000
1782 888.0000000000
1800 906.0000000000
1819 925.0000000000
2751 939.0000000000
3061 1115.0000000000
3063 1116.0000000000
3084 1137.0000000000
3106 1159.0000000000
3129 1182.0000000000
3154 1207.0000000000
3459 1226.0000000000
3571 1311.0000000000
3575 1314.0000000000
3580 1319.0000000000
3596 1335.0000000000
3617 1356.0000000000
3639 1378.0000000000
3662 1401.0000000000
4591 1465.0000000000
4617 1490.0000000000
4643 1516.0000000000
4670 1543.0000000000
4693 1545.0000000000
4719 1570.0000000000
4745 1596.0000000000
4772 1623.0000000000
4804 1625.0000000000
4829 1650.0000000000
4855 1676.0000000000
4882 1703.0000000000
7651 1797.0000000000
7680 1825.0000000000
7709 1854.0000000000
7739 1884.0000000000
11590 1904.0000000000
11626 1940.0000000000
16563 1977.0000000000
16602 2016.0000000000
17749 2018.0000000000
17787 2055.0000000000
17826 2094.0000000000
19973 2097.0000000000
20034 2134.0000000000
20075 2175.0000000000
20891 2186.0000000000
22994 2228.0000000000
23037 2271.0000000000
25340 2275.0000000000
25383 2318.0000000000
25485 2347.0000000000
26101 2360.0000000000
27484 2371.0000000000
27529 2416.0000000000
29118 2462.0000000000
29165 2509.0000000000
32124 2557.0000000000
32229 2606.0000000000
33761 2656.0000000000
35803 2704.0000000000
35854 2754.0000000000
36977 2789.0000000000
38405 2805.0000000000
41466 2857.0000000000
42841 2870.0000000000
42894 2922.0000000000
44425 2964.0000000000
44935 2994.0000000000
47588 3048.0000000000
49527 3103.0000000000
49934 3128.0000000000
50955 3183.0000000000
53609 3240.0000000000
55751 3242.0000000000
56671 3299.0000000000
56815 3325.0000000000
56875 3384.0000000000
59732 3444.0000000000
60283 3460.0000000000
60344 3520.0000000000
62794 3582.0000000000
65855 3645.0000000000
68917 3710.0000000000
70346 3776.0000000000
71979 3843.0000000000
73849 3869.0000000000
73917 3936.0000000000
76060 4004.0000000000
76877 4073.0000000000
78541 4082.0000000000
78611 4151.0000000000
80244 4221.0000000000
81469 4292.0000000000
83102 4364.0000000000
84226 4438.0000000000
85759 4515.0000000000
87291 4594.0000000000
88926 4676.0000000000
90355 4759.0000000000
91896 4853.0000000000
93429 4950.0000000000
94962 5050.0000000000
evaluations raw_y
1 183.0000000000
3 184.0000000000
5 186.0000000000
8 189.0000000000
12 193.0000000000
17 198.0000000000
23 204.0000000000
30 211.0000000000
38 219.0000000000
47 228.0000000000
57 238.0000000000
69 250.0000000000
82 263.0000000000
96 277.0000000000
103 394.0000000000
106 396.0000000000
109 399.0000000000
113 403.0000000000
118 408.0000000000
124 414.0000000000
131 421.0000000000
139 429.0000000000
148 438.0000000000
158 448.0000000000
169 459.0000000000
181 471.0000000000
194 484.0000000000
488 488.0000000000
501 501.0000000000
715 661.0000000000
717 662.0000000000
719 664.0000000000
722 667.0000000000
726 671.0000000000
731 676.0000000000
737 682.0000000000
744 689.0000000000
752 697.0000000000
761 706.0000000000
771 716.0000000000
782 727.0000000000
794 739.0000000000
807 752.0000000000
1531 901.0000000000
1534 903.0000000000
1546 915.0000000000
1560 929.0000000000
1575 944.0000000000
1591 960.0000000000
1608 977.0000000000
1626 995.0000000000
1714 1004.0000000000
1733 1023.0000000000
1963 1030.0000000000
1979 1046.0000000000
1996 1063.0000000000
2014 1081.0000000000
2033 1100.0000000000
3061 1173.0000000000
3082 1193.0000000000
3103 1214.0000000000
3125 1236.0000000000
3148 1259.0000000000
3673 1313.0000000000
3695 1334.0000000000
3717 1356.0000000000
3740 1379.0000000000
3764 1403.0000000000
3873 1405.0000000000
4999 1409.0000000000
5020 1429.0000000000
5041 1450.0000000000
5063 1472.0000000000
5086 1495.0000000000
8517 1496.0000000000
8543 1522.0000000000
12473 1549.0000000000
12501 1577.0000000000
12531 1607.0000000000
14064 1638.0000000000
16101 1640.0000000000
16895 1670.0000000000
16928 1703.0000000000
17303 1718.0000000000
17336 1751.0000000000
18254 1781.0000000000
18765 1815.0000000000
21491 1850.0000000000
22374 1858.0000000000
22409 1893.0000000000
23635 1929.0000000000
26085 1966.0000000000
26519 2004.0000000000
27541 2005.0000000000
27579 2042.0000000000
27617 2080.0000000000
30682 2084.0000000000
30845 2092.0000000000
30886 2133.0000000000
33232 2160.0000000000
33748 2170.0000000000
34375 2183.0000000000
34418 2225.0000000000
34462 2269.0000000000
37175 2314.0000000000
37221 2360.0000000000
39931 2407.0000000000
39979 2455.0000000000
42891 2504.0000000000
42941 2554.0000000000
43809 2601.0000000000
43859 2651.0000000000
45953 2702.0000000000
47892 2754.0000000000
49015 2807.0000000000
50852 2861.0000000000
51973 2892.0000000000
52221 2946.0000000000
54163 2976.0000000000
54218 3030.0000000000
56917 3037.0000000000
56974 3093.0000000000
59671 3168.0000000000
59729 3225.0000000000
62790 3283.0000000000
65851 3342.0000000000
66751 3357.0000000000
66810 3416.0000000000
68912 3476.0000000000
70789 3482.0000000000
70850 3542.0000000000
73504 3604.0000000000
74665 3631.0000000000
74728 3693.0000000000
76565 3756.0000000000
76872 3820.0000000000
79629 3887.0000000000
82693 3958.0000000000
85754 4030.0000000000
85885 4045.0000000000
85958 4117.0000000000
88815 4190.0000000000
91878 4266.0000000000
93511 4343.0000000000
95859 4422.0000000000
96475 4505.0000000000
97003 4506.0000000000
97087 4589.0000000000
98214 4677.0000000000
99542 4767.0000000000
100991 4758.0000000000
evaluations raw_y
1 273.0000000000
4 275.0000000000
7 278.0000000000
11 282.0000000000
16 287.0000000000
22 293.0000000000
29 300.0000000000
38 309.0000000000
48 319.0000000000
59 330.0000000000
71 342.0000000000
84 355.0000000000
98 369.0000000000
501 377.0000000000
613 403.0000000000
615 404.0000000000
617 406.0000000000
620 409.0000000000
625 414.0000000000
631 420.0000000000
638 427.0000000000
646 435.0000000000
655 444.0000000000
665 454.0000000000
676 465.0000000000
688 477.0000000000
701 490.0000000000
782 501.0000000000
794 513.0000000000
808 527.0000000000
865 528.0000000000
876 539.0000000000
888 551.0000000000
901 564.0000000000
915 578.0000000000
1531 633.0000000000
1542 643.0000000000
1557 658.0000000000
1573 674.0000000000
1590 691.0000000000
1610 711.0000000000
1632 733.0000000000
1740 737.0000000000
1755 752.0000000000
1771 768.0000000000
1788 785.0000000000
1806 803.0000000000
1825 822.0000000000
1837 835.0000000000
1853 850.0000000000
1869 866.0000000000
1886 883.0000000000
1904 901.0000000000
1923 920.0000000000
2034 925.0000000000
2185 940.0000000000
2202 957.0000000000
2220 975.0000000000
2239 994.0000000000
3061 1126.0000000000
3082 1146.0000000000
3104 1168.0000000000
3128 1192.0000000000
3153 1217.0000000000
3571 1283.0000000000
3588 1299.0000000000
3608 1319.0000000000
3630 1341.0000000000
3653 1364.0000000000
4591 1522.0000000000
4616 1546.0000000000
4641 1571.0000000000
4667 1597.0000000000
5783 1621.0000000000
5809 1647.0000000000
9209 1674.0000000000
9237 1702.0000000000
9266 1731.0000000000
12022 1761.0000000000
13289 1769.0000000000
13317 1797.0000000000
13347 1827.0000000000
15156 1829.0000000000
15188 1861.0000000000
17237 1891.0000000000
17336 1912.0000000000
20063 1926.0000000000
20537 1927.0000000000
20571 1961.0000000000
24553 1962.0000000000
25333 1981.0000000000
25369 2017.0000000000
26149 2032.0000000000
26186 2069.0000000000
29071 2120.0000000000
29109 2157.0000000000
29147 2195.0000000000
32681 2213.0000000000
32721 2253.0000000000
34353 2279.0000000000
35541 2322.0000000000
35587 2368.0000000000
37825 2374.0000000000
38091 2410.0000000000
38137 2456.0000000000
38451 2465.0000000000
39774 2504.0000000000
39879 2553.0000000000
39983 2603.0000000000
41103 2610.0000000000
42892 2660.0000000000
45187 2693.0000000000
45238 2743.0000000000
47688 2795.0000000000
48961 2803.0000000000
49014 2855.0000000000
51769 2908.0000000000
53301 2963.0000000000
54979 2966.0000000000
55035 3021.0000000000
58198 3077.0000000000
58996 3097.0000000000
59052 3153.0000000000
59626 3159.0000000000
61261 3218.0000000000
62793 3279.0000000000
64631 3342.0000000000
65791 3350.0000000000
65855 3413.0000000000
67590 3477.0000000000
69631 3542.0000000000
69732 3566.0000000000
70549 3617.0000000000
72182 3683.0000000000
74937 3750.0000000000
76570 3818.0000000000
79427 3887.0000000000
81164 3959.0000000000
81499 4035.0000000000
81573 4108.0000000000
84229 4185.0000000000
86372 4263.0000000000
88719 4342.0000000000
90455 4423.0000000000
91886 4507.0000000000
93417 4592.0000000000
94948 4678.0000000000
96479 4765.0000000000
98113 4854.0000000000
99651 4951.0000000000
100991 4942.0000000000
evaluations raw_y
1 154.0000000000
3 155.0000000000
5 157.0000000000
8 160.0000000000
12 164.0000000000
17 169.0000000000
23 175.0000000000
30 182.0000000000
38 190.0000000000
47 199.0000000000
57 209.0000000000
69 221.0000000000
82 234.0000000000
96 248.0000000000
103 270.0000000000
105 271.0000000000
107 273.0000000000
110 276.0000000000
114 280.0000000000
119 285.0000000000
125 291.0000000000
133 299.0000000000
142 308.0000000000
152 318.0000000000
163 329.0000000000
175 341.0000000000
188 354.0000000000
202 368.0000000000
346 373.0000000000
356 383.0000000000
368 395.0000000000
381 408.0000000000
395 422.0000000000
817 435.0000000000
819 436.0000000000
821 438.0000000000
824 441.0000000000
828 445.0000000000
833 450.0000000000
839 456.0000000000
846 463.0000000000
854 471.0000000000
863 480.0000000000
873 490.0000000000
884 501.0000000000
896 513.0000000000
909 526.0000000000
1531 608.0000000000
1535 611.0000000000
1549 625.0000000000
1564 640.0000000000
1580 656.0000000000
1597 673.0000000000
1615 691.0000000000
1648 703.0000000000
1663 718.0000000000
1679 734.0000000000
1696 751.0000000000
1714 769.0000000000
1733 788.0000000000
2012 796.0000000000
2030 814.0000000000
2245 943.0000000000
2251 948.0000000000
2265 962.0000000000
2280 977.0000000000
2296 993.0000000000
2313 1010.0000000000
2331 1028.0000000000
3061 1056.0000000000
3081 1075.0000000000
3101 1095.0000000000
3122 1116.0000000000
3144 1138.0000000000
3163 1218.0000000000
3183 1237.0000000000
3203 1257.0000000000
3224 1278.0000000000
3246 1300.0000000000
3285 1310.0000000000
3306 1331.0000000000
3328 1353.0000000000
3351 1376.0000000000
3858 1379.0000000000
4664 1393.0000000000
4690 1419.0000000000
4693 1455.0000000000
4697 1458.0000000000
4720 1481.0000000000
4744 1505.0000000000
4769 1530.0000000000
4795 1565.0000000000
4803 1572.0000000000
4823 1592.0000000000
4846 1615.0000000000
4871 1640.0000000000
5812 1658.0000000000
8858 1660.0000000000
10974 1690.0000000000
11006 1722.0000000000
12541 1755.0000000000
13869 1789.0000000000
14887 1802.0000000000
14989 1816.0000000000
15981 1849.0000000000
16968 1863.0000000000
17004 1899.0000000000
19965 1936.0000000000
21498 1975.0000000000
21727 1988.0000000000
21765 2025.0000000000
21804 2064.0000000000
26052 2104.0000000000
26094 2146.0000000000
28255 2154.0000000000
28296 2194.0000000000
28338 2236.0000000000
30441 2279.0000000000
30485 2323.0000000000
32177 2368.0000000000
32223 2414.0000000000
32493 2459.0000000000
34775 2461.0000000000
36054 2487.0000000000
36101 2534.0000000000
36820 2559.0000000000
39833 2610.0000000000
41160 2662.0000000000
42897 2717.0000000000
45391 2730.0000000000
45447 2785.0000000000
47082 2843.0000000000
47492 2903.0000000000
49879 2928.0000000000
49940 2988.0000000000
51267 3039.0000000000
53308 3101.0000000000
54737 3164.0000000000
55489 3201.0000000000
55553 3264.0000000000
58206 3328.0000000000
59875 3330.0000000000
59881 3335.0000000000
59945 3399.0000000000
61574 3465.0000000000
64329 3532.0000000000
67086 3602.0000000000
68924 3674.0000000000
71067 3747.0000000000
73033 3760.0000000000
73107 3833.0000000000
75049 3910.0000000000
75175 3927.0000000000
75253 4004.0000000000
75661 4006.0000000000
78110 4084.0000000000
80049 4163.0000000000
82600 4243.0000000000
82908 4325.0000000000
85765 4408.0000000000
87297 4493.0000000000
88830 4581.0000000000
90363 4672.0000000000
91894 4764.0000000000
93426 4858.0000000000
94957 4953.0000000000
96693 5050.0000000000
96696 5047.0000000000
evaluations raw_y
1 145.0000000000
3 146.0000000000
5 148.0000000000
8 151.0000000000
12 155.0000000000
17 160.0000000000
23 166.0000000000
30 173.0000000000
38 181.0000000000
47 190.0000000000
57 200.0000000000
68 211.0000000000
80 223.0000000000
93 236.0000000000
103 255.0000000000
105 256.0000000000
107 258.0000000000
110 261.0000000000
114 265.0000000000
119 270.0000000000
125 276.0000000000
132 283.0000000000
140 291.0000000000
149 300.0000000000
159 310.0000000000
170 321.0000000000
182 333.0000000000
195 346.0000000000
511 357.0000000000
513 358.0000000000
515 360.0000000000
518 363.0000000000
522 367.0000000000
527 372.0000000000
533 378.0000000000
540 385.0000000000
548 393.0000000000
557 402.0000000000
567 412.0000000000
578 423.0000000000
590 435.0000000000
603 448.0000000000
1098 449.0000000000
1111 462.0000000000
1503 474.0000000000
1516 487.0000000000
1530 501.0000000000
1531 809.0000000000
1539 816.0000000000
1554 831.0000000000
1570 847.0000000000
1587 864.0000000000
1605 882.0000000000
1624 901.0000000000
2041 1092.0000000000
2057 1107.0000000000
2073 1123.0000000000
2090 1140.0000000000
2108 1158.0000000000
2127 1177.0000000000
3129 1180.0000000000
3156 1207.0000000000
3163 1251.0000000000
3176 1263.0000000000
3196 1283.0000000000
3218 1305.0000000000
3243 1330.0000000000
3308 1347.0000000000
3333 1372.0000000000
3360 1399.0000000000
3469 1431.0000000000
3479 1440.0000000000
3490 1451.0000000000
3510 1471.0000000000
3532 1493.0000000000
3557 1518.0000000000
4459 1538.0000000000
4486 1565.0000000000
4738 1593.0000000000
4767 1622.0000000000
4795 1661.0000000000
4824 1689.0000000000
4853 1718.0000000000
4883 1748.0000000000
4995 1759.0000000000
5087 1783.0000000000
5407 1784.0000000000
5426 1802.0000000000
5454 1830.0000000000
5483 1859.0000000000
8867 1878.0000000000
10334 1896.0000000000
10365 1927.0000000000
10397 1959.0000000000
12990 1993.0000000000
13025 2028.0000000000
16868 2064.0000000000
16905 2101.0000000000
19967 2139.0000000000
20071 2178.0000000000
21154 2192.0000000000
21193 2231.0000000000
23033 2259.0000000000
26055 2302.0000000000
26099 2346.0000000000
26565 2389.0000000000
26609 2433.0000000000
29071 2483.0000000000
29118 2529.0000000000
29165 2576.0000000000
32180 2624.0000000000
32229 2673.0000000000
33657 2719.0000000000
35242 2769.0000000000
38303 2820.0000000000
41364 2872.0000000000
43453 2909.0000000000
43506 2961.0000000000
45445 2998.0000000000
49016 3052.0000000000
52077 3107.0000000000
52461 3138.0000000000
52516 3193.0000000000
55138 3249.0000000000
57179 3306.0000000000
59263 3333.0000000000
59321 3390.0000000000
60997 3406.0000000000
61056 3464.0000000000
62833 3548.0000000000
62895 3609.0000000000
65855 3672.0000000000
68917 3737.0000000000
71980 3805.0000000000
74257 3825.0000000000
74326 3893.0000000000
76163 3962.0000000000
76675 4033.0000000000
79051 4045.0000000000
79123 4116.0000000000
81164 4188.0000000000
84328 4262.0000000000
86165 4337.0000000000
88104 4413.0000000000
88824 4495.0000000000
90361 4584.0000000000
91892 4674.0000000000
93423 4765.0000000000
94955 4858.0000000000
96589 4953.0000000000
98121 5050.0000000000
98124 5047.0000000000
evaluations raw_y
1 237.0000000000
3 238.0000000000
5 240.0000000000
8 243.0000000000
12 247.0000000000
17 252.0000000000
23 258.0000000000
30 265.0000000000
38 273.0000000000
47 282.0000000000
57 292.0000000000
68 303.0000000000
80 315.0000000000
93 328.0000000000
195 334.0000000000
291 347.0000000000
305 361.0000000000
511 515.0000000000
513 516.0000000000
515 518.0000000000
518 521.0000000000
522 525.0000000000
527 530.0000000000
533 536.0000000000
540 543.0000000000
548 551.0000000000
557 560.0000000000
567 570.0000000000
578 581.0000000000
590 593.0000000000
604 607.0000000000
1229 608.0000000000
1232 611.0000000000
1236 615.0000000000
1241 620.0000000000
1248 627.0000000000
1256 635.0000000000
1265 644.0000000000
1275 654.0000000000
1286 665.0000000000
1299 678.0000000000
1313 692.0000000000
1531 747.0000000000
1547 762.0000000000
1563 778.0000000000
1580 795.0000000000
1598 813.0000000000
1617 832.0000000000
1633 1301.0000000000
1649 1316.0000000000
1665 1332.0000000000
1682 1349.0000000000
1700 1367.0000000000
1719 1386.0000000000
3091 1406.0000000000
3112 1427.0000000000
3136 1451.0000000000
3161 1476.0000000000
3211 1477.0000000000
3235 1501.0000000000
3260 1526.0000000000
3400 1540.0000000000
3421 1561.0000000000
3445 1585.0000000000
4183 1700.0000000000
4204 1720.0000000000
4225 1741.0000000000
4249 1765.0000000000
4274 1790.0000000000
6250 1816.0000000000
6277 1843.0000000000
6305 1871.0000000000
6529 1889.0000000000
6556 1915.0000000000
6583 1942.0000000000
6611 1970.0000000000
9106 1972.0000000000
9133 1999.0000000000
9161 2027.0000000000
10771 2029.0000000000
10802 2060.0000000000
10975 2077.0000000000
11006 2108.0000000000
11210 2117.0000000000
13455 2149.0000000000
13837 2182.0000000000
13872 2217.0000000000
14212 2220.0000000000
14245 2253.0000000000
14280 2288.0000000000
16905 2290.0000000000
17888 2324.0000000000
17925 2361.0000000000
19931 2400.0000000000
19972 2441.0000000000
20261 2445.0000000000
21971 2484.0000000000
22012 2525.0000000000
23705 2561.0000000000
23746 2602.0000000000
24669 2610.0000000000
25748 2644.0000000000
25791 2687.0000000000
26404 2731.0000000000
27015 2749.0000000000
27631 2776.0000000000
30648 2822.0000000000
30695 2869.0000000000
32226 2917.0000000000
33759 2966.0000000000
35393 3016.0000000000
38303 3067.0000000000
38659 3110.0000000000
38711 3161.0000000000
41365 3214.0000000000
43107 3268.0000000000
44529 3323.0000000000
44834 3333.0000000000
45752 3361.0000000000
47079 3416.0000000000
47839 3427.0000000000
47895 3482.0000000000
48201 3507.0000000000
50553 3568.0000000000
53614 3630.0000000000
55655 3693.0000000000
55897 3696.0000000000
55960 3758.0000000000
58308 3822.0000000000
60656 3888.0000000000
62799 3955.0000000000
63241 3962.0000000000
63309 4029.0000000000
65861 4098.0000000000
66709 4119.0000000000
66779 4188.0000000000
68924 4260.0000000000
71380 4340.0000000000
72911 4421.0000000000
73524 4503.0000000000
75055 4586.0000000000
76587 4671.0000000000
78121 4760.0000000000
79657 4855.0000000000
81189 4952.0000000000
82720 5050.0000000000
82722 5048.0000000000
evaluations raw_y
1 335.0000000000
4 337.0000000000
7 340.0000000000
11 344.0000000000
16 349.0000000000
22 355.0000000000
29 362.0000000000
37 370.0000000000
46 379.0000000000
56 389.0000000000
67 400.0000000000
79 412.0000000000
92 425.0000000000
307 429.0000000000
309 430.0000000000
311 432.0000000000
314 435.0000000000
318 439.0000000000
323 444.0000000000
329 450.0000000000
336 457.0000000000
344 465.0000000000
353 474.0000000000
363 484.0000000000
374 495.0000000000
386 507.0000000000
399 520.0000000000
712 523.0000000000
1531 865.0000000000
1547 880.0000000000
1563 896.0000000000
1580 913.0000000000
1598 931.0000000000
1617 950.0000000000
1633 1003.0000000000
1649 1018.0000000000
1665 1034.0000000000
1682 1051.0000000000
1700 1069.0000000000
1719 1088.0000000000
1735 1228.0000000000
1751 1243.0000000000
1767 1259.0000000000
1784 1276.0000000000
1802 1294.0000000000
1821 1313.0000000000
3061 1376.0000000000
3063 1377.0000000000
3083 1397.0000000000
3104 1418.0000000000
3126 1440.0000000000
3150 1464.0000000000
3163 1546.0000000000
3184 1566.0000000000
3205 1587.0000000000
3227 1609.0000000000
3251 1633.0000000000
4591 1741.0000000000
4595 1744.0000000000
4610 1759.0000000000
4634 1783.0000000000
4659 1808.0000000000
4685 1834.0000000000
5509 1840.0000000000
5535 1865.0000000000
5561 1891.0000000000
5588 1918.0000000000
6098 1928.0000000000
9210 1956.0000000000
9239 1985.0000000000
9269 2015.0000000000
9895 2021.0000000000
9924 2049.0000000000
9953 2078.0000000000
9983 2108.0000000000
12440 2111.0000000000
12681 2132.0000000000
12713 2164.0000000000
12746 2197.0000000000
14174 2204.0000000000
16866 2238.0000000000
16901 2273.0000000000
18764 2309.0000000000
19966 2347.0000000000
20642 2354.0000000000
20680 2392.0000000000
22113 2426.0000000000
23236 2467.0000000000
23745 2483.0000000000
24051 2512.0000000000
26872 2553.0000000000
26914 2595.0000000000
27745 2609.0000000000
27787 2650.0000000000
27829 2692.0000000000
29523 2730.0000000000
29568 2775.0000000000
32178 2821.0000000000
32225 2868.0000000000
35240 2916.0000000000
35289 2965.0000000000
36821 3015.0000000000
39833 3066.0000000000
42894 3118.0000000000
44575 3148.0000000000
44628 3200.0000000000
47619 3254.0000000000
49834 3310.0000000000
50651 3367.0000000000
52327 3368.0000000000
52385 3425.0000000000
53857 3435.0000000000
53916 3493.0000000000
56365 3552.0000000000
58202 3612.0000000000
61264 3674.0000000000
63102 3738.0000000000
64363 3751.0000000000
64428 3815.0000000000
66199 3838.0000000000
66265 3903.0000000000
68918 3969.0000000000
71979 4036.0000000000
74021 4105.0000000000
76195 4107.0000000000
76265 4176.0000000000
76678 4250.0000000000
78823 4327.0000000000
80150 4405.0000000000
81381 4490.0000000000
82710 4578.0000000000
84242 4668.0000000000
85776 4762.0000000000
87307 4857.0000000000
88838 4953.0000000000
90471 5050.0000000000
90474 5047.0000000000
evaluations raw_y
1 108.0000000000
3 109.0000000000
5 111.0000000000
8 114.0000000000
12 118.0000000000
17 123.0000000000
23 129.0000000000
30 136.0000000000
38 144.0000000000
47 153.0000000000
57 163.0000000000
68 174.0000000000
81 187.0000000000
95 201.0000000000
103 254.0000000000
105 255.0000000000
107 257.0000000000
110 260.0000000000
114 264.0000000000
119 269.0000000000
125 275.0000000000
132 282.0000000000
140 290.0000000000
149 299.0000000000
159 309.0000000000
170 320.0000000000
182 332.0000000000
195 345.0000000000
205 468.0000000000
207 469.0000000000
209 471.0000000000
212 474.0000000000
216 478.0000000000
221 483.0000000000
227 489.0000000000
235 497.0000000000
244 506.0000000000
254 516.0000000000
265 527.0000000000
277 539.0000000000
290 552.0000000000
304 566.0000000000
1531 1072.0000000000
1544 1084.0000000000
1559 1099.0000000000
1575 1115.0000000000
1592 1132.0000000000
1610 1150.0000000000
1629 1169.0000000000
2570 1181.0000000000
2587 1198.0000000000
2605 1216.0000000000
2624 1235.0000000000
2644 1255.0000000000
3161 1272.0000000000
3185 1287.0000000000
3207 1309.0000000000
3231 1333.0000000000
3256 1358.0000000000
3333 1360.0000000000
3358 1385.0000000000
3386 1392.0000000000
3405 1411.0000000000
3426 1432.0000000000
3448 1454.0000000000
3497 1457.0000000000
3519 1479.0000000000
3543 1503.0000000000
3568 1528.0000000000
4329 1536.0000000000
4353 1560.0000000000
4378 1585.0000000000
4489 1792.0000000000
4511 1813.0000000000
4533 1835.0000000000
4557 1859.0000000000
4582 1884.0000000000
4591 1933.0000000000
4618 1959.0000000000
4645 1986.0000000000
4674 2015.0000000000
4747 2037.0000000000
4776 2066.0000000000
5155 2068.0000000000
5184 2097.0000000000
7714 2106.0000000000
7747 2139.0000000000
8192 2156.0000000000
8224 2188.0000000000
8257 2221.0000000000
11288 2226.0000000000
12343 2274.0000000000
12378 2308.0000000000
12413 2343.0000000000
15338 2379.0000000000
15376 2417.0000000000
17582 2424.0000000000
17620 2462.0000000000
18441 2496.0000000000
18911 2499.0000000000
18951 2539.0000000000
21472 2580.0000000000
21514 2622.0000000000
22339 2625.0000000000
22381 2666.0000000000
22423 2708.0000000000
24573 2713.0000000000
25649 2753.0000000000
25695 2799.0000000000
27589 2846.0000000000
27638 2895.0000000000
30497 2945.0000000000
32183 2996.0000000000
33763 3001.0000000000
33815 3052.0000000000
35293 3057.0000000000
35346 3109.0000000000
36366 3131.0000000000
38334 3185.0000000000
40189 3205.0000000000
40213 3228.0000000000
40267 3282.0000000000
42796 3338.0000000000
43657 3380.0000000000
43714 3436.0000000000
44635 3457.0000000000
46369 3472.0000000000
48410 3532.0000000000
49737 3593.0000000000
50861 3656.0000000000
53617 3721.0000000000
56678 3787.0000000000
57066 3806.0000000000
59738 3872.0000000000
62799 3939.0000000000
65657 4008.0000000000
67495 4079.0000000000
68035 4087.0000000000
68107 4158.0000000000
69026 4230.0000000000
71071 4307.0000000000
73832 4391.0000000000
76589 4478.0000000000
78224 4568.0000000000
79653 4659.0000000000
79969 4662.0000000000
80061 4753.0000000000
81190 4851.0000000000
82721 4950.0000000000
84252 5050.0000000000
evaluations raw_y
1 418.0000000000
3 419.0000000000
5 421.0000000000
8 424.0000000000
12 428.0000000000
17 433.0000000000
23 439.0000000000
30 446.0000000000
38 454.0000000000
47 463.0000000000
57 473.0000000000
68 484.0000000000
80 496.0000000000
93 509.0000000000
1406 521.0000000000
1420 535.0000000000
1531 565.0000000000
1538 571.0000000000
1551 584.0000000000
1566 599.0000000000
1582 615.0000000000
1599 632.0000000000
1617 650.0000000000
1633 807.0000000000
1649 822.0000000000
1665 838.0000000000
1682 855.0000000000
1700 873.0000000000
1719 892.0000000000
1784 895.0000000000
1802 913.0000000000
1821 932.0000000000
2245 985.0000000000
2261 1000.0000000000
2277 1016.0000000000
2294 1033.0000000000
2314 1053.0000000000
2335 1074.0000000000
3061 1222.0000000000
3064 1224.0000000000
3086 1246.0000000000
3109 1269.0000000000
3133 1293.0000000000
3158 1318.0000000000
3751 1323.0000000000
5203 1381.0000000000
5226 1403.0000000000
5249 1426.0000000000
5273 1450.0000000000
5298 1475.0000000000
9264 1501.0000000000
9337 1528.0000000000
9366 1557.0000000000
10900 1587.0000000000
13752 1616.0000000000
13833 1618.0000000000
13865 1650.0000000000
13935 1677.0000000000
13967 1709.0000000000
14273 1716.0000000000
14681 1746.0000000000
19315 1781.0000000000
19351 1817.0000000000
20845 1842.0000000000
20881 1878.0000000000
23027 1892.0000000000
24111 1915.0000000000
24149 1953.0000000000
25029 1982.0000000000
25067 2020.0000000000
27621 2032.0000000000
28499 2038.0000000000
28539 2078.0000000000
30171 2095.0000000000
32131 2131.0000000000
32173 2172.0000000000
32215 2214.0000000000
35439 2240.0000000000
35483 2284.0000000000
36095 2301.0000000000
38297 2346.0000000000
38343 2392.0000000000
40282 2439.0000000000
41408 2488.0000000000
41869 2523.0000000000
41918 2572.0000000000
44728 2620.0000000000
46666 2622.0000000000
47791 2675.0000000000
50546 2729.0000000000
53607 2784.0000000000
56465 2841.0000000000
58200 2899.0000000000
60997 2913.0000000000
61056 2971.0000000000
61158 2981.0000000000
62485 3040.0000000000
63241 3055.0000000000
63301 3114.0000000000
64832 3174.0000000000
66977 3237.0000000000
68916 3301.0000000000
70381 3331.0000000000
70446 3395.0000000000
73507 3460.0000000000
73645 3478.0000000000
73711 3543.0000000000
75547 3548.0000000000
76976 3605.0000000000
79629 3672.0000000000
82690 3740.0000000000
84834 3810.0000000000
87386 3882.0000000000
90350 3960.0000000000
91291 3970.0000000000
91370 4048.0000000000
93412 4128.0000000000
95455 4211.0000000000
97702 4297.0000000000
98419 4386.0000000000
100991 4377.0000000000
evaluations raw_y
1 61.0000000000
3 62.0000000000
5 64.0000000000
8 67.0000000000
12 71.0000000000
17 76.0000000000
23 82.0000000000
31 90.0000000000
41 100.0000000000
52 111.0000000000
64 123.0000000000
77 136.0000000000
91 150.0000000000
103 225.0000000000
105 226.0000000000
107 228.0000000000
111 232.0000000000
116 237.0000000000
122 243.0000000000
129 250.0000000000
137 258.0000000000
146 267.0000000000
156 277.0000000000
167 288.0000000000
179 300.0000000000
192 313.0000000000
275 318.0000000000
288 331.0000000000
302 345.0000000000
323 350.0000000000
329 356.0000000000
336 363.0000000000
344 371.0000000000
353 380.0000000000
363 390.0000000000
374 401.0000000000
386 413.0000000000
399 426.0000000000
919 731.0000000000
921 732.0000000000
923 734.0000000000
926 737.0000000000
930 741.0000000000
935 746.0000000000
941 752.0000000000
948 759.0000000000
956 767.0000000000
965 776.0000000000
975 786.0000000000
986 797.0000000000
998 809.0000000000
1011 822.0000000000
1531 1086.0000000000
1536 1090.0000000000
1550 1104.0000000000
1565 1119.0000000000
1581 1135.0000000000
1598 1152.0000000000
1616 1170.0000000000
2551 1181.0000000000
2566 1195.0000000000
2581 1210.0000000000
2597 1226.0000000000
2614 1243.0000000000
2632 1261.0000000000
2651 1280.0000000000
3093 1300.0000000000
3114 1321.0000000000
3136 1343.0000000000
3159 1366.0000000000
3190 1368.0000000000
3211 1389.0000000000
3233 1411.0000000000
3256 1434.0000000000
3541 1445.0000000000
3564 1468.0000000000
4000 1480.0000000000
4021 1501.0000000000
4043 1523.0000000000
4066 1546.0000000000
4553 1559.0000000000
4576 1582.0000000000
6121 1646.0000000000
6125 1649.0000000000
6149 1673.0000000000
6174 1698.0000000000
6200 1724.0000000000
7293 1725.0000000000
7319 1751.0000000000
8237 1756.0000000000
9770 1783.0000000000
12225 1789.0000000000
13725 1802.0000000000
13755 1832.0000000000
15400 1840.0000000000
16353 1850.0000000000
16386 1883.0000000000
16420 1917.0000000000
21457 1952.0000000000
21493 1988.0000000000
23739 2025.0000000000
26087 2063.0000000000
27722 2103.0000000000
29865 2144.0000000000
30685 2186.0000000000
30891 2229.0000000000
31297 2261.0000000000
33749 2273.0000000000
36767 2318.0000000000
36814 2365.0000000000
39334 2369.0000000000
39877 2413.0000000000
40849 2416.0000000000
40897 2464.0000000000
42997 2517.0000000000
45957 2572.0000000000
46207 2576.0000000000
46263 2631.0000000000
49120 2687.0000000000
50753 2744.0000000000
51645 2762.0000000000
51702 2819.0000000000
53814 2877.0000000000
55754 2937.0000000000
58203 2998.0000000000
61264 3060.0000000000
64325 3123.0000000000
65383 3139.0000000000
65447 3202.0000000000
67386 3266.0000000000
70447 3331.0000000000
73202 3397.0000000000
73815 3464.0000000000
75550 3532.0000000000
77897 3601.0000000000
78307 3672.0000000000
80144 3744.0000000000
80755 3746.0000000000
81266 3818.0000000000
84225 3891.0000000000
85762 3971.0000000000
88109 4052.0000000000
90356 4136.0000000000
91291 4139.0000000000
91376 4223.0000000000
93427 4308.0000000000
95866 4394.0000000000
98010 4482.0000000000
99542 4572.0000000000
100991 4563.0000000000
