evaluations raw_y
1 -0.4728607615
34 -0.4618530318
67 -0.4560334406
88 -0.4555345715
93 -0.4485631565
107 -0.4430151804
122 -0.4255882889
138 -0.4208511568
163 -0.4169152455
239 -0.4124908450
243 -0.4036867755
276 -0.4013894479
302 -0.3906990330
342 -0.3853663410
351 -0.3827392310
369 -0.3669480465
470 -0.3649703202
510 -0.3611554111
536 -0.3572659220
543 -0.3567698738
594 -0.3529985119
624 -0.3511955595
682 -0.3511871743
697 -0.3488268442
698 -0.3476844389
703 -0.3454942818
718 -0.3423915386
777 -0.3353880851
847 -0.3353797000
853 -0.3332000703
886 -0.3331704959
910 -0.3291174148
944 -0.3252007176
1043 -0.3234925421
1052 -0.3223876395
1105 -0.3217211631
1145 -0.3207121512
1203 -0.3201422673
1257 -0.3196529945
1292 -0.3158077650
1340 -0.3152735256
1365 -0.3144968637
1375 -0.3110890596
1451 -0.3103480422
1481 -0.3069698710
1503 -0.3062738202
1537 -0.3062288536
1570 -0.3055328028
1581 -0.3032748729
1673 -0.2992096080
1728 -0.2979793179
1863 -0.2961082986
2175 -0.2957767246
2396 -0.2957683394
57669 -0.2928200823
100000 -0.2928200823
evaluations raw_y
1 -0.4986704156
2 -0.4416280853
110 -0.4328140892
136 -0.4176258048
196 -0.4097859570
222 -0.3994911410
229 -0.3984100279
298 -0.3934850270
318 -0.3892817373
342 -0.3876630694
344 -0.3752406651
345 -0.3701386534
400 -0.3682509700
445 -0.3648849117
458 -0.3641552286
476 -0.3617514229
483 -0.3550400760
582 -0.3526992047
595 -0.3512814654
596 -0.3490719408
637 -0.3476848328
655 -0.3470173224
659 -0.3427315703
704 -0.3384964637
889 -0.3346958893
893 -0.3326633760
902 -0.3323318020
908 -0.3288690433
946 -0.3271678657
985 -0.3248037784
1049 -0.3243236584
1076 -0.3215535576
1106 -0.3210734376
1212 -0.3198329039
1223 -0.3176331484
1255 -0.3175881818
1273 -0.3168921310
1277 -0.3163926147
1345 -0.3156515974
1433 -0.3119301338
1469 -0.3104561392
1500 -0.3103990764
1561 -0.3098395569
1581 -0.3097824941
1684 -0.3080111151
1695 -0.3066551519
1710 -0.3040844551
1752 -0.3028502589
1778 -0.3023130761
2140 -0.3023046909
2223 -0.3005101236
2254 -0.3005017385
3105 -0.2970240102
7111 -0.2967011800
7144 -0.2955087499
7291 -0.2948798601
76938 -0.2935538622
100000 -0.2935538622
evaluations raw_y
1 -0.4994264282
4 -0.4895088023
5 -0.4879612032
19 -0.4698072196
44 -0.4537039104
51 -0.4527842050
83 -0.4490648787
92 -0.4287960701
94 -0.4239389308
147 -0.4146098217
192 -0.3965261412
254 -0.3925549330
291 -0.3877474617
293 -0.3833508134
318 -0.3761038242
348 -0.3646249256
434 -0.3643439209
479 -0.3637994381
482 -0.3619393394
509 -0.3614140356
531 -0.3514803451
605 -0.3496058834
612 -0.3467608489
626 -0.3453176848
658 -0.3439593715
663 -0.3402152890
714 -0.3378549588
736 -0.3335880997
743 -0.3316508001
785 -0.3298849219
836 -0.3298478477
853 -0.3296489867
867 -0.3291068303
875 -0.3278460343
979 -0.3251432790
1086 -0.3248117049
1119 -0.3248033198
1160 -0.3243970595
1184 -0.3231405252
1210 -0.3216189869
1238 -0.3212874128
1247 -0.3212043415
1293 -0.3208727674
1303 -0.3206708306
1314 -0.3199632091
1338 -0.3180763187
1385 -0.3166378517
1470 -0.3162232063
1486 -0.3137942043
1518 -0.3122726659
1526 -0.3118580206
1704 -0.3118009578
1843 -0.3112044555
1869 -0.3111473927
2004 -0.3110209872
2214 -0.3093657388
2219 -0.3057013514
2371 -0.3052212314
2523 -0.3046046491
2880 -0.3045962640
6328 -0.3033236501
6387 -0.3011185357
12340 -0.2996032754
14131 -0.2982772775
27556 -0.2981594699
27767 -0.2928002742
100000 -0.2928002742
evaluations raw_y
1 -0.5071635465
2 -0.5040482908
6 -0.4913389585
14 -0.4813199368
18 -0.4647368207
20 -0.4612130518
48 -0.4366929360
80 -0.4335092403
92 -0.4218532958
165 -0.4202289933
168 -0.4147989371
173 -0.4099074317
205 -0.4044736081
236 -0.3936176063
247 -0.3821486021
316 -0.3755932546
335 -0.3683218026
356 -0.3664839821
357 -0.3641251316
387 -0.3512914047
449 -0.3410688625
499 -0.3396177505
564 -0.3389927831
566 -0.3377694348
579 -0.3294007111
598 -0.3249645714
665 -0.3227594570
784 -0.3224933171
823 -0.3220184396
861 -0.3217522997
865 -0.3193521563
891 -0.3190860164
924 -0.3190776313
956 -0.3144766015
958 -0.3068288400
988 -0.3067634059
994 -0.3064972660
1115 -0.3052095272
1133 -0.3041285507
1149 -0.3031358955
1218 -0.3031275103
1530 -0.2955907864
17388 -0.2920664943
100000 -0.2920664943
evaluations raw_y
1 -0.5144193224
5 -0.4758309319
7 -0.4622196252
46 -0.4571004379
79 -0.4511655049
91 -0.4429639451
98 -0.4250566448
125 -0.4243446411
169 -0.4202401720
177 -0.4126516003
208 -0.4118700381
219 -0.4113419048
236 -0.4103335906
243 -0.4090803719
245 -0.3897512453
303 -0.3772568654
329 -0.3717892063
354 -0.3584498328
452 -0.3541539577
506 -0.3506419691
528 -0.3501430045
568 -0.3481412141
576 -0.3454287146
583 -0.3450577941
606 -0.3419798967
669 -0.3392524629
671 -0.3385606022
730 -0.3370866077
744 -0.3370615955
774 -0.3337231563
776 -0.3328872930
819 -0.3318700207
856 -0.3299208663
1002 -0.3295968281
1012 -0.3287284362
1059 -0.3210492441
1200 -0.3204387218
1216 -0.3204326618
1222 -0.3192462916
1263 -0.3189222534
1292 -0.3187774060
1295 -0.3186297094
1383 -0.3183056711
1463 -0.3182486083
1482 -0.3182150640
1535 -0.3178910257
1543 -0.3177453102
1603 -0.3175433733
1608 -0.3171287280
1747 -0.3170716652
1825 -0.3170632800
2257 -0.3155892854
4098 -0.3140740251
15402 -0.3131570892
15585 -0.3129501797
15736 -0.3090654991
20865 -0.3089476916
21383 -0.3035884959
100000 -0.3035884959
evaluations raw_y
1 -0.5357730458
2 -0.5078786505
5 -0.5032970802
8 -0.4890809406
10 -0.4341447090
70 -0.4299930435
108 -0.4247025491
113 -0.4148385027
181 -0.4122786883
183 -0.4090337743
189 -0.4035033094
207 -0.4014364858
211 -0.3975912981
235 -0.3796770556
268 -0.3742774345
305 -0.3737453570
342 -0.3680880670
362 -0.3666374672
368 -0.3591128237
393 -0.3552357875
402 -0.3544443873
462 -0.3535145153
467 -0.3520405207
483 -0.3518506956
496 -0.3511096783
500 -0.3510726041
532 -0.3490466453
547 -0.3488575921
550 -0.3453666638
598 -0.3422776434
625 -0.3410102790
635 -0.3402692616
714 -0.3384978826
724 -0.3380722672
769 -0.3368419770
849 -0.3350705980
999 -0.3335490596
1036 -0.3309869844
1116 -0.3297829103
1122 -0.3287818700
1205 -0.3286554645
1232 -0.3267953140
1240 -0.3247166051
1284 -0.3245901996
1391 -0.3241100796
1435 -0.3224527612
1532 -0.3223503609
1553 -0.3217497494
1587 -0.3205809362
1597 -0.3201008162
1609 -0.3200924310
1636 -0.3197871272
1657 -0.3151609325
4534 -0.3122126753
6959 -0.3086161884
7336 -0.3041023008
18724 -0.3022636159
28057 -0.2987858876
53085 -0.2974256900
53785 -0.2920664943
100000 -0.2968398818
evaluations raw_y
1 -0.4734478879
2 -0.4538631720
20 -0.4524164241
56 -0.4332787023
91 -0.4312041570
109 -0.4268787502
151 -0.4165300503
152 -0.4101220378
192 -0.4009586184
268 -0.3985692611
303 -0.3943260507
304 -0.3923643974
317 -0.3905983113
337 -0.3832020432
373 -0.3790095202
440 -0.3727766339
451 -0.3723042147
491 -0.3693233589
502 -0.3684680765
519 -0.3674992187
536 -0.3667103621
546 -0.3666532993
565 -0.3630145386
581 -0.3598749981
667 -0.3560554407
744 -0.3559983779
768 -0.3557058339
783 -0.3556013873
790 -0.3543445452
792 -0.3508341496
821 -0.3504530486
843 -0.3481452981
867 -0.3458630236
879 -0.3438994285
925 -0.3438423657
939 -0.3411376247
975 -0.3410595919
1011 -0.3347529333
1063 -0.3289782332
1169 -0.3273244005
1226 -0.3267078183
1305 -0.3263070035
1337 -0.3256988064
1339 -0.3256333585
1379 -0.3249365087
1445 -0.3249281235
1476 -0.3248794458
1497 -0.3248710607
1545 -0.3246725363
1549 -0.3240692197
1551 -0.3188374872
1568 -0.3184848773
1600 -0.3184764921
1603 -0.3184194293
1608 -0.3172545871
1632 -0.3171891392
1681 -0.3130975491
1815 -0.3124740797
1837 -0.3120965087
1850 -0.3113440397
1865 -0.3101137495
1866 -0.3091127092
2106 -0.3083108682
2200 -0.3053486162
2212 -0.3045467752
26165 -0.3030315149
26873 -0.3022455925
70260 -0.3004069076
100000 -0.3156826119
evaluations raw_y
1 -0.5262293787
2 -0.4845977350
7 -0.4843964750
18 -0.4795036927
31 -0.4562748296
76 -0.4426425982
96 -0.4389154195
104 -0.4256508210
157 -0.4179693130
201 -0.3966996066
211 -0.3855254844
316 -0.3768761955
432 -0.3745125877
433 -0.3705289391
435 -0.3693299087
478 -0.3673084652
525 -0.3659360020
557 -0.3613370559
596 -0.3613286708
599 -0.3571561102
606 -0.3556261866
677 -0.3542537235
714 -0.3503148013
741 -0.3503064162
766 -0.3494950508
786 -0.3480495647
801 -0.3449040985
806 -0.3441022575
868 -0.3436625282
960 -0.3414574138
1016 -0.3411190514
1056 -0.3406793222
1058 -0.3390933265
1101 -0.3317012993
1132 -0.3293372120
1211 -0.3285591204
1303 -0.3285020576
1331 -0.3279892365
1356 -0.3266650327
1428 -0.3254319643
1437 -0.3248620803
1594 -0.3238610400
1684 -0.3205356825
1753 -0.3192951489
2075 -0.3186785666
2451 -0.3181984466
2604 -0.3147207184
2735 -0.3146636555
17155 -0.3143578532
17192 -0.3138777332
18639 -0.3111917742
18692 -0.3111833891
36396 -0.3106055002
36470 -0.3093447042
39155 -0.3087158144
39535 -0.3057675573
58518 -0.3044415594
100000 -0.3084946404
evaluations raw_y
1 -0.5034969782
3 -0.5013814477
7 -0.4510787961
56 -0.4397613882
82 -0.4294345488
103 -0.4151516978
141 -0.4079756435
163 -0.3887831602
267 -0.3824306819
304 -0.3819937179
307 -0.3725989941
329 -0.3667904873
330 -0.3644977998
336 -0.3613534564
382 -0.3528892096
448 -0.3526544617
449 -0.3493787940
479 -0.3434930538
521 -0.3433781392
524 -0.3320560075
593 -0.3301799690
608 -0.3287401640
615 -0.3267063352
646 -0.3248302967
746 -0.3171408612
773 -0.3159105710
872 -0.3147266913
908 -0.3137880385
967 -0.3128506528
1044 -0.3125845129
1049 -0.3122340705
1073 -0.3118023586
1105 -0.3080249225
1154 -0.3074083402
1156 -0.3061358881
1200 -0.3036179082
1421 -0.2981897206
1575 -0.2967157260
9568 -0.2940213820
39707 -0.2933924922
51126 -0.2920664943
100000 -0.2987568086
evaluations raw_y
1 -0.5352899025
2 -0.4926554110
4 -0.4841016371
9 -0.4829446269
12 -0.4779731889
13 -0.4564700376
15 -0.4244573735
99 -0.4215393545
163 -0.4130635742
198 -0.4078243305
219 -0.4007748535
265 -0.4006750753
273 -0.3989904223
281 -0.3977543142
287 -0.3949966074
296 -0.3793658872
364 -0.3761403547
394 -0.3600842423
496 -0.3543862032
525 -0.3528196613
549 -0.3502601339
558 -0.3464441195
569 -0.3406561507
623 -0.3389149831
726 -0.3350647593
757 -0.3350563742
765 -0.3343237420
840 -0.3336572656
872 -0.3320658121
891 -0.3305333100
926 -0.3271102978
964 -0.3255793214
987 -0.3249128450
1055 -0.3233213915
1072 -0.3226549151
1119 -0.3215184391
1155 -0.3208519627
1176 -0.3207403475
1205 -0.3203718427
1235 -0.3202602275
1246 -0.3200738711
1269 -0.3197082238
1282 -0.3147542353
1332 -0.3142741153
1444 -0.3132651034
1564 -0.3126952195
1573 -0.3092120223
1668 -0.3086421384
1677 -0.3079817322
1737 -0.3074118482
1912 -0.3074034631
2040 -0.3067074123
2076 -0.3060432655
2089 -0.3053472147
17900 -0.3018694864
20843 -0.3005434885
62436 -0.3004256809
62711 -0.2999979838
62718 -0.2950664852
100000 -0.3004256809
