evaluations raw_y
1 -2136883.0000000005
2 -2135882.0000000005
3 -2134879.0000000005
4 -2133877.0000000005
7 -2132872.0000000005
10 -2131864.0000000005
11 -2130861.0000000005
13 -2129852.0000000005
16 -2128843.0000000005
20 -2127835.0000000005
22 -2126831.0000000005
25 -2125824.0000000005
26 -2124822.0000000005
27 -2123818.0000000005
32 -2122812.0000000005
34 -2121812.0000000005
35 -2120806.0000000005
36 -2119802.0000000005
38 -2118794.0000000005
40 -2117786.0000000005
42 -2116781.0000000005
43 -2115774.0000000005
49 -2114774.0000000005
50 -2113774.0000000005
52 -2112766.0000000005
55 -2111757.0000000005
56 -2110750.0000000005
57 -2109745.0000000005
60 -2108738.0000000005
64 -2107731.0000000005
66 -2106728.0000000005
67 -2105728.0000000005
69 -2104725.0000000005
70 -2103725.0000000005
73 -2102722.0000000005
81 -2101721.0000000005
86 -2100720.0000000005
90 -2099712.0000000005
92 -2098705.0000000005
95 -2097703.0000000005
96 -2096694.0000000005
97 -2095688.0000000005
99 -2094687.0000000005
100 -2093682.0000000005
102 -2092677.0000000005
103 -2091669.0000000005
109 -2090666.0000000005
115 -2089664.0000000005
117 -2088664.0000000005
118 -2087659.0000000005
122 -2086653.0000000005
123 -2085651.0000000005
126 -2084649.0000000005
127 -2083645.0000000005
131 -2082644.0000000005
132 -2081640.0000000005
134 -2080632.0000000005
141 -2079625.0000000005
145 -2078618.0000000005
149 -2077612.0000000005
155 -2076607.0000000005
157 -2075600.0000000005
159 -2074599.0000000005
161 -2073597.0000000005
165 309168.0913319854
266 309184.2030627060
267 309341.8085261170
268 309365.7072877336
273 310187.2534516091
310 310208.2825282001
312 310304.9754291757
472 310325.2646353359
473 310915.4930945726
552 310916.8786969571
553 311597.8607595448
656 311613.0453343848
658 312003.2316860813
710 312038.7041049964
711 312577.4124092253
781 312585.2818969145
784 312769.5605604801
805 312782.0925649643
808 313088.8437248211
825 313124.7705807585
826 313956.2105979974
850 313956.9348523211
852 314741.5934827654
939 314776.6094895568
940 315675.8202794045
962 315699.7795777057
963 316154.2680267447
980 316164.2988927594
981 316465.3854568414
1070 316493.1110015988
1074 316877.2078194873
1417 316891.7637148045
1418 317362.4242906815
1662 317400.0257911324
1664 317465.6648177145
1959 317491.6490960004
1960 318393.1735159418
2227 318399.2526987509
2229 319238.8127830267
2500 319241.8930357624
2501 319600.8195241046
4388 319641.8560395456
4390 320577.0123768410
10001 320079.5304309357
evaluations raw_y
1 -2140917.0000000005
2 -2139913.0000000005
4 -2138907.0000000005
5 -2137899.0000000005
6 -2136895.0000000005
9 -2135888.0000000005
13 -2134887.0000000005
14 -2133881.0000000005
20 -2132877.0000000005
21 -2131870.0000000005
23 -2130870.0000000005
24 -2129862.0000000005
27 -2128854.0000000005
28 -2127853.0000000005
29 -2126853.0000000005
31 -2125851.0000000005
35 -2124847.0000000005
38 -2123843.0000000005
40 -2122840.0000000005
41 -2121838.0000000005
42 -2120830.0000000005
43 -2119825.0000000005
47 -2118816.0000000005
49 -2117816.0000000005
52 -2116812.0000000005
53 -2115810.0000000005
55 -2114803.0000000005
56 -2113801.0000000005
58 -2112793.0000000005
59 -2111784.0000000005
64 -2110776.0000000005
65 -2109771.0000000005
72 -2108766.0000000005
73 -2107766.0000000005
75 -2106760.0000000005
76 -2105759.0000000005
78 -2104757.0000000005
80 -2103755.0000000005
82 -2102754.0000000005
83 -2101749.0000000005
85 -2100740.0000000005
86 -2099732.0000000005
89 -2098725.0000000005
90 -2097717.0000000005
91 -2096710.0000000005
92 -2095708.0000000005
97 -2094705.0000000005
98 -2093698.0000000005
99 -2092694.0000000005
100 -2091693.0000000005
101 -2090688.0000000005
102 -2089687.0000000005
103 -2088678.0000000005
104 -2087675.0000000005
105 -2086667.0000000005
106 -2085666.0000000005
107 -2084664.0000000005
110 -2083655.0000000005
113 -2082653.0000000005
114 -2081653.0000000005
116 -2080651.0000000005
117 -2079642.0000000005
118 -2078634.0000000005
119 -2077626.0000000005
120 -2076619.0000000005
123 -2075615.0000000005
124 -2074614.0000000005
125 -2073612.0000000005
126 304819.4658410412
132 304825.4400216971
134 305445.0922333649
194 305459.4617829424
195 305544.9573100410
265 305579.3347175784
270 305799.3452405091
360 305824.8997752374
361 306007.7033666334
372 306031.0956768009
373 306106.1382657788
419 306111.3452306641
420 306308.1989936922
646 306327.1063063537
647 306501.0624124603
738 306501.3631750509
740 306820.8545845739
1013 306831.2243148470
1014 307053.1946264555
1219 307062.3700092612
1220 307574.6641406048
1376 307597.9140291707
1378 308210.3388949397
2272 308226.5122602304
2273 308594.3707479956
4128 308616.8163824042
4129 309088.6006266695
10001 308345.5471471479
evaluations raw_y
1 -2139801.0000000005
3 -2138793.0000000005
4 -2137793.0000000005
5 -2136792.0000000005
9 -2135786.0000000005
10 -2134782.0000000005
11 -2133781.0000000005
14 -2132778.0000000005
15 -2131774.0000000005
23 -2130774.0000000005
26 -2129766.0000000005
31 -2128761.0000000005
32 -2127753.0000000005
33 -2126744.0000000005
34 -2125737.0000000005
36 -2124736.0000000005
37 -2123733.0000000005
40 -2122729.0000000005
41 -2121721.0000000005
44 -2120721.0000000005
46 -2119712.0000000005
47 -2118710.0000000005
49 -2117709.0000000005
54 -2116700.0000000005
55 -2115695.0000000005
65 -2114687.0000000005
68 -2113682.0000000005
72 -2112676.0000000005
74 -2111676.0000000005
75 -2110671.0000000005
76 -2109671.0000000005
78 -2108670.0000000005
79 -2107670.0000000005
81 -2106670.0000000005
85 -2105664.0000000005
88 -2104662.0000000005
90 -2103654.0000000005
91 -2102649.0000000005
94 -2101646.0000000005
95 -2100640.0000000005
96 -2099637.0000000005
100 -2098633.0000000005
102 -2097629.0000000005
106 -2096625.0000000005
107 -2095620.0000000005
111 -2094614.0000000005
112 -2093605.0000000005
117 -2092598.0000000005
126 -2091594.0000000005
127 -2090590.0000000005
130 -2089585.0000000005
131 -2088582.0000000005
132 -2087582.0000000005
133 -2086577.0000000005
135 -2085575.0000000005
136 -2084573.0000000005
137 -2083568.0000000005
138 -2082561.0000000005
139 -2081555.0000000005
140 -2080547.0000000005
141 -2079541.0000000005
144 -2078534.0000000005
149 -2077531.0000000005
150 -2076531.0000000005
153 -2075526.0000000005
154 -2074525.0000000005
157 -2073520.0000000005
158 308327.2626523399
162 308329.4591890260
167 309040.4469077280
225 309049.6220067571
226 309692.9273452301
234 309722.1390273506
235 310541.6043823312
367 310574.8570222269
369 311147.8672347489
520 311158.1122127773
521 312001.0910927764
844 312016.3450960428
846 312619.2524332395
906 312630.4152912790
908 312743.1560520262
939 312759.6885920294
940 312946.3307816351
975 312982.7838825227
976 313292.0858961265
1030 313311.9882689068
1031 313578.1523749738
1188 313606.1922228353
1189 313882.3862814942
1355 313884.6666557623
1361 314339.8945704862
1662 314365.6761196963
1664 315262.3308108126
1757 315287.2073111506
1758 315502.7157378119
2011 315509.4037435708
2014 315656.0009721345
4106 315670.5029313085
4107 316173.6885666036
4785 316186.4676803425
4788 316798.0438499268
10001 316468.8714806294
evaluations raw_y
1 -2140923.0000000005
2 -2139920.0000000005
7 -2138916.0000000005
9 -2137911.0000000005
10 -2136907.0000000005
15 -2135901.0000000005
16 -2134893.0000000005
17 -2133886.0000000005
20 -2132881.0000000005
24 -2131873.0000000005
25 -2130872.0000000005
27 -2129863.0000000005
28 -2128857.0000000005
29 -2127856.0000000005
30 -2126851.0000000005
33 -2125844.0000000005
34 -2124839.0000000005
36 -2123830.0000000005
37 -2122829.0000000005
40 -2121827.0000000005
41 -2120826.0000000005
43 -2119818.0000000005
46 -2118813.0000000005
47 -2117809.0000000005
49 -2116801.0000000005
51 -2115799.0000000005
52 -2114796.0000000005
56 -2113790.0000000005
59 -2112781.0000000005
60 -2111780.0000000005
62 -2110771.0000000005
65 -2109764.0000000005
67 -2108759.0000000005
68 -2107757.0000000005
70 -2106751.0000000005
71 -2105742.0000000005
75 -2104741.0000000005
76 -2103736.0000000005
77 -2102727.0000000005
80 -2101720.0000000005
82 -2100712.0000000005
83 -2099703.0000000005
84 -2098703.0000000005
87 -2097701.0000000005
88 -2096694.0000000005
97 -2095685.0000000005
104 -2094683.0000000005
105 -2093675.0000000005
106 -2092666.0000000005
109 -2091660.0000000005
110 -2090658.0000000005
112 -2089655.0000000005
114 -2088655.0000000005
116 -2087654.0000000005
120 -2086645.0000000005
121 -2085638.0000000005
127 -2084633.0000000005
128 -2083625.0000000005
129 -2082625.0000000005
131 -2081617.0000000005
135 -2080617.0000000005
136 -2079615.0000000005
137 -2078613.0000000005
138 -2077607.0000000005
143 -2076605.0000000005
145 -2075605.0000000005
147 -2074600.0000000005
149 -2073599.0000000005
150 306920.5599899691
226 306954.8734893281
228 307642.1340510228
262 307683.9068927896
263 307855.3482931286
294 307865.5887373583
295 308753.7746761914
347 308757.5808801679
348 308952.1233690312
438 308976.7262875363
439 309068.6347093101
461 309106.7341297581
462 309927.1740235883
535 309946.1723065934
536 310172.2622351627
646 310191.1690565964
647 310805.0030371243
869 310819.2406671445
870 310875.9490261200
937 310911.5803851331
939 311878.3710102581
1235 311891.0871237629
1239 312215.6613336731
1260 312216.6588121802
1261 312927.5401206847
2038 312963.6708924993
2039 313604.0674947553
2041 313610.4174371185
2043 314486.0726699099
7796 314494.0275928556
7797 314856.8307105904
10001 314464.3703746080
evaluations raw_y
1 -2119787.0000000005
3 -2118783.0000000005
5 -2117776.0000000005
8 -2116767.0000000005
10 -2115761.0000000005
11 -2114759.0000000005
12 -2113751.0000000005
17 -2112751.0000000005
20 -2111742.0000000005
24 -2110735.0000000005
25 -2109732.0000000005
26 -2108725.0000000005
27 -2107724.0000000005
29 -2106718.0000000005
30 -2105714.0000000005
31 -2104713.0000000005
32 -2103713.0000000005
36 -2102704.0000000005
37 -2101702.0000000005
38 -2100702.0000000005
41 -2099699.0000000005
42 -2098696.0000000005
43 -2097696.0000000005
48 -2096693.0000000005
52 -2095688.0000000005
54 -2094682.0000000005
55 -2093682.0000000005
56 -2092681.0000000005
57 -2091677.0000000005
59 -2090673.0000000005
61 -2089665.0000000005
62 -2088661.0000000005
63 -2087653.0000000005
64 -2086645.0000000005
65 -2085642.0000000005
71 -2084635.0000000005
72 -2083632.0000000005
74 -2082630.0000000005
77 -2081626.0000000005
79 -2080618.0000000005
82 -2079617.0000000005
85 -2078610.0000000005
86 -2077606.0000000005
87 -2076606.0000000005
89 -2075606.0000000005
90 -2074597.0000000005
91 -2073591.0000000005
99 304239.4166335881
273 304261.5817531515
277 304546.2195134649
325 304551.2460306905
326 304942.9754494702
587 304965.7638781742
589 305154.7231891975
754 305160.6073103871
755 305709.0854429853
1067 305743.2348213426
1069 305814.1746368016
1258 305828.5752137442
1259 305882.2262278670
1431 305915.0725829364
1433 305931.7057628258
1576 305931.8133310350
1578 306660.8047899028
1628 306697.5265218687
1629 306795.7932472437
1779 306829.8379013604
1781 307244.0706930937
1953 307255.4429310402
1955 307576.0902750012
2216 307578.4476736490
2218 308433.4973059281
2220 308444.7974543042
2221 309024.0298028900
2481 309054.5223321975
2482 309744.8921548724
2688 309778.2795362295
2692 310125.3769962984
3096 310134.0025718996
3097 310453.5279258514
10001 -2073581.0000000005
evaluations raw_y
1 -2147943.0000000005
3 -2146935.0000000005
5 -2145930.0000000005
7 -2144929.0000000005
9 -2143920.0000000005
11 -2142915.0000000005
13 -2141909.0000000005
16 -2140908.0000000005
17 -2139904.0000000005
24 -2138901.0000000005
26 -2137896.0000000005
27 -2136890.0000000005
28 -2135884.0000000005
29 -2134877.0000000005
31 -2133871.0000000005
32 -2132871.0000000005
33 -2131863.0000000005
35 -2130859.0000000005
36 -2129857.0000000005
38 -2128855.0000000005
40 -2127851.0000000005
42 -2126847.0000000005
43 -2125838.0000000005
44 -2124831.0000000005
45 -2123831.0000000005
50 -2122824.0000000005
52 -2121817.0000000005
53 -2120808.0000000005
54 -2119806.0000000005
55 -2118805.0000000005
60 -2117804.0000000005
61 -2116800.0000000005
64 -2115795.0000000005
65 -2114794.0000000005
67 -2113787.0000000005
68 -2112779.0000000005
70 -2111779.0000000005
71 -2110776.0000000005
73 -2109776.0000000005
74 -2108775.0000000005
75 -2107775.0000000005
77 -2106768.0000000005
79 -2105765.0000000005
82 -2104759.0000000005
83 -2103758.0000000005
85 -2102752.0000000005
87 -2101746.0000000005
88 -2100745.0000000005
89 -2099745.0000000005
91 -2098739.0000000005
97 -2097736.0000000005
98 -2096736.0000000005
101 -2095728.0000000005
103 -2094723.0000000005
104 -2093717.0000000005
105 -2092716.0000000005
110 -2091713.0000000005
115 -2090706.0000000005
116 -2089697.0000000005
117 -2088697.0000000005
119 -2087697.0000000005
120 -2086688.0000000005
121 -2085680.0000000005
124 -2084671.0000000005
126 -2083665.0000000005
129 -2082657.0000000005
131 -2081649.0000000005
132 -2080647.0000000005
133 -2079647.0000000005
137 -2078638.0000000005
138 -2077634.0000000005
139 -2076625.0000000005
146 -2075619.0000000005
151 -2074618.0000000005
153 -2073614.0000000005
156 308681.3593276844
207 308696.6259148571
209 309282.3056223695
255 309288.3456173642
256 309630.5755456836
275 309650.0471461454
277 310033.2067627086
289 310056.0286366983
291 310126.6207471501
309 310127.4563972719
310 310427.8704806888
329 310466.7768059215
330 311386.0776881908
460 311390.2647501774
461 311696.0548222902
800 311710.6615809089
802 311901.2021191568
815 311918.8988163022
817 312010.6979057096
948 312047.2826992156
950 312291.0143207851
1026 312294.6000241074
1027 312708.8908129780
2391 312725.8030763239
2392 313318.2349835598
2512 313357.0468595871
2513 313784.8049062688
2592 313810.9702245092
2595 314559.8429673002
3913 314565.9758553758
3916 315203.1303811342
6348 315230.9488240185
6349 315261.9850466592
6746 315273.4495476626
6748 315789.9743505968
10001 -2073609.0000000005
evaluations raw_y
1 -2143892.0000000005
3 -2142883.0000000005
4 -2141879.0000000005
5 -2140879.0000000005
9 -2139876.0000000005
11 -2138872.0000000005
12 -2137867.0000000005
13 -2136863.0000000005
14 -2135862.0000000005
16 -2134856.0000000005
19 -2133849.0000000005
21 -2132845.0000000005
22 -2131837.0000000005
23 -2130829.0000000005
25 -2129829.0000000005
26 -2128829.0000000005
28 -2127820.0000000005
32 -2126811.0000000005
33 -2125804.0000000005
34 -2124798.0000000005
36 -2123789.0000000005
37 -2122780.0000000005
38 -2121779.0000000005
39 -2120774.0000000005
40 -2119771.0000000005
44 -2118770.0000000005
48 -2117765.0000000005
50 -2116764.0000000005
55 -2115759.0000000005
57 -2114750.0000000005
58 -2113750.0000000005
59 -2112746.0000000005
62 -2111739.0000000005
64 -2110737.0000000005
65 -2109733.0000000005
68 -2108731.0000000005
71 -2107728.0000000005
73 -2106726.0000000005
80 -2105724.0000000005
82 -2104715.0000000005
86 -2103713.0000000005
88 -2102713.0000000005
93 -2101707.0000000005
94 -2100698.0000000005
97 -2099696.0000000005
98 -2098691.0000000005
100 -2097690.0000000005
102 -2096683.0000000005
103 -2095679.0000000005
104 -2094675.0000000005
105 -2093666.0000000005
108 -2092657.0000000005
109 -2091648.0000000005
110 -2090647.0000000005
111 -2089640.0000000005
114 -2088635.0000000005
115 -2087631.0000000005
116 -2086631.0000000005
121 -2085627.0000000005
124 -2084619.0000000005
125 -2083611.0000000005
126 -2082608.0000000005
128 -2081605.0000000005
132 -2080605.0000000005
139 -2079597.0000000005
144 -2078593.0000000005
147 -2077587.0000000005
150 -2076585.0000000005
151 -2075585.0000000005
152 -2074578.0000000005
153 -2073569.0000000005
154 307683.2802244583
167 307707.1314267211
168 308601.9894847360
300 308603.2369457553
304 309533.0416904985
638 309557.9083113568
640 310020.4208392897
715 310049.3467313281
716 310391.1034872488
788 310431.2219969393
789 310474.7058797848
824 310516.5054315967
826 311364.6297080580
926 311383.2467442783
929 311538.6702502415
949 311577.8860172849
950 312326.2490209353
1029 312339.4234889278
1030 313226.4729308261
1210 313245.9647316192
1214 313932.7155334887
1230 313936.9703277460
1231 313972.8594638335
1293 313984.9543918030
1296 314437.3374157093
1458 314453.8856891267
1460 314870.8385507116
1490 314885.3508065065
1491 314888.1862723379
1643 314900.9362285931
1645 315232.8637185327
1792 315243.3298190885
1794 315963.0247304370
1823 316000.0857175977
1824 316479.8577217502
1856 316516.8290603666
1859 317099.0983312273
1887 317113.3323795943
1890 317656.0699864715
1976 317676.0488286231
1977 318353.1548266810
2056 318382.9102946299
2062 319276.1889387337
2263 319311.8787164583
2265 319631.4972848645
2584 319674.7563821488
2587 320628.1469228002
3203 320630.0570445403
3204 320763.6650994046
4231 320766.0915137761
4232 321486.1333371173
4249 321496.3707557415
4250 321836.9953730345
10001 -2073562.0000000005
evaluations raw_y
1 -2153947.0000000005
2 -2152943.0000000005
3 -2151941.0000000005
4 -2150940.0000000005
5 -2149935.0000000005
6 -2148932.0000000005
7 -2147931.0000000005
9 -2146927.0000000005
10 -2145926.0000000005
11 -2144924.0000000005
13 -2143924.0000000005
14 -2142917.0000000005
17 -2141909.0000000005
22 -2140904.0000000005
23 -2139896.0000000005
24 -2138896.0000000005
26 -2137893.0000000005
27 -2136890.0000000005
28 -2135889.0000000005
29 -2134885.0000000005
30 -2133877.0000000005
32 -2132873.0000000005
34 -2131872.0000000005
36 -2130864.0000000005
37 -2129858.0000000005
40 -2128851.0000000005
42 -2127844.0000000005
43 -2126835.0000000005
44 -2125831.0000000005
45 -2124831.0000000005
46 -2123826.0000000005
47 -2122818.0000000005
48 -2121813.0000000005
50 -2120804.0000000005
51 -2119804.0000000005
54 -2118796.0000000005
58 -2117787.0000000005
60 -2116781.0000000005
62 -2115772.0000000005
63 -2114763.0000000005
65 -2113760.0000000005
67 -2112757.0000000005
68 -2111749.0000000005
70 -2110748.0000000005
75 -2109743.0000000005
76 -2108736.0000000005
78 -2107729.0000000005
79 -2106729.0000000005
90 -2105728.0000000005
93 -2104727.0000000005
94 -2103721.0000000005
101 -2102718.0000000005
105 -2101713.0000000005
106 -2100710.0000000005
108 -2099708.0000000005
109 -2098702.0000000005
111 -2097699.0000000005
113 -2096692.0000000005
114 -2095690.0000000005
116 -2094685.0000000005
117 -2093679.0000000005
118 -2092678.0000000005
119 -2091673.0000000005
121 -2090672.0000000005
123 -2089667.0000000005
129 -2088660.0000000005
132 -2087652.0000000005
133 -2086646.0000000005
135 -2085640.0000000005
136 -2084632.0000000005
138 -2083625.0000000005
142 -2082620.0000000005
143 -2081612.0000000005
145 -2080612.0000000005
146 -2079607.0000000005
147 -2078606.0000000005
148 -2077599.0000000005
150 -2076596.0000000005
152 -2075588.0000000005
153 -2074581.0000000005
155 -2073581.0000000005
156 304678.9225166872
221 304701.7479006933
222 304937.6147093224
290 304949.5755117524
291 305010.7609782408
292 305044.0234315449
294 305735.2557554001
481 305748.4270036980
482 305965.5686204656
527 305973.8048366252
528 306479.5748579076
560 306514.1381320651
561 306709.6851596362
594 306744.7292327518
597 307367.0942713827
740 307382.0222632286
742 307500.4694684615
792 307514.8329953395
796 308421.3594132941
1224 308444.9710070876
1226 308548.4066063813
1563 308560.4325211379
1564 308733.2431014447
1793 308758.7898010099
1794 309535.2410469598
1866 309569.5117888284
1868 309866.0472369792
2136 309880.1293028355
2137 310658.9749444186
2149 310666.0559506622
2151 311314.0016478740
2312 311320.4187724475
2313 311378.5315556658
4267 311378.8357597084
4268 312266.4454734778
5018 312266.6698044256
5019 312867.3302178287
5452 312877.9855035821
5454 312913.5123053666
10001 312396.1236766635
evaluations raw_y
1 -2139963.0000000005
2 -2138956.0000000005
5 -2137952.0000000005
6 -2136943.0000000005
11 -2135942.0000000005
12 -2134935.0000000005
14 -2133926.0000000005
25 -2132918.0000000005
28 -2131910.0000000005
30 -2130906.0000000005
33 -2129901.0000000005
34 -2128892.0000000005
37 -2127885.0000000005
39 -2126878.0000000005
40 -2125873.0000000005
41 -2124867.0000000005
42 -2123863.0000000005
46 -2122862.0000000005
48 -2121860.0000000005
50 -2120854.0000000005
52 -2119848.0000000005
53 -2118840.0000000005
54 -2117833.0000000005
55 -2116829.0000000005
56 -2115829.0000000005
57 -2114829.0000000005
59 -2113821.0000000005
61 -2112818.0000000005
62 -2111818.0000000005
63 -2110811.0000000005
64 -2109806.0000000005
66 -2108803.0000000005
67 -2107798.0000000005
71 -2106794.0000000005
72 -2105785.0000000005
74 -2104776.0000000005
75 -2103770.0000000005
76 -2102762.0000000005
78 -2101761.0000000005
80 -2100754.0000000005
81 -2099749.0000000005
85 -2098745.0000000005
86 -2097738.0000000005
87 -2096737.0000000005
89 -2095736.0000000005
91 -2094731.0000000005
92 -2093723.0000000005
98 -2092722.0000000005
101 -2091720.0000000005
107 -2090714.0000000005
108 -2089707.0000000005
110 -2088704.0000000005
111 -2087697.0000000005
116 -2086696.0000000005
117 -2085692.0000000005
119 -2084689.0000000005
120 -2083685.0000000005
122 -2082684.0000000005
124 -2081676.0000000005
125 -2080672.0000000005
126 -2079665.0000000005
130 -2078661.0000000005
131 -2077660.0000000005
132 -2076653.0000000005
133 -2075647.0000000005
134 -2074644.0000000005
135 -2073635.0000000005
137 296599.0621841528
286 296600.6369048078
288 297056.8267227841
430 297077.9528709259
432 297692.3345595924
713 297711.9860825190
715 298038.9777265312
730 298053.3091873916
731 298522.4625777813
750 298558.8300902161
751 299084.8359040898
906 299101.6397849307
908 299357.6440000142
980 299382.3681991716
981 299974.6210113290
1094 299976.8518936948
1095 300184.3720199969
1135 300200.3262098497
1136 300552.7171492270
1172 300561.6767571100
1173 300630.5597882563
1282 300649.2898887039
1283 300766.0306425594
1602 300768.0772537991
1603 300878.8918387202
1700 300886.3709086831
1701 301116.8053510864
1743 301155.7626884511
1744 301294.4493975868
1805 301316.1614880142
1806 301477.4616953180
2600 301488.5529367269
2602 302046.0896890073
3937 302075.1175703831
3939 302763.0118963560
10001 302233.4837773797
evaluations raw_y
1 -2132879.0000000005
2 -2131878.0000000005
3 -2130873.0000000005
5 -2129866.0000000005
6 -2128865.0000000005
7 -2127857.0000000005
8 -2126856.0000000005
10 -2125847.0000000005
11 -2124838.0000000005
12 -2123830.0000000005
16 -2122829.0000000005
17 -2121824.0000000005
18 -2120823.0000000005
20 -2119814.0000000005
23 -2118807.0000000005
30 -2117806.0000000005
32 -2116804.0000000005
34 -2115796.0000000005
35 -2114787.0000000005
39 -2113778.0000000005
43 -2112773.0000000005
45 -2111773.0000000005
48 -2110764.0000000005
50 -2109759.0000000005
51 -2108759.0000000005
53 -2107751.0000000005
58 -2106747.0000000005
59 -2105738.0000000005
66 -2104738.0000000005
68 -2103733.0000000005
69 -2102728.0000000005
70 -2101720.0000000005
71 -2100711.0000000005
75 -2099706.0000000005
76 -2098697.0000000005
78 -2097689.0000000005
79 -2096681.0000000005
81 -2095673.0000000005
82 -2094667.0000000005
85 -2093661.0000000005
87 -2092660.0000000005
89 -2091654.0000000005
90 -2090651.0000000005
92 -2089646.0000000005
95 -2088646.0000000005
96 -2087637.0000000005
97 -2086634.0000000005
100 -2085634.0000000005
101 -2084627.0000000005
102 -2083618.0000000005
103 -2082613.0000000005
109 -2081612.0000000005
110 -2080604.0000000005
111 -2079599.0000000005
114 -2078596.0000000005
117 -2077594.0000000005
120 -2076594.0000000005
121 -2075589.0000000005
123 -2074583.0000000005
124 -2073579.0000000005
126 299707.4666477209
260 299741.7308375607
262 300247.6282166626
332 300261.6594691498
333 300587.7378420960
366 300620.3265419734
367 301566.1112522036
417 301584.0350789374
422 301821.2094076316
448 301855.0894994227
452 302816.1392376988
539 302856.3057763985
540 303442.7322105078
800 303444.9819652950
802 304034.0789366204
870 304034.2152090574
873 304606.6022224638
887 304629.0409771883
888 304820.0516249448
1300 304831.7610534829
1301 305385.3250270044
1350 305401.6267244581
1351 306011.5580519564
1384 306046.5987738635
1385 306128.2141606997
1387 306146.0708234288
1391 306203.9505428413
1615 306227.4074704592
1617 306574.1370960880
2446 306581.0901551329
2448 307283.3256969980
2459 307292.5170211815
2463 308143.7345141003
3359 308154.1002025287
3361 308344.6138985411
10001 308115.5468856535
evaluations raw_y
1 -2108730.0000000005
3 -2107729.0000000005
5 -2106728.0000000005
7 -2105721.0000000005
10 -2104713.0000000005
11 -2103707.0000000005
14 -2102704.0000000005
19 -2101703.0000000005
22 -2100703.0000000005
23 -2099698.0000000005
24 -2098691.0000000005
25 -2097689.0000000005
31 -2096681.0000000005
38 -2095681.0000000005
39 -2094679.0000000005
42 -2093675.0000000005
43 -2092667.0000000005
47 -2091667.0000000005
48 -2090661.0000000005
52 -2089660.0000000005
64 -2088659.0000000005
68 -2087650.0000000005
73 -2086641.0000000005
74 -2085641.0000000005
78 -2084638.0000000005
79 -2083634.0000000005
80 -2082632.0000000005
81 -2081631.0000000005
86 -2080629.0000000005
87 -2079624.0000000005
88 -2078624.0000000005
89 -2077623.0000000005
90 -2076623.0000000005
94 -2075616.0000000005
96 -2074612.0000000005
103 -2073603.0000000005
104 306560.3208656476
151 306570.2435202867
154 307083.8988789326
203 307102.3621057388
205 307469.7235053427
225 307483.8816998965
228 308140.1031777826
356 308148.5405080830
358 308248.7348248396
393 308249.4513882596
395 308752.9141160258
406 308761.1289356026
408 308853.3946759140
608 308887.1586303110
609 309076.9580633022
953 309090.5282779441
955 309872.3844436298
1128 309908.7924402258
1130 310831.7545892561
1182 310838.3363032561
1184 311727.1502315503
1506 311753.8091824859
1507 312549.3649307543
1590 312582.7228485090
1591 312602.5336687903
2031 312611.7228839888
2032 313253.5227759942
2055 313267.4231356474
2056 313585.8252456954
3256 313603.4567371754
3262 314075.9796364343
3288 314078.0412358518
3289 314602.3222037232
5558 314609.8732519097
5559 315225.7420410061
10001 -2073607.0000000005
evaluations raw_y
1 -2123850.0000000005
2 -2122846.0000000005
5 -2121841.0000000005
6 -2120833.0000000005
7 -2119825.0000000005
9 -2118820.0000000005
11 -2117814.0000000005
12 -2116807.0000000005
14 -2115806.0000000005
15 -2114805.0000000005
17 -2113804.0000000005
18 -2112803.0000000005
19 -2111802.0000000005
21 -2110796.0000000005
23 -2109794.0000000005
24 -2108787.0000000005
25 -2107781.0000000005
26 -2106773.0000000005
27 -2105768.0000000005
35 -2104761.0000000005
37 -2103761.0000000005
38 -2102758.0000000005
39 -2101749.0000000005
44 -2100749.0000000005
48 -2099742.0000000005
49 -2098736.0000000005
50 -2097734.0000000005
56 -2096729.0000000005
59 -2095720.0000000005
61 -2094718.0000000005
64 -2093718.0000000005
70 -2092709.0000000005
71 -2091704.0000000005
72 -2090699.0000000005
73 -2089691.0000000005
74 -2088685.0000000005
75 -2087677.0000000005
79 -2086672.0000000005
80 -2085663.0000000005
83 -2084658.0000000005
85 -2083654.0000000005
86 -2082647.0000000005
88 -2081639.0000000005
89 -2080638.0000000005
90 -2079634.0000000005
91 -2078625.0000000005
92 -2077623.0000000005
95 -2076621.0000000005
98 -2075616.0000000005
101 -2074607.0000000005
103 -2073600.0000000005
104 305960.4792634741
166 305973.6672971566
167 306432.4891548519
201 306433.2951541261
202 306562.9320547522
214 306576.5977339051
216 307168.4264345615
274 307179.2472845349
276 307889.8580949789
289 307922.2421136718
290 308322.0074945602
324 308350.3305701259
325 308455.6753139417
425 308459.3848683819
426 309084.7746278800
436 309094.5422521211
437 309574.2356917032
651 309601.0222872009
653 309754.6681382743
724 309760.7109824609
726 310152.9296600997
855 310167.5394324271
856 310857.7645838711
894 310866.5609179490
895 311797.7790513089
1338 311818.0533576900
1340 312460.0486943615
1474 312493.3377935840
1477 312678.7986943594
1573 312702.6371394117
1575 312756.5111534680
1932 312757.2751582941
1934 313644.7716042983
2124 313655.7126778907
2126 314457.1785353118
2169 314463.4750263625
2171 314806.2596661980
2400 314841.1646867849
2401 315575.3382562221
2565 315598.6490554751
2566 316015.6752402937
3658 316051.5032382088
3659 316329.1885135956
10001 -2073626.0000000005
evaluations raw_y
1 -2119880.0000000005
4 -2118873.0000000005
11 -2117873.0000000005
12 -2116864.0000000005
13 -2115856.0000000005
16 -2114851.0000000005
17 -2113848.0000000005
19 -2112839.0000000005
20 -2111834.0000000005
21 -2110832.0000000005
27 -2109826.0000000005
30 -2108819.0000000005
31 -2107816.0000000005
36 -2106816.0000000005
38 -2105807.0000000005
39 -2104805.0000000005
40 -2103805.0000000005
41 -2102801.0000000005
42 -2101796.0000000005
45 -2100789.0000000005
47 -2099783.0000000005
48 -2098774.0000000005
49 -2097773.0000000005
54 -2096769.0000000005
56 -2095761.0000000005
57 -2094760.0000000005
60 -2093754.0000000005
62 -2092753.0000000005
63 -2091745.0000000005
65 -2090742.0000000005
68 -2089736.0000000005
70 -2088736.0000000005
73 -2087729.0000000005
76 -2086724.0000000005
80 -2085715.0000000005
81 -2084711.0000000005
83 -2083705.0000000005
85 -2082696.0000000005
88 -2081688.0000000005
90 -2080681.0000000005
92 -2079672.0000000005
96 -2078667.0000000005
97 -2077658.0000000005
98 -2076657.0000000005
101 -2075657.0000000005
103 -2074651.0000000005
104 -2073647.0000000005
105 313058.1072941694
190 313061.1694010973
191 313212.3110108749
232 313218.7210746103
234 313231.5071916588
373 313261.9945013131
374 313638.8303476137
419 313647.5946800569
420 314285.5773626718
519 314289.0204236906
520 315235.2846174307
1118 315272.6951857105
1119 315716.7671994032
1123 315737.4086517510
1124 316271.2151809859
1144 316308.8278137808
1145 316610.8991256519
1225 316625.3965005676
1226 316773.7615516862
1276 316811.8190884013
1277 317413.7602297639
1607 317450.8665441687
1608 317592.8009847045
1922 317618.9478311416
1923 318533.3687205673
2523 318536.4982158338
2524 319217.9185378470
4603 319231.2762124013
4604 319530.0476641036
10001 -2073629.0000000005
evaluations raw_y
1 -2147876.0000000005
4 -2146872.0000000005
6 -2145868.0000000005
7 -2144862.0000000005
10 -2143861.0000000005
11 -2142860.0000000005
12 -2141855.0000000005
13 -2140852.0000000005
16 -2139847.0000000005
17 -2138839.0000000005
19 -2137833.0000000005
20 -2136825.0000000005
22 -2135820.0000000005
23 -2134819.0000000005
26 -2133814.0000000005
27 -2132809.0000000005
28 -2131801.0000000005
29 -2130800.0000000005
30 -2129799.0000000005
35 -2128791.0000000005
37 -2127782.0000000005
38 -2126781.0000000005
39 -2125781.0000000005
41 -2124780.0000000005
43 -2123773.0000000005
45 -2122765.0000000005
46 -2121762.0000000005
47 -2120762.0000000005
48 -2119754.0000000005
49 -2118754.0000000005
50 -2117749.0000000005
51 -2116749.0000000005
54 -2115743.0000000005
61 -2114734.0000000005
63 -2113734.0000000005
64 -2112728.0000000005
65 -2111725.0000000005
66 -2110718.0000000005
69 -2109711.0000000005
75 -2108707.0000000005
76 -2107704.0000000005
77 -2106702.0000000005
78 -2105702.0000000005
79 -2104695.0000000005
80 -2103690.0000000005
81 -2102690.0000000005
83 -2101685.0000000005
88 -2100683.0000000005
89 -2099674.0000000005
90 -2098670.0000000005
95 -2097670.0000000005
96 -2096661.0000000005
97 -2095654.0000000005
98 -2094648.0000000005
100 -2093642.0000000005
101 -2092641.0000000005
104 -2091641.0000000005
108 -2090637.0000000005
110 -2089637.0000000005
112 -2088630.0000000005
113 -2087630.0000000005
114 -2086630.0000000005
117 -2085624.0000000005
118 -2084618.0000000005
119 -2083610.0000000005
125 -2082609.0000000005
127 -2081606.0000000005
129 -2080601.0000000005
132 -2079593.0000000005
133 -2078590.0000000005
135 -2077587.0000000005
136 -2076582.0000000005
138 -2075582.0000000005
139 -2074573.0000000005
140 -2073568.0000000005
145 306593.0575271320
161 306629.8155328587
164 307268.5212549767
217 307287.9348161432
219 308062.9965952667
324 308074.8048714317
325 308300.4954602598
348 308311.6636940096
350 309180.8474715168
362 309188.3879280184
363 309377.1508497078
519 309379.5845692632
520 310172.4499513763
624 310188.6792226390
625 310852.1389799806
676 310863.2548943671
678 311642.2421263577
903 311675.0526892833
904 312025.4168903017
936 312046.7943904906
938 312242.7141512110
949 312249.0164781222
950 312609.4866178851
1040 312636.9747365642
1041 312751.0844844367
1047 312764.8858076615
1049 313640.1420113874
1175 313649.2452263383
1179 314528.9581152824
1260 314530.1495687088
1261 314556.4067478235
1401 314566.7028509688
1402 315392.8768472173
1616 315395.1292349187
1619 315932.8972962848
1823 315934.6897794929
1824 316096.8836303037
1946 316126.0991183380
1954 316843.1288076479
2253 316855.7689457886
2256 317193.0177017014
2374 317195.2130742623
2375 317254.6823803719
2634 317290.6167862529
2636 318112.0430828627
4049 318126.9176358965
4055 318936.1608576999
4643 318972.6302126555
4644 319648.6235978350
10001 319334.4680863058
evaluations raw_y
1 -2132853.0000000005
3 -2131846.0000000005
4 -2130841.0000000005
5 -2129833.0000000005
7 -2128827.0000000005
8 -2127824.0000000005
9 -2126822.0000000005
10 -2125820.0000000005
11 -2124817.0000000005
13 -2123814.0000000005
14 -2122809.0000000005
16 -2121807.0000000005
17 -2120805.0000000005
19 -2119803.0000000005
22 -2118798.0000000005
23 -2117789.0000000005
24 -2116780.0000000005
25 -2115771.0000000005
26 -2114770.0000000005
28 -2113763.0000000005
30 -2112763.0000000005
32 -2111759.0000000005
35 -2110751.0000000005
40 -2109750.0000000005
41 -2108741.0000000005
42 -2107740.0000000005
44 -2106737.0000000005
46 -2105732.0000000005
48 -2104728.0000000005
49 -2103725.0000000005
51 -2102723.0000000005
53 -2101722.0000000005
54 -2100720.0000000005
55 -2099717.0000000005
56 -2098711.0000000005
59 -2097704.0000000005
60 -2096704.0000000005
61 -2095701.0000000005
64 -2094692.0000000005
68 -2093687.0000000005
69 -2092686.0000000005
72 -2091685.0000000005
75 -2090680.0000000005
77 -2089671.0000000005
78 -2088662.0000000005
79 -2087658.0000000005
82 -2086653.0000000005
83 -2085646.0000000005
85 -2084642.0000000005
86 -2083636.0000000005
87 -2082630.0000000005
89 -2081630.0000000005
90 -2080628.0000000005
91 -2079622.0000000005
93 -2078614.0000000005
99 -2077614.0000000005
100 -2076614.0000000005
102 -2075613.0000000005
104 -2074609.0000000005
106 -2073603.0000000005
107 318393.7041862541
122 318399.7481565175
124 318567.6321231188
293 318569.0885688588
294 318918.9252437975
406 318935.4574284652
407 319198.2518285308
459 319214.0029373473
460 319275.1817788277
783 319299.4853241516
785 319503.2728583658
796 319516.7357240827
798 320343.7039465467
803 320379.3905458670
805 320934.7475302120
839 320945.4883910617
840 321348.3896925947
1360 321384.2425029443
1361 321391.8555544095
1696 321419.9845452658
1699 322167.4459739266
1882 322181.0669137779
1883 322433.5847666166
2166 322448.2253035420
2168 323396.8939821899
2192 323407.3778681121
2193 323600.5433416317
2298 323620.9655471554
2299 324198.8459421879
2496 324199.9271477878
2501 324495.6960725510
2653 324537.0288674844
2654 325385.9288621552
3579 325389.2809804882
3588 326328.0200210880
10001 325614.5629531350
evaluations raw_y
1 -2115774.0000000005
4 -2114773.0000000005
6 -2113772.0000000005
11 -2112766.0000000005
13 -2111760.0000000005
14 -2110754.0000000005
20 -2109750.0000000005
21 -2108745.0000000005
22 -2107737.0000000005
25 -2106728.0000000005
27 -2105722.0000000005
31 -2104719.0000000005
32 -2103711.0000000005
36 -2102711.0000000005
37 -2101707.0000000005
38 -2100705.0000000005
39 -2099700.0000000005
40 -2098694.0000000005
41 -2097685.0000000005
42 -2096681.0000000005
43 -2095672.0000000005
46 -2094670.0000000005
49 -2093663.0000000005
51 -2092657.0000000005
53 -2091656.0000000005
55 -2090648.0000000005
57 -2089641.0000000005
58 -2088640.0000000005
63 -2087640.0000000005
65 -2086631.0000000005
66 -2085631.0000000005
67 -2084625.0000000005
68 -2083618.0000000005
72 -2082613.0000000005
73 -2081607.0000000005
76 -2080601.0000000005
77 -2079594.0000000005
78 -2078592.0000000005
82 -2077586.0000000005
83 -2076585.0000000005
84 -2075583.0000000005
85 -2074577.0000000005
86 -2073577.0000000005
87 300007.9489164455
93 300014.5947356870
94 300416.5049383781
129 300420.6040110190
130 300469.2842892342
140 300488.0090247915
141 301383.2186484029
320 301420.8208490689
321 301607.9473289147
323 301634.1901371122
326 301714.4025809902
409 301735.5498006904
410 301988.3097771572
485 302027.3794831790
486 302925.3822022197
533 302947.9651070994
534 303213.3408526644
593 303237.3824034000
594 303915.2153435624
767 303933.9770346576
768 304335.6280570709
780 304350.1972919639
783 304917.4593311806
817 304956.6283072365
818 305170.9881791100
823 305206.5727160555
829 305506.4349393108
834 305521.4304722089
835 305601.9397220952
847 305640.2087915154
852 305900.5775936439
859 305939.8093600526
861 306242.8337674944
973 306243.8346762194
974 306466.4623921185
1089 306508.0223304451
1091 306826.4771635021
1224 306840.4481211497
1226 306909.7656713473
1391 306929.2240531776
1395 307313.6884321753
1482 307325.3932552930
1483 308151.7555945904
1660 308183.1209493277
1661 308226.7030065521
1992 308230.9403296760
1993 309055.1371239070
2939 309081.9482928957
2940 309362.6217784742
3547 309401.9745679108
3550 310039.8719030424
4858 310059.9679017521
4860 310514.5460063918
10001 310456.9806668749
evaluations raw_y
1 -2117837.0000000005
2 -2116831.0000000005
4 -2115827.0000000005
6 -2114818.0000000005
11 -2113813.0000000005
12 -2112813.0000000005
14 -2111805.0000000005
15 -2110804.0000000005
16 -2109804.0000000005
19 -2108800.0000000005
21 -2107791.0000000005
23 -2106787.0000000005
24 -2105787.0000000005
26 -2104784.0000000005
27 -2103783.0000000005
29 -2102780.0000000005
31 -2101777.0000000005
32 -2100772.0000000005
33 -2099765.0000000005
36 -2098763.0000000005
40 -2097755.0000000005
42 -2096750.0000000005
43 -2095744.0000000005
45 -2094735.0000000005
48 -2093728.0000000005
49 -2092721.0000000005
52 -2091712.0000000005
55 -2090709.0000000005
56 -2089703.0000000005
62 -2088695.0000000005
63 -2087695.0000000005
65 -2086694.0000000005
67 -2085688.0000000005
70 -2084681.0000000005
72 -2083677.0000000005
75 -2082677.0000000005
76 -2081669.0000000005
79 -2080662.0000000005
80 -2079657.0000000005
81 -2078655.0000000005
82 -2077648.0000000005
84 -2076646.0000000005
88 -2075639.0000000005
89 -2074630.0000000005
91 -2073626.0000000005
92 310091.6049114058
141 310132.5483787139
142 310676.6973046678
156 310721.2854574128
157 310956.8414289893
177 310970.1699750733
182 311074.6795043226
183 311081.1396529751
185 311309.7360352399
293 311331.1582927724
295 311880.6064694889
363 311884.5989733716
365 312061.9638655424
392 312085.4227961592
393 312267.9895891551
777 312269.3884569946
780 312911.4948270212
782 312926.8876342828
783 313422.8750555080
960 313423.0196729996
966 314296.3945233853
1007 314316.0684449858
1008 314741.8401528173
1116 314779.9830818584
1118 314799.1569715366
1273 314838.2307628610
1274 315181.2752651930
1456 315192.1798725113
1458 316088.1221140870
1555 316091.5220425906
1558 316138.9310155551
1860 316151.7699677559
1861 316594.7820355511
2051 316633.3434564049
2054 317225.6013803339
3895 317260.4017138124
3898 317285.0252027317
10001 316785.5196285158
evaluations raw_y
1 -2158985.0000000005
3 -2157985.0000000005
4 -2156985.0000000005
5 -2155980.0000000005
7 -2154974.0000000005
8 -2153972.0000000005
10 -2152966.0000000005
13 -2151961.0000000005
14 -2150960.0000000005
15 -2149955.0000000005
17 -2148949.0000000005
18 -2147948.0000000005
20 -2146941.0000000005
22 -2145935.0000000005
23 -2144931.0000000005
25 -2143928.0000000005
26 -2142924.0000000005
27 -2141918.0000000005
28 -2140911.0000000005
30 -2139911.0000000005
31 -2138906.0000000005
33 -2137898.0000000005
34 -2136893.0000000005
35 -2135891.0000000005
36 -2134886.0000000005
37 -2133884.0000000005
38 -2132877.0000000005
41 -2131871.0000000005
42 -2130871.0000000005
45 -2129869.0000000005
46 -2128864.0000000005
49 -2127857.0000000005
51 -2126853.0000000005
52 -2125853.0000000005
55 -2124851.0000000005
56 -2123843.0000000005
57 -2122841.0000000005
59 -2121840.0000000005
63 -2120832.0000000005
64 -2119827.0000000005
65 -2118824.0000000005
67 -2117823.0000000005
68 -2116818.0000000005
71 -2115817.0000000005
72 -2114811.0000000005
74 -2113804.0000000005
78 -2112795.0000000005
79 -2111788.0000000005
82 -2110783.0000000005
87 -2109778.0000000005
88 -2108772.0000000005
89 -2107764.0000000005
91 -2106764.0000000005
92 -2105762.0000000005
93 -2104753.0000000005
96 -2103747.0000000005
100 -2102739.0000000005
105 -2101733.0000000005
109 -2100727.0000000005
110 -2099718.0000000005
111 -2098710.0000000005
113 -2097703.0000000005
115 -2096695.0000000005
117 -2095686.0000000005
118 -2094682.0000000005
119 -2093681.0000000005
120 -2092675.0000000005
121 -2091668.0000000005
123 -2090663.0000000005
128 -2089654.0000000005
133 -2088653.0000000005
135 -2087652.0000000005
136 -2086652.0000000005
140 -2085643.0000000005
141 -2084640.0000000005
142 -2083632.0000000005
143 -2082623.0000000005
144 -2081616.0000000005
146 -2080616.0000000005
148 -2079612.0000000005
151 -2078609.0000000005
153 -2077600.0000000005
154 -2076591.0000000005
156 -2075585.0000000005
158 -2074582.0000000005
161 -2073581.0000000005
162 301760.8516848584
174 301800.2077200764
177 302217.6391571732
205 302229.2482451435
206 302777.0368004080
243 302779.6047020057
245 303314.2837364439
304 303330.6777277475
305 304128.9156820562
316 304143.4156337117
317 304948.9417601242
363 304965.0609799177
365 305024.4944463813
471 305032.0376574734
472 305720.0710871593
630 305722.2982624475
632 306374.6280174691
765 306386.4515055803
768 306567.2022607300
969 306579.8234381611
970 307050.2025138095
989 307086.4422662124
990 307188.0069215196
1182 307192.5392051748
1184 307985.6874944067
1632 308001.6628815326
1633 308669.4014061416
1666 308688.7524714115
1669 309546.7933872923
1721 309557.1915012655
1722 310220.8827242153
2377 310236.9912361510
2379 310947.4097780063
2480 310953.7894496347
2481 311281.7982946202
3514 311306.0627899251
3518 311614.8787630115
3689 311633.8123764112
3690 312436.6731683629
5996 312473.2687429216
5997 312584.0975953767
10001 311640.6439028809
evaluations raw_y
1 -2115777.0000000005
5 -2114770.0000000005
7 -2113764.0000000005
8 -2112758.0000000005
9 -2111750.0000000005
12 -2110747.0000000005
13 -2109741.0000000005
19 -2108735.0000000005
21 -2107727.0000000005
24 -2106721.0000000005
25 -2105721.0000000005
26 -2104714.0000000005
27 -2103705.0000000005
29 -2102704.0000000005
31 -2101703.0000000005
32 -2100702.0000000005
33 -2099699.0000000005
34 -2098697.0000000005
35 -2097697.0000000005
36 -2096691.0000000005
38 -2095685.0000000005
39 -2094684.0000000005
47 -2093684.0000000005
49 -2092680.0000000005
52 -2091676.0000000005
54 -2090676.0000000005
55 -2089673.0000000005
57 -2088664.0000000005
58 -2087656.0000000005
59 -2086655.0000000005
60 -2085646.0000000005
62 -2084640.0000000005
63 -2083637.0000000005
65 -2082631.0000000005
66 -2081629.0000000005
67 -2080624.0000000005
68 -2079615.0000000005
70 -2078611.0000000005
76 -2077607.0000000005
77 -2076607.0000000005
80 -2075606.0000000005
82 -2074605.0000000005
84 -2073603.0000000005
87 311497.5925126626
104 311512.0639280083
105 311777.0842492855
249 311796.7375211173
251 312503.9358815447
268 312521.5413122742
269 313100.0548481558
526 313116.9124823217
527 313368.0569353398
630 313368.6698255798
633 314098.6221155918
671 314113.7820157949
672 314374.2072083107
680 314414.0592809650
681 315302.5610680119
684 315312.2972118176
688 315639.4856675235
694 315647.6093588924
697 315885.1069970890
699 315921.8928914026
701 316491.5480524122
729 316502.2330664569
730 316583.1600459088
888 316589.9086572429
889 316921.6498043363
1443 316926.6139905438
1445 316976.0043795963
1862 316998.0189658088
1864 317347.5072997872
1964 317371.9898138196
1969 317627.7208707794
2018 317629.6759120168
2019 318083.0099631078
2639 318119.2105933144
2640 318687.9482757383
2904 318706.2197804903
2905 319397.4481841385
10001 319142.2839508893
evaluations raw_y
1 -2126809.0000000005
2 -2125801.0000000005
3 -2124794.0000000005
4 -2123785.0000000005
9 -2122779.0000000005
10 -2121774.0000000005
15 -2120773.0000000005
16 -2119764.0000000005
17 -2118762.0000000005
19 -2117756.0000000005
20 -2116748.0000000005
26 -2115743.0000000005
29 -2114737.0000000005
31 -2113733.0000000005
34 -2112726.0000000005
40 -2111724.0000000005
41 -2110715.0000000005
45 -2109713.0000000005
46 -2108704.0000000005
47 -2107698.0000000005
48 -2106695.0000000005
49 -2105693.0000000005
51 -2104686.0000000005
54 -2103677.0000000005
58 -2102677.0000000005
59 -2101675.0000000005
62 -2100668.0000000005
64 -2099666.0000000005
68 -2098665.0000000005
69 -2097656.0000000005
72 -2096652.0000000005
73 -2095652.0000000005
74 -2094647.0000000005
81 -2093647.0000000005
82 -2092643.0000000005
83 -2091641.0000000005
84 -2090633.0000000005
86 -2089632.0000000005
91 -2088625.0000000005
92 -2087624.0000000005
94 -2086622.0000000005
96 -2085615.0000000005
101 -2084614.0000000005
102 -2083609.0000000005
106 -2082600.0000000005
107 -2081599.0000000005
111 -2080599.0000000005
112 -2079598.0000000005
113 -2078597.0000000005
115 -2077590.0000000005
116 -2076584.0000000005
119 -2075584.0000000005
120 -2074578.0000000005
124 -2073577.0000000005
125 312242.7394145646
278 312264.6678020278
279 312423.6452001120
511 312434.4015186300
512 313051.0838067138
545 313067.9525277400
546 313144.1965907924
915 313146.0905947526
923 313308.1965907924
983 313344.6117261918
987 314088.7108012333
1038 314107.8379039557
1039 314717.4933860077
1075 314754.3544986630
1079 315077.5767029929
1091 315087.2172375874
1093 315452.1132185688
1426 315477.6326213240
1431 315503.0323064187
1433 315514.4071122449
1435 315647.1481807030
1689 315686.7347791976
1690 316564.8229853757
1716 316585.4922201480
1717 316868.5646208661
2016 316905.5143388290
2017 317151.6579348380
2069 317163.3904388972
2070 317324.7226586336
2744 317329.9264414993
2748 317868.2544349413
2846 317871.2221028363
2849 317957.6667843167
4453 317977.9966508833
4455 318132.0669005151
4816 318147.2080508036
4818 319073.2693333928
5277 319098.5489443491
5281 319351.8004852069
6818 319352.6432155119
6819 319832.3403185068
10001 -2073588.0000000005
evaluations raw_y
1 -2127912.0000000005
4 -2126911.0000000005
5 -2125906.0000000005
6 -2124897.0000000005
8 -2123891.0000000005
9 -2122891.0000000005
13 -2121887.0000000005
14 -2120880.0000000005
19 -2119875.0000000005
20 -2118868.0000000005
21 -2117862.0000000005
28 -2116862.0000000005
29 -2115857.0000000005
30 -2114857.0000000005
33 -2113849.0000000005
36 -2112844.0000000005
38 -2111838.0000000005
40 -2110834.0000000005
43 -2109830.0000000005
45 -2108824.0000000005
50 -2107820.0000000005
51 -2106815.0000000005
52 -2105807.0000000005
53 -2104803.0000000005
56 -2103801.0000000005
57 -2102795.0000000005
58 -2101788.0000000005
62 -2100781.0000000005
63 -2099781.0000000005
65 -2098776.0000000005
66 -2097776.0000000005
67 -2096770.0000000005
68 -2095764.0000000005
69 -2094764.0000000005
70 -2093761.0000000005
71 -2092761.0000000005
72 -2091757.0000000005
73 -2090755.0000000005
77 -2089747.0000000005
79 -2088740.0000000005
80 -2087736.0000000005
81 -2086736.0000000005
83 -2085735.0000000005
87 -2084733.0000000005
88 -2083733.0000000005
89 -2082727.0000000005
91 -2081718.0000000005
93 -2080717.0000000005
95 -2079712.0000000005
97 -2078707.0000000005
98 -2077701.0000000005
99 -2076695.0000000005
100 -2075689.0000000005
103 -2074686.0000000005
105 -2073683.0000000005
106 -2072680.0000000005
107 305989.8593234455
110 306529.0277279944
132 306560.3434875474
135 307473.2596974939
194 307485.3312739838
196 307620.4888651044
206 307627.8000405971
208 307957.9342110169
235 307977.8394651774
238 308301.4631467866
510 308302.0336993493
511 309017.8606197559
522 309052.3360063486
524 309961.9093839375
556 309971.8290704606
560 310144.2360729932
573 310163.5135626557
574 310488.3626470369
621 310496.5992078912
623 311083.1880118140
637 311095.1100735106
638 311585.8022934605
718 311598.7264140319
719 312465.4748902508
923 312492.8314344921
925 312520.6983022673
972 312530.2647654214
973 313112.9941451240
1433 313127.8825795270
1434 313289.1635696041
1735 313323.2569134905
1738 314222.1933099162
2065 314227.8440390563
2067 314332.4528409045
2231 314346.6954119289
2234 315035.2609989430
2390 315049.4503862470
2391 315287.7154393616
3340 315305.4804073444
3345 315828.6537159295
3753 315863.1210393745
3755 315936.1917778634
3835 315961.7557808013
3836 316094.9362288571
10001 -2073668.0000000005
evaluations raw_y
1 -2141018.0000000005
8 -2140017.0000000005
9 -2139011.0000000005
10 -2138008.0000000005
12 -2137007.0000000005
13 -2136007.0000000005
14 -2135002.0000000005
15 -2133996.0000000005
20 -2132995.0000000005
21 -2131987.0000000005
23 -2130985.0000000005
25 -2129984.0000000005
27 -2128975.0000000005
28 -2127968.0000000005
29 -2126963.0000000005
31 -2125956.0000000005
32 -2124954.0000000005
33 -2123946.0000000005
34 -2122943.0000000005
35 -2121937.0000000005
37 -2120936.0000000005
38 -2119927.0000000005
39 -2118926.0000000005
40 -2117918.0000000005
42 -2116911.0000000005
46 -2115908.0000000005
48 -2114903.0000000005
49 -2113898.0000000005
50 -2112895.0000000005
55 -2111890.0000000005
62 -2110890.0000000005
72 -2109884.0000000005
74 -2108884.0000000005
76 -2107878.0000000005
77 -2106872.0000000005
79 -2105867.0000000005
81 -2104864.0000000005
83 -2103856.0000000005
84 -2102853.0000000005
85 -2101848.0000000005
87 -2100846.0000000005
88 -2099839.0000000005
89 -2098834.0000000005
91 -2097825.0000000005
92 -2096825.0000000005
93 -2095819.0000000005
95 -2094812.0000000005
99 -2093811.0000000005
101 -2092807.0000000005
104 -2091803.0000000005
105 -2090797.0000000005
109 -2089791.0000000005
111 -2088786.0000000005
118 -2087782.0000000005
120 -2086774.0000000005
129 -2085765.0000000005
130 -2084764.0000000005
131 -2083761.0000000005
132 -2082761.0000000005
133 -2081753.0000000005
134 -2080751.0000000005
135 -2079749.0000000005
137 -2078740.0000000005
141 -2077732.0000000005
142 -2076725.0000000005
144 -2075719.0000000005
145 -2074710.0000000005
146 -2073704.0000000005
147 -2072703.0000000005
151 306081.4259386818
172 306124.0631924337
175 306515.8870612004
226 306518.2473359129
227 306573.2729200926
312 306610.5255979443
315 306856.5790522999
355 306862.7481210071
357 307182.4536780012
430 307203.9259951093
433 307516.5312784270
538 307534.5899527248
540 307879.8132451353
548 308226.6828781899
551 308241.4352966042
556 309182.2060133102
584 309182.8735618976
585 310034.9528837425
988 310072.5003626050
989 310968.4804392378
1044 311005.6003599578
1050 311628.9514112494
1066 311641.9437215773
1068 311984.9519461006
1200 311997.3017648309
1206 312070.7744454215
1323 312098.6942653495
1327 312722.0202617447
1344 312734.7071138294
1346 313370.3608299297
1534 313370.4853039469
1537 313934.1010741814
1563 313945.6099862047
1564 314143.6230100350
1847 314143.7483728522
1848 314491.9810084049
1982 314504.2058963888
1983 315141.3440545324
2049 315144.9232319995
2051 315232.2420392266
2056 315235.2722975500
2057 316044.2674373529
2168 316069.0419826504
2169 316807.4491638332
5813 316825.0308150636
5814 317757.1106806563
10001 317667.3427118853
evaluations raw_y
1 -2151831.0000000005
4 -2150829.0000000005
7 -2149821.0000000005
11 -2148821.0000000005
12 -2147817.0000000005
14 -2146817.0000000005
15 -2145814.0000000005
17 -2144807.0000000005
18 -2143798.0000000005
19 -2142792.0000000005
20 -2141784.0000000005
21 -2140782.0000000005
22 -2139778.0000000005
23 -2138774.0000000005
24 -2137769.0000000005
28 -2136767.0000000005
30 -2135762.0000000005
31 -2134762.0000000005
32 -2133762.0000000005
34 -2132753.0000000005
35 -2131746.0000000005
36 -2130739.0000000005
38 -2129734.0000000005
39 -2128729.0000000005
40 -2127729.0000000005
41 -2126725.0000000005
45 -2125721.0000000005
46 -2124721.0000000005
49 -2123720.0000000005
55 -2122715.0000000005
56 -2121707.0000000005
58 -2120701.0000000005
60 -2119694.0000000005
62 -2118685.0000000005
63 -2117682.0000000005
65 -2116676.0000000005
72 -2115671.0000000005
73 -2114669.0000000005
74 -2113664.0000000005
76 -2112657.0000000005
77 -2111651.0000000005
84 -2110649.0000000005
87 -2109646.0000000005
88 -2108646.0000000005
91 -2107638.0000000005
92 -2106633.0000000005
93 -2105632.0000000005
95 -2104627.0000000005
97 -2103623.0000000005
98 -2102620.0000000005
102 -2101620.0000000005
104 -2100612.0000000005
105 -2099610.0000000005
106 -2098604.0000000005
107 -2097601.0000000005
109 -2096595.0000000005
110 -2095595.0000000005
111 -2094591.0000000005
115 -2093583.0000000005
116 -2092580.0000000005
121 -2091579.0000000005
129 -2090579.0000000005
130 -2089571.0000000005
131 -2088564.0000000005
138 -2087562.0000000005
139 -2086556.0000000005
141 -2085547.0000000005
142 -2084542.0000000005
144 -2083536.0000000005
146 -2082527.0000000005
152 -2081525.0000000005
153 -2080524.0000000005
154 -2079519.0000000005
155 -2078510.0000000005
156 -2077504.0000000005
161 -2076498.0000000005
164 -2075498.0000000005
169 -2074492.0000000005
171 -2073483.0000000005
173 306018.8989881626
177 306035.6855154683
179 306360.0400034670
261 306362.9167903386
262 306578.0977552380
412 306609.1053285858
413 307492.6748170364
463 307516.9438444564
465 308249.0879454300
538 308258.9762687013
541 308328.0760250614
560 308339.5492537442
562 308361.3152167468
576 308366.6099106065
577 309203.0925998055
1114 309209.5399108505
1116 309682.2722329863
1270 309693.4187240976
1273 310233.1236750635
1494 310263.3829476454
1495 310576.6585029721
1553 310582.5449059398
1554 310900.3633243229
1873 310932.7395039608
1874 311169.2384343606
2453 311183.2943134940
2454 311223.0000218005
2947 311238.2706624387
2948 311788.8631611696
3882 311800.7797342634
3885 312645.9290253862
10001 312452.3500145557
evaluations raw_y
1 -2135877.0000000005
2 -2134871.0000000005
5 -2133864.0000000005
6 -2132864.0000000005
8 -2131864.0000000005
9 -2130855.0000000005
10 -2129846.0000000005
13 -2128840.0000000005
14 -2127834.0000000005
16 -2126825.0000000005
17 -2125818.0000000005
19 -2124811.0000000005
29 -2123807.0000000005
30 -2122800.0000000005
31 -2121799.0000000005
33 -2120791.0000000005
35 -2119783.0000000005
36 -2118779.0000000005
38 -2117770.0000000005
39 -2116768.0000000005
40 -2115759.0000000005
41 -2114753.0000000005
42 -2113752.0000000005
43 -2112747.0000000005
47 -2111742.0000000005
50 -2110734.0000000005
53 -2109733.0000000005
57 -2108725.0000000005
59 -2107725.0000000005
60 -2106718.0000000005
62 -2105716.0000000005
67 -2104715.0000000005
69 -2103706.0000000005
70 -2102702.0000000005
74 -2101696.0000000005
75 -2100696.0000000005
76 -2099695.0000000005
77 -2098694.0000000005
78 -2097687.0000000005
79 -2096687.0000000005
81 -2095679.0000000005
82 -2094672.0000000005
86 -2093668.0000000005
87 -2092663.0000000005
88 -2091663.0000000005
89 -2090656.0000000005
90 -2089647.0000000005
92 -2088643.0000000005
93 -2087638.0000000005
94 -2086632.0000000005
95 -2085624.0000000005
97 -2084624.0000000005
100 -2083621.0000000005
101 -2082620.0000000005
107 -2081614.0000000005
108 -2080610.0000000005
109 -2079607.0000000005
110 -2078604.0000000005
117 -2077603.0000000005
119 -2076602.0000000005
121 -2075601.0000000005
123 -2074601.0000000005
124 -2073599.0000000005
125 313467.3403176536
193 313504.8852136057
195 313609.8200118548
223 313645.3361219680
224 314092.2525818055
258 314110.5060709486
259 314568.7899552131
345 314578.3061942034
346 315224.0195712274
490 315249.9821508283
493 315276.6184053429
495 315282.5213666449
496 315903.2915925804
855 315910.5057023970
857 316038.3005536282
871 316073.2114111529
873 316631.0515590373
1255 316631.2651163051
1258 316759.3765075045
1273 316792.5406232120
1274 317344.8310012482
1469 317350.3410318125
1472 317634.1517600676
1587 317642.9118996598
1589 318285.0457827531
2549 318291.0478854569
2550 318763.6975689158
3415 318778.3913103705
3416 319677.2584098692
3913 319701.0936798447
3914 319891.0583693588
5271 319891.7687037602
5272 320149.5112242340
10001 319731.2279095977
evaluations raw_y
1 -2144856.0000000005
3 -2143850.0000000005
4 -2142844.0000000005
8 -2141838.0000000005
9 -2140837.0000000005
11 -2139828.0000000005
15 -2138823.0000000005
16 -2137822.0000000005
20 -2136817.0000000005
23 -2135817.0000000005
28 -2134808.0000000005
29 -2133799.0000000005
31 -2132792.0000000005
36 -2131791.0000000005
37 -2130782.0000000005
39 -2129774.0000000005
40 -2128774.0000000005
42 -2127766.0000000005
49 -2126766.0000000005
50 -2125763.0000000005
53 -2124755.0000000005
58 -2123748.0000000005
59 -2122744.0000000005
61 -2121744.0000000005
65 -2120743.0000000005
66 -2119737.0000000005
68 -2118730.0000000005
70 -2117729.0000000005
78 -2116725.0000000005
80 -2115720.0000000005
83 -2114718.0000000005
86 -2113715.0000000005
87 -2112710.0000000005
88 -2111708.0000000005
93 -2110708.0000000005
96 -2109705.0000000005
100 -2108705.0000000005
102 -2107701.0000000005
104 -2106696.0000000005
106 -2105695.0000000005
107 -2104695.0000000005
109 -2103686.0000000005
110 -2102684.0000000005
111 -2101682.0000000005
115 -2100680.0000000005
116 -2099672.0000000005
118 -2098663.0000000005
120 -2097659.0000000005
121 -2096654.0000000005
122 -2095653.0000000005
125 -2094650.0000000005
126 -2093650.0000000005
128 -2092642.0000000005
129 -2091640.0000000005
130 -2090637.0000000005
134 -2089630.0000000005
137 -2088627.0000000005
141 -2087618.0000000005
142 -2086616.0000000005
143 -2085607.0000000005
144 -2084599.0000000005
146 -2083597.0000000005
149 -2082595.0000000005
151 -2081586.0000000005
152 -2080583.0000000005
156 -2079576.0000000005
157 -2078568.0000000005
158 -2077567.0000000005
160 -2076564.0000000005
162 -2075560.0000000005
163 -2074553.0000000005
165 -2073550.0000000005
166 310394.2132398157
175 310403.4985767643
176 310869.8124533675
202 310876.0275647551
204 311124.2131214976
228 311157.1363467454
230 311196.6268105339
240 311231.7022580279
241 311788.5709480427
246 311797.7942271305
249 312376.5605694017
271 312400.0538685102
272 312944.9774428665
483 312968.3622609061
484 313634.1098494520
596 313651.8010867423
597 314104.4851565437
838 314111.5687409396
843 314533.3301432144
907 314545.0598846928
909 314571.7652696994
1028 314577.0964134993
1029 315405.5068575484
1151 315423.6861716158
1152 315799.2201146520
1545 315833.3087781770
1546 315922.6113662043
1889 315932.9298714569
1891 316300.9161793374
1958 316314.7047410376
1959 317115.1653006491
2111 317126.9599218748
2113 317910.4759440362
2743 317943.9477158759
2745 318399.8275142559
3360 318414.1944972944
3361 319097.3038526792
10001 -2073570.0000000005
evaluations raw_y
1 -2128831.0000000005
2 -2127823.0000000005
3 -2126815.0000000005
4 -2125812.0000000005
5 -2124803.0000000005
9 -2123794.0000000005
10 -2122789.0000000005
11 -2121782.0000000005
14 -2120778.0000000005
16 -2119778.0000000005
18 -2118776.0000000005
19 -2117767.0000000005
22 -2116764.0000000005
23 -2115758.0000000005
26 -2114757.0000000005
28 -2113751.0000000005
29 -2112745.0000000005
30 -2111737.0000000005
31 -2110734.0000000005
33 -2109732.0000000005
37 -2108725.0000000005
39 -2107716.0000000005
41 -2106710.0000000005
42 -2105709.0000000005
44 -2104700.0000000005
46 -2103696.0000000005
47 -2102689.0000000005
49 -2101682.0000000005
57 -2100676.0000000005
58 -2099671.0000000005
61 -2098663.0000000005
64 -2097660.0000000005
65 -2096651.0000000005
67 -2095644.0000000005
69 -2094642.0000000005
70 -2093635.0000000005
71 -2092632.0000000005
72 -2091625.0000000005
73 -2090621.0000000005
75 -2089620.0000000005
76 -2088615.0000000005
80 -2087612.0000000005
81 -2086605.0000000005
83 -2085600.0000000005
84 -2084594.0000000005
86 -2083590.0000000005
88 -2082589.0000000005
92 -2081584.0000000005
96 -2080576.0000000005
97 -2079570.0000000005
100 -2078564.0000000005
102 -2077563.0000000005
103 -2076557.0000000005
104 -2075549.0000000005
105 -2074541.0000000005
106 -2073537.0000000005
109 304525.0664251058
235 304561.2525785745
237 305341.2523499686
419 305353.4448719331
420 306132.1840156994
442 306142.3820488921
444 306390.3584409337
495 306419.1804860624
496 306631.4898176678
523 306646.8884102934
525 306701.4111822780
576 306704.6865766271
578 307273.6525979078
589 307285.5073047297
590 307984.7150526717
625 308002.1485145609
626 308468.8204117715
872 308491.2960669932
873 309138.7519322646
1022 309176.2228688270
1023 309977.7197904388
1227 309994.9481827843
1229 310270.0458223711
1313 310308.0186627103
1314 310930.5631184112
1359 310960.8652745397
1361 311889.4730895302
1507 311923.7990632426
1508 312656.4014742679
2049 312662.9686589720
2050 312674.9431417838
2055 312992.5329518761
2057 313660.1982285142
2303 313662.3356158527
2305 314053.0847928467
2632 314065.0087117015
2633 314368.5920199242
2741 314389.0722436323
2744 315338.7521391995
3039 315364.2747021677
3040 316193.6897258519
3803 316213.9664307194
3804 316578.2455280901
3830 316616.2016643442
3832 317262.8099198281
4094 317299.7975385458
4095 317432.0678343801
10001 317171.0522599564
evaluations raw_y
1 -2154950.0000000005
3 -2153946.0000000005
4 -2152945.0000000005
5 -2151945.0000000005
9 -2150939.0000000005
15 -2149934.0000000005
16 -2148930.0000000005
17 -2147930.0000000005
19 -2146924.0000000005
20 -2145922.0000000005
22 -2144913.0000000005
23 -2143905.0000000005
24 -2142903.0000000005
25 -2141902.0000000005
26 -2140900.0000000005
27 -2139896.0000000005
28 -2138887.0000000005
30 -2137887.0000000005
33 -2136879.0000000005
35 -2135876.0000000005
37 -2134871.0000000005
39 -2133871.0000000005
40 -2132866.0000000005
42 -2131857.0000000005
47 -2130850.0000000005
51 -2129845.0000000005
52 -2128838.0000000005
54 -2127833.0000000005
56 -2126825.0000000005
58 -2125824.0000000005
60 -2124815.0000000005
61 -2123810.0000000005
62 -2122801.0000000005
66 -2121796.0000000005
73 -2120796.0000000005
75 -2119790.0000000005
77 -2118783.0000000005
79 -2117779.0000000005
80 -2116778.0000000005
81 -2115769.0000000005
82 -2114769.0000000005
83 -2113763.0000000005
84 -2112760.0000000005
86 -2111753.0000000005
87 -2110752.0000000005
93 -2109746.0000000005
95 -2108742.0000000005
96 -2107739.0000000005
101 -2106732.0000000005
103 -2105726.0000000005
105 -2104720.0000000005
107 -2103711.0000000005
108 -2102706.0000000005
110 -2101703.0000000005
112 -2100696.0000000005
114 -2099691.0000000005
116 -2098687.0000000005
117 -2097683.0000000005
119 -2096680.0000000005
120 -2095679.0000000005
127 -2094678.0000000005
129 -2093673.0000000005
130 -2092673.0000000005
133 -2091667.0000000005
134 -2090663.0000000005
142 -2089662.0000000005
143 -2088655.0000000005
148 -2087652.0000000005
149 -2086650.0000000005
152 -2085650.0000000005
155 -2084649.0000000005
156 -2083648.0000000005
157 -2082648.0000000005
158 -2081639.0000000005
159 -2080634.0000000005
160 -2079626.0000000005
163 -2078622.0000000005
164 -2077613.0000000005
170 -2076608.0000000005
173 -2075603.0000000005
174 -2074595.0000000005
176 -2073586.0000000005
179 302794.9059932294
323 302823.1242125521
324 303597.0405899860
369 303602.0227674775
370 304560.4388725985
380 304562.8970607917
381 305287.4000689301
588 305305.3346796595
592 306224.0807614547
605 306247.5563526303
606 307183.1356401042
635 307199.0327254480
638 307437.9063263466
766 307451.4475616901
767 307920.6808589487
828 307933.8424172663
829 308387.5184074326
900 308411.6778312863
902 309071.9147638879
985 309088.1801667030
986 309266.7933502030
1516 309280.9830561384
1517 310096.4292742775
1934 310135.2012112552
1936 310450.0235818817
2003 310459.9440184337
2004 310903.2635085382
2102 310948.1326426593
2104 311272.1234162762
2843 311292.7295277208
2845 311733.1282997734
3871 311771.7767625385
3873 312082.4322995023
4103 312083.4611220849
4109 312294.7754637937
4264 312295.6220539191
4265 312937.6888995777
4388 312956.3083808961
4393 313381.8871999359
5287 313403.9294035141
5288 313481.3190382696
7134 313516.8948869808
7135 314192.3731405016
10001 313877.5487197828
evaluations raw_y
1 -2141935.0000000005
3 -2140927.0000000005
4 -2139927.0000000005
6 -2138927.0000000005
7 -2137922.0000000005
8 -2136917.0000000005
10 -2135914.0000000005
12 -2134909.0000000005
13 -2133901.0000000005
15 -2132892.0000000005
17 -2131883.0000000005
21 -2130874.0000000005
22 -2129871.0000000005
25 -2128867.0000000005
27 -2127860.0000000005
29 -2126854.0000000005
30 -2125847.0000000005
31 -2124841.0000000005
36 -2123840.0000000005
38 -2122834.0000000005
39 -2121831.0000000005
44 -2120829.0000000005
48 -2119825.0000000005
49 -2118825.0000000005
51 -2117822.0000000005
52 -2116822.0000000005
54 -2115814.0000000005
56 -2114806.0000000005
57 -2113801.0000000005
59 -2112798.0000000005
60 -2111795.0000000005
61 -2110786.0000000005
67 -2109780.0000000005
68 -2108776.0000000005
70 -2107772.0000000005
72 -2106763.0000000005
73 -2105756.0000000005
75 -2104753.0000000005
76 -2103748.0000000005
78 -2102747.0000000005
79 -2101743.0000000005
80 -2100735.0000000005
87 -2099733.0000000005
89 -2098725.0000000005
93 -2097724.0000000005
94 -2096717.0000000005
97 -2095716.0000000005
98 -2094707.0000000005
99 -2093699.0000000005
102 -2092697.0000000005
104 -2091694.0000000005
105 -2090690.0000000005
107 -2089685.0000000005
108 -2088684.0000000005
112 -2087677.0000000005
115 -2086670.0000000005
116 -2085664.0000000005
120 -2084664.0000000005
121 -2083657.0000000005
122 -2082656.0000000005
124 -2081650.0000000005
125 -2080648.0000000005
126 -2079648.0000000005
127 -2078641.0000000005
128 -2077639.0000000005
129 -2076636.0000000005
130 -2075632.0000000005
132 -2074628.0000000005
133 -2073622.0000000005
135 305516.3143439227
155 305543.9755034284
158 305924.7161427489
159 305933.0904279933
161 306868.5355906995
294 306881.9806377092
295 307119.5388504175
369 307152.7878189354
370 307476.3464412914
1073 307477.9672442969
1077 307654.2052310606
1145 307674.1075448027
1149 308318.6753109687
1229 308329.8634687927
1237 309162.8960447051
1406 309193.8504185606
1408 309334.2384986765
1413 309357.5567992824
1414 310150.5712837435
1506 310159.6067343087
1507 310392.1457314683
1937 310397.4398971413
1940 310729.9472713600
1982 310735.5033699418
1983 310867.4484655932
2125 310878.7280759219
2128 310988.0712201332
2988 311003.9894217373
2989 311680.9621890950
3101 311703.7931102524
3102 312326.1586315625
10001 -2073608.0000000005
evaluations raw_y
1 -2139847.0000000005
2 -2138842.0000000005
3 -2137835.0000000005
5 -2136829.0000000005
6 -2135824.0000000005
7 -2134819.0000000005
10 -2133811.0000000005
13 -2132805.0000000005
14 -2131803.0000000005
16 -2130803.0000000005
19 -2129801.0000000005
20 -2128798.0000000005
22 -2127795.0000000005
25 -2126791.0000000005
27 -2125783.0000000005
31 -2124776.0000000005
32 -2123772.0000000005
35 -2122770.0000000005
38 -2121762.0000000005
41 -2120757.0000000005
43 -2119750.0000000005
49 -2118749.0000000005
50 -2117744.0000000005
51 -2116743.0000000005
52 -2115743.0000000005
53 -2114734.0000000005
54 -2113725.0000000005
56 -2112725.0000000005
62 -2111717.0000000005
63 -2110712.0000000005
64 -2109711.0000000005
65 -2108707.0000000005
66 -2107702.0000000005
67 -2106701.0000000005
69 -2105700.0000000005
70 -2104700.0000000005
76 -2103696.0000000005
78 -2102696.0000000005
79 -2101695.0000000005
80 -2100695.0000000005
83 -2099688.0000000005
84 -2098687.0000000005
87 -2097682.0000000005
88 -2096675.0000000005
89 -2095672.0000000005
94 -2094671.0000000005
101 -2093662.0000000005
103 -2092656.0000000005
105 -2091649.0000000005
106 -2090645.0000000005
107 -2089643.0000000005
110 -2088635.0000000005
111 -2087628.0000000005
112 -2086628.0000000005
113 -2085628.0000000005
114 -2084624.0000000005
117 -2083618.0000000005
118 -2082609.0000000005
119 -2081600.0000000005
120 -2080599.0000000005
122 -2079597.0000000005
124 -2078594.0000000005
125 -2077588.0000000005
128 -2076586.0000000005
129 -2075578.0000000005
131 -2074572.0000000005
132 -2073565.0000000005
133 301202.8453859392
201 301204.7810970733
202 302138.5186222485
227 302167.4480816420
228 302512.2205559888
274 302522.7736896994
275 302543.2460035540
325 302564.2557186323
326 302796.8087854758
563 302808.0606393787
565 302866.1048623776
628 302884.2205034431
629 303042.7638101562
769 303051.6764357610
770 303797.7242290843
807 303804.1072213300
809 304476.3160172086
941 304501.8307421075
945 304917.2035198014
959 304938.5522384603
960 305127.7984291122
964 305141.1888859129
966 305713.5816717505
1026 305725.0134391814
1027 305914.1166816860
1124 305938.3703909916
1129 306119.3962066867
1369 306146.8239943560
1371 306506.3727299667
1514 306541.1645818322
1515 306777.8502658327
1824 306813.8870047408
1826 307049.0784112651
2656 307065.5709560843
2658 307880.0734058098
2965 307894.0949162825
2969 308419.0415687445
2982 308455.5213244649
2983 308940.4990796742
3237 308956.2709809429
3238 309703.0213023762
3543 309745.3534756867
3544 310459.6022997992
5525 310460.3959128576
5526 310591.8775454909
10001 -2073556.0000000005
evaluations raw_y
1 -2128895.0000000005
4 -2127886.0000000005
7 -2126880.0000000005
8 -2125879.0000000005
9 -2124875.0000000005
12 -2123871.0000000005
13 -2122866.0000000005
14 -2121861.0000000005
20 -2120854.0000000005
23 -2119850.0000000005
24 -2118842.0000000005
26 -2117834.0000000005
27 -2116831.0000000005
33 -2115826.0000000005
35 -2114822.0000000005
36 -2113816.0000000005
37 -2112814.0000000005
39 -2111811.0000000005
40 -2110811.0000000005
41 -2109804.0000000005
42 -2108804.0000000005
46 -2107796.0000000005
52 -2106788.0000000005
54 -2105784.0000000005
57 -2104782.0000000005
58 -2103781.0000000005
59 -2102772.0000000005
61 -2101765.0000000005
66 -2100763.0000000005
69 -2099755.0000000005
70 -2098751.0000000005
71 -2097745.0000000005
73 -2096740.0000000005
75 -2095736.0000000005
77 -2094729.0000000005
78 -2093720.0000000005
80 -2092717.0000000005
86 -2091716.0000000005
89 -2090707.0000000005
91 -2089698.0000000005
92 -2088696.0000000005
94 -2087690.0000000005
95 -2086681.0000000005
98 -2085675.0000000005
99 -2084667.0000000005
100 -2083659.0000000005
104 -2082651.0000000005
106 -2081649.0000000005
109 -2080649.0000000005
114 -2079645.0000000005
117 -2078638.0000000005
118 -2077632.0000000005
122 -2076625.0000000005
123 -2075622.0000000005
124 -2074622.0000000005
129 -2073621.0000000005
132 309394.2704785648
147 309410.7193250250
149 310222.9238538241
255 310240.8175148132
257 310798.6475359370
264 310822.1959212336
266 311737.6583461799
311 311772.7047862165
312 312437.4455343732
518 312457.3757311605
519 313153.0199506076
678 313167.3919744805
680 313168.1411589025
736 313199.3168347634
737 313918.2942293836
759 313952.6812349358
760 314394.5479634953
994 314406.3985301162
995 314820.9398772528
1152 314848.1568796120
1154 315607.4714050484
1475 315629.9904572386
1476 315965.3230662029
2821 315965.5752852162
2823 316736.6826706715
2919 316749.8400131022
2921 317502.7740004454
3069 317512.5037049760
3070 317965.6588381112
4769 317974.9827218178
4770 318500.6616835661
5436 318508.6547410775
5437 319353.9272656929
10001 318947.4503450266
