evaluations raw_y
1 -1254.0000000000
2 -1109.0000000000
7 -1108.0000000000
17 -894.0000000000
27 -709.0000000000
98 -545.0000000000
162 -487.0000000000
177 -484.0000000000
180 -428.0000000000
248 -292.0000000000
305 -272.0000000000
434 -253.0000000000
567 -233.0000000000
669 -213.0000000000
800 -147.0000000000
862 -109.0000000000
1011 -100.0000000000
1106 -81.0000000000
1129 -61.0000000000
1133 -42.0000000000
1206 -33.0000000000
1208 -14.0000000000
1312 -5.0000000000
1414 -4.0000000000
1693 -3.0000000000
1723 5.0000000000
1751 6.0000000000
1817 7.0000000000
2036 8.0000000000
27339 9.0000000000
100010 -30.0000000000
evaluations raw_y
1 -1527.0000000000
2 -1400.0000000000
3 -1293.0000000000
4 -1021.0000000000
34 -1011.0000000000
48 -952.0000000000
51 -933.0000000000
67 -864.0000000000
80 -836.0000000000
82 -826.0000000000
99 -748.0000000000
101 -709.0000000000
133 -690.0000000000
137 -573.0000000000
147 -495.0000000000
230 -456.0000000000
266 -409.0000000000
290 -408.0000000000
416 -369.0000000000
618 -359.0000000000
641 -350.0000000000
659 -341.0000000000
667 -331.0000000000
710 -272.0000000000
735 -224.0000000000
796 -223.0000000000
855 -215.0000000000
893 -127.0000000000
1007 -118.0000000000
1067 -99.0000000000
1145 -90.0000000000
1259 -61.0000000000
1349 -53.0000000000
1353 -52.0000000000
1375 -42.0000000000
1393 -24.0000000000
1395 -15.0000000000
1400 -6.0000000000
1432 4.0000000000
1464 5.0000000000
1510 6.0000000000
1543 7.0000000000
1680 8.0000000000
1829 9.0000000000
100010 -89.0000000000
evaluations raw_y
1 -1400.0000000000
2 -1283.0000000000
15 -1195.0000000000
40 -1156.0000000000
46 -885.0000000000
72 -855.0000000000
83 -650.0000000000
152 -583.0000000000
170 -573.0000000000
176 -534.0000000000
185 -457.0000000000
215 -398.0000000000
255 -311.0000000000
341 -301.0000000000
435 -272.0000000000
622 -252.0000000000
663 -224.0000000000
756 -204.0000000000
787 -185.0000000000
795 -157.0000000000
814 -147.0000000000
903 -70.0000000000
936 -52.0000000000
1018 -24.0000000000
1119 -23.0000000000
1201 -5.0000000000
1267 -4.0000000000
1287 5.0000000000
1430 6.0000000000
1477 7.0000000000
1581 8.0000000000
2015 9.0000000000
100010 -20.0000000000
evaluations raw_y
1 -1176.0000000000
10 -1137.0000000000
24 -1020.0000000000
25 -991.0000000000
46 -962.0000000000
57 -923.0000000000
68 -894.0000000000
84 -845.0000000000
95 -797.0000000000
106 -728.0000000000
111 -514.0000000000
114 -457.0000000000
174 -370.0000000000
184 -341.0000000000
263 -311.0000000000
312 -282.0000000000
325 -235.0000000000
457 -224.0000000000
577 -128.0000000000
600 -100.0000000000
791 -99.0000000000
831 -80.0000000000
944 -50.0000000000
1301 -40.0000000000
1319 -31.0000000000
1362 -22.0000000000
1366 -13.0000000000
1395 -4.0000000000
1511 -3.0000000000
1722 6.0000000000
1948 7.0000000000
2149 8.0000000000
39763 9.0000000000
100010 9.0000000000
evaluations raw_y
1 -1576.0000000000
2 -1312.0000000000
5 -1235.0000000000
11 -1108.0000000000
21 -1010.0000000000
43 -1000.0000000000
46 -971.0000000000
60 -777.0000000000
91 -669.0000000000
143 -651.0000000000
153 -632.0000000000
162 -602.0000000000
173 -563.0000000000
250 -485.0000000000
310 -476.0000000000
318 -417.0000000000
331 -370.0000000000
424 -341.0000000000
460 -253.0000000000
607 -252.0000000000
610 -166.0000000000
628 -137.0000000000
692 -129.0000000000
705 -108.0000000000
707 -99.0000000000
802 -90.0000000000
819 -80.0000000000
1053 -70.0000000000
1089 -52.0000000000
1155 -42.0000000000
1213 -13.0000000000
1264 -12.0000000000
1404 -2.0000000000
1440 7.0000000000
1647 8.0000000000
93271 9.0000000000
100010 9.0000000000
evaluations raw_y
1 -1478.0000000000
2 -1322.0000000000
3 -1079.0000000000
7 -962.0000000000
25 -874.0000000000
33 -855.0000000000
42 -709.0000000000
103 -621.0000000000
120 -592.0000000000
143 -534.0000000000
171 -456.0000000000
245 -426.0000000000
334 -301.0000000000
361 -272.0000000000
499 -252.0000000000
508 -224.0000000000
533 -215.0000000000
546 -186.0000000000
566 -175.0000000000
709 -167.0000000000
785 -166.0000000000
851 -148.0000000000
899 -99.0000000000
948 -79.0000000000
986 -51.0000000000
1077 -41.0000000000
1110 -23.0000000000
1285 5.0000000000
1375 6.0000000000
1538 7.0000000000
1578 8.0000000000
57646 9.0000000000
100010 8.0000000000
evaluations raw_y
1 -1487.0000000000
4 -1157.0000000000
5 -1118.0000000000
21 -1050.0000000000
23 -1040.0000000000
41 -1001.0000000000
42 -894.0000000000
69 -884.0000000000
76 -709.0000000000
93 -680.0000000000
137 -621.0000000000
150 -534.0000000000
201 -495.0000000000
228 -476.0000000000
267 -417.0000000000
269 -359.0000000000
327 -282.0000000000
350 -272.0000000000
547 -224.0000000000
597 -205.0000000000
642 -194.0000000000
689 -147.0000000000
759 -118.0000000000
764 -99.0000000000
785 -70.0000000000
1068 -59.0000000000
1120 -42.0000000000
1181 -41.0000000000
1196 -32.0000000000
1378 -13.0000000000
1455 -12.0000000000
1457 -4.0000000000
1461 5.0000000000
1481 6.0000000000
1582 7.0000000000
1714 8.0000000000
1880 9.0000000000
100010 -59.0000000000
evaluations raw_y
1 -1186.0000000000
13 -1012.0000000000
24 -943.0000000000
44 -856.0000000000
51 -846.0000000000
60 -642.0000000000
93 -613.0000000000
105 -612.0000000000
108 -545.0000000000
154 -505.0000000000
176 -467.0000000000
207 -437.0000000000
253 -408.0000000000
305 -397.0000000000
344 -349.0000000000
382 -339.0000000000
402 -320.0000000000
472 -300.0000000000
502 -252.0000000000
561 -243.0000000000
597 -242.0000000000
741 -224.0000000000
748 -203.0000000000
803 -176.0000000000
904 -136.0000000000
954 -117.0000000000
964 -98.0000000000
1025 -89.0000000000
1050 -88.0000000000
1139 -70.0000000000
1217 -61.0000000000
1234 -40.0000000000
1251 -22.0000000000
1288 -1.0000000000
1409 7.0000000000
1435 8.0000000000
1577 9.0000000000
100010 9.0000000000
evaluations raw_y
1 -1595.0000000000
2 -1283.0000000000
11 -1264.0000000000
12 -1176.0000000000
17 -1098.0000000000
32 -1069.0000000000
33 -874.0000000000
73 -845.0000000000
78 -631.0000000000
131 -592.0000000000
146 -553.0000000000
197 -475.0000000000
245 -389.0000000000
301 -379.0000000000
382 -330.0000000000
384 -320.0000000000
411 -282.0000000000
454 -272.0000000000
490 -262.0000000000
627 -244.0000000000
634 -243.0000000000
645 -195.0000000000
721 -167.0000000000
734 -108.0000000000
763 -89.0000000000
785 -60.0000000000
820 -31.0000000000
1016 -23.0000000000
1140 -14.0000000000
1182 -5.0000000000
1366 5.0000000000
1408 6.0000000000
1483 7.0000000000
1502 8.0000000000
1537 9.0000000000
29040 10.0000000000
29054 -10.0000000000
evaluations raw_y
1 -1634.0000000000
2 -1410.0000000000
3 -1322.0000000000
5 -1293.0000000000
7 -1167.0000000000
13 -1157.0000000000
21 -1000.0000000000
33 -991.0000000000
42 -943.0000000000
46 -903.0000000000
81 -894.0000000000
86 -815.0000000000
91 -583.0000000000
122 -563.0000000000
162 -544.0000000000
206 -514.0000000000
208 -485.0000000000
210 -446.0000000000
235 -436.0000000000
272 -388.0000000000
278 -350.0000000000
329 -321.0000000000
472 -224.0000000000
618 -223.0000000000
624 -204.0000000000
639 -195.0000000000
709 -176.0000000000
875 -147.0000000000
951 -89.0000000000
997 -88.0000000000
1065 -71.0000000000
1073 -51.0000000000
1188 -41.0000000000
1288 -23.0000000000
1310 -13.0000000000
1459 -12.0000000000
1539 -2.0000000000
1600 7.0000000000
2574 8.0000000000
31336 9.0000000000
100010 0.0000000000
