evaluations raw_y
1 0.0179289869
3 0.0190727588
5 0.0202824946
8 0.0215574852
12 0.0228956599
17 0.0242933077
23 0.0257384357
30 0.0272185870
38 0.0287201167
47 0.0302264566
58 0.0318248361
70 0.0334202259
83 0.0349929314
97 0.0365214088
114 0.0390667729
119 0.0418431051
125 0.0447251194
132 0.0477363426
140 0.0507377265
149 0.0536999248
159 0.0565393401
170 0.0591814028
182 0.0617207752
196 0.0643682896
1531 0.1049934904
1533 0.1059636333
1548 0.1107812292
1552 0.1108499978
1553 0.1108598288
1555 0.1108893324
1559 0.1109582353
1564 0.1111456898
1580 0.1168060552
1597 0.1218264217
1598 0.1218620522
1616 0.1274924779
1624 0.1276096167
1625 0.1284620523
2320 0.1297286078
2321 0.1308284055
2340 0.1369187798
2346 0.1371140240
2551 0.1755741274
2553 0.1804663250
2555 0.1808056701
2570 0.1913509376
2586 0.2000800320
2589 0.2001761550
2590 0.2015641377
2594 0.2032355093
2596 0.2043986591
2603 0.2055751994
2620 0.2181691247
2638 0.2295894940
2643 0.2298005331
2646 0.2312031814
2652 0.2316745436
3061 0.4567878677
3071 0.4569548529
3077 0.4656360589
3088 0.4714312653
3095 0.4792026069
3097 0.4823461316
3116 0.5003001801
3118 0.5017057997
3119 0.5043373008
3129 0.5069965524
3130 0.5168492867
3150 0.5302226935
3158 0.5308982799
3962 0.5365958360
3973 0.5428881650
3977 0.5454942178
4491 0.5576622797
4499 0.5614192679
4518 0.5976571838
4541 0.5979430758
4544 0.5988023952
4569 0.6054734803
4578 0.6165228113
4581 0.6229753302
4591 0.8659508140
4612 0.8787346221
4623 0.8843296781
4648 0.9187798603
4663 0.9416195857
4664 0.9423294384
4685 0.9708737864
4804 0.9885330170
4814 1.0150223305
4827 1.0660980810
4828 1.0743446498
4836 1.0827197921
4842 1.1307100859
4853 1.1317338162
4882 1.1452130096
4896 1.1655011655
5089 1.2189176012
5099 1.2394645513
5116 1.2468827930
5124 1.3082155939
5126 1.3234515617
5131 1.3276686139
5133 1.3404825737
5144 1.3623978202
5150 1.3728720483
5152 1.3989927252
5159 1.5234613041
5176 1.5328019620
5194 1.5384615385
5199 1.5913430936
6121 1.6350555919
6135 1.6857720836
6151 1.7397355602
6155 1.7818959373
6161 1.9516003123
6164 2.0644095789
6173 2.1026072330
6202 2.3084025854
7832 2.3832221163
8934 2.4390243902
8949 2.4727992087
8950 2.5484199796
9534 2.6014568158
9541 2.6737967914
9544 2.6910656620
9564 2.7808676307
12226 2.8571428571
18565 2.8702640643
18611 3.0156815440
18812 3.1446540881
18855 3.1525851198
20556 3.2938076416
20577 3.5868005739
20603 3.7481259370
45507 3.9494470774
100991 2.1061499579
evaluations raw_y
1 0.0277343273
4 0.0297169755
7 0.0318288879
11 0.0340474212
16 0.0363683973
22 0.0388011982
29 0.0412916013
37 0.0438573408
46 0.0464088808
56 0.0489361286
67 0.0513885177
79 0.0536999248
92 0.0557376318
132 0.0563837705
140 0.0598874117
149 0.0633954609
159 0.0668860529
170 0.0703452545
182 0.0735272492
195 0.0764549375
1531 0.1288062239
1538 0.1288726223
1540 0.1289656951
1553 0.1340410702
1567 0.1372344513
1568 0.1376727793
1572 0.1378093821
1573 0.1395790296
1588 0.1433404048
1591 0.1436203826
1607 0.1476058334
1612 0.1486060750
1614 0.1490846204
1615 0.1491379825
1632 0.1524297299
1923 0.1560062402
1928 0.1560646732
1929 0.1560841606
1935 0.1562597662
1981 0.1634734846
1997 0.1682935039
2000 0.1688618710
2017 0.1750332563
2023 0.1755987919
2026 0.1757222183
2422 0.1799726442
2428 0.1810413498
2431 0.1812250816
2436 0.1813039379
2442 0.1814882033
2490 0.1817520901
2505 0.1884658877
2507 0.1887789776
2523 0.1977066034
2531 0.1996326759
2548 0.2091525140
3061 0.2693675251
3063 0.2809304416
3067 0.2905287623
3074 0.2918174390
3075 0.2936685070
3093 0.3009510052
3094 0.3039513678
3104 0.3040252949
3105 0.3048408731
3116 0.3050640635
3121 0.3104433131
3122 0.3111387679
3130 0.3124609424
3150 0.3145841198
3153 0.3159358018
3163 0.4369865408
3167 0.4430267588
3174 0.4502070953
3176 0.4519978304
3185 0.4670278349
3190 0.4768262445
3192 0.4806767929
3196 0.4808617042
3202 0.4847779717
3220 0.5209418629
3231 0.5268703899
3250 0.5512679162
4591 0.6048874909
4595 0.6201935004
4599 0.6317917614
4602 0.6359704910
4608 0.6428387760
4613 0.6498570315
4616 0.6501950585
4620 0.6505334374
4627 0.6529119875
4642 0.6601531555
4650 0.6668444919
4656 0.6780580418
4672 0.7181844298
4693 0.8454514711
4701 0.8564576910
4705 0.8738203425
4717 0.9416195857
4725 0.9686168152
4740 1.0300782859
4762 1.0309278351
4764 1.0579771477
5509 1.0633772863
5515 1.0660980810
5518 1.1145786893
5526 1.1399908801
5529 1.1410314925
5541 1.1611704598
5546 1.1622501162
5561 1.1720581341
5572 1.1933174224
5576 1.2224938875
5592 1.2813941568
5604 1.2827090816
5609 1.2866700978
6121 1.2960082945
6124 1.3419216318
6125 1.3520822066
6128 1.3989927252
6141 1.4560279557
6144 1.4611338399
6145 1.4801657786
6153 1.4961101137
6158 1.5733165513
6160 1.5913430936
6171 1.6523463318
6174 1.6767270288
6195 1.7111567420
6200 1.7229496899
6214 1.8102824041
6219 1.8288222385
6300 1.8670649739
6316 1.9638648861
7085 1.9888623707
7090 2.0850708924
7121 2.2872827081
7873 2.3126734505
7909 2.3607176582
7932 2.3651844844
9104 2.4295432459
9113 2.4826216485
9154 2.6123301985
9163 2.6968716289
10690 2.7685492802
10997 2.8901734104
12009 2.9036004646
12028 3.0376670717
12145 3.1525851198
12180 3.3647375505
12186 3.3738191633
12198 3.4965034965
17574 3.6390101892
20025 3.7257824143
20085 3.7369207773
38352 3.9370078740
87407 4.0257648953
100991 2.3212627669
evaluations raw_y
1 0.0259037830
3 0.0278940028
5 0.0300469935
8 0.0323511523
12 0.0348194265
17 0.0374604792
23 0.0402634842
30 0.0432428693
38 0.0463796078
47 0.0496573642
57 0.0530526494
68 0.0565342258
80 0.0600860432
93 0.0636440009
177 0.0657912050
191 0.0685288232
387 0.0711095941
401 0.0733159330
402 0.0734322221
1531 0.1223870368
1533 0.1231466430
1547 0.1264734153
1548 0.1275705465
1563 0.1317245376
1566 0.1321562616
1582 0.1365299547
1587 0.1368138784
1588 0.1373098259
1605 0.1411392762
1606 0.1421181286
1624 0.1462244838
1628 0.1468256299
1629 0.1476407016
1753 0.1497633739
1756 0.1505751973
1772 0.1534401277
1776 0.1537609939
1777 0.1544640099
1782 0.1548275221
1784 0.1548467018
1785 0.1548658861
1802 0.1586999302
1809 0.1589218740
1810 0.1609476598
1828 0.1623482044
1834 0.1630470228
2245 0.2015316405
2248 0.2035333388
2252 0.2042316804
2253 0.2050020500
2268 0.2065944963
2269 0.2097491400
2274 0.2097843417
2275 0.2118823629
2291 0.2172968275
2292 0.2180929949
2309 0.2228759918
2316 0.2237937517
2317 0.2263467632
2335 0.2286236854
2336 0.2301813829
2338 0.2312459532
2344 0.2325797749
2449 0.3058103976
2451 0.3118373456
2459 0.3119151591
2470 0.3149804712
2485 0.3242121644
2490 0.3280409395
2506 0.3412037669
2512 0.3456380478
2516 0.3537568983
2526 0.3560746332
2531 0.3613238907
2548 0.3730786450
3061 0.6619009796
3065 0.6693440428
3076 0.6942515968
3079 0.7202535292
3097 0.7447125410
3098 0.7505253678
3119 0.7610350076
3133 0.7680491551
3155 0.8124796880
4591 0.9235315848
4609 0.9324878777
4617 0.9487666034
4630 0.9807767752
4653 1.0020040080
4663 1.0109179135
4665 1.0317787866
4691 1.1195700851
4741 1.1504832029
4764 1.1887779363
4788 1.2321340562
5203 1.2774655084
5205 1.3477088949
5213 1.3638843426
5215 1.3989927252
5228 1.5460729746
5245 1.5832805573
5261 1.5974440895
5283 1.6458196182
5286 1.6880486158
5288 1.6995241332
5301 1.7253278123
6223 1.8368846436
6234 1.8395879323
6239 1.8587360595
6241 1.9485580670
6271 1.9516003123
6277 1.9607843137
6298 1.9888623707
6940 2.0955574183
6950 2.1872265967
6953 2.1910604733
6966 2.2421524664
6984 2.2706630336
6994 2.2914757104
6997 2.3126734505
7014 2.3518344309
7028 2.4201355276
8939 2.4342745862
8975 2.5176233635
9267 2.5588536336
15400 2.6232948583
15991 2.7322404372
17725 2.8058361392
17733 2.8506271380
17738 2.8571428571
18230 2.8636884307
26414 3.0674846626
44948 3.3738191633
89334 3.5765379113
90437 3.7037037037
100991 1.7064846416
evaluations raw_y
1 0.0211164700
3 0.0225410021
5 0.0240544207
8 0.0256565511
12 0.0273454164
17 0.0291168284
23 0.0309547689
30 0.0328528063
38 0.0347961641
47 0.0367620028
57 0.0387122749
68 0.0406154046
80 0.0424081016
93 0.0440784950
127 0.0458253139
135 0.0489035817
144 0.0520627252
154 0.0552400734
165 0.0583525897
177 0.0613090713
190 0.0641370995
204 0.0666151509
1531 0.0991158863
1535 0.1014404545
1539 0.1018786422
1540 0.1018869462
1555 0.1066598404
1571 0.1105363222
1573 0.1111160496
1590 0.1153508974
1608 0.1189173762
1611 0.1195200076
1631 0.1253321301
1638 0.1261670452
1643 0.1290455789
1652 0.1308694969
1653 0.1314889812
1668 0.1374003847
1684 0.1417474627
1686 0.1423122901
1703 0.1483415416
1709 0.1489247632
1711 0.1498351813
1729 0.1545212930
1731 0.1558895055
2143 0.1786607590
2145 0.1826017092
2149 0.1830027084
2150 0.1838911364
2165 0.1869997756
2166 0.1892935564
2182 0.1935433924
2187 0.1945979606
2204 0.1978317639
2213 0.1985545231
2217 0.1997922161
2229 0.2012396362
2238 0.2019223003
2244 0.2022162905
3061 0.2168068684
3067 0.2209847079
3069 0.2213368747
3075 0.2243158367
3093 0.2269632320
3096 0.2283313545
3111 0.2292946895
3112 0.2307763316
3133 0.2428363283
3134 0.2452663593
3156 0.2581844470
3220 0.2600104004
3242 0.2630194634
3245 0.2682691276
3252 0.2695999137
3255 0.2701242572
3265 0.3911750900
3267 0.4168751042
3270 0.4338018393
3276 0.4547935237
3277 0.4549590537
3287 0.4684279558
3304 0.4902922142
3325 0.4991016171
3327 0.5244388504
3349 0.5539552404
3352 0.5683109798
4149 0.5796429399
4165 0.5925574781
4591 0.8862105636
4599 0.8983111750
4609 0.9002520706
4615 0.9221689414
4627 0.9283327144
4637 0.9516558812
4654 0.9538344143
4675 0.9693679721
4774 0.9716284493
4782 0.9940357853
4792 1.0275380189
4908 1.0326311442
4911 1.0597710894
4925 1.0998680158
4927 1.1008366358
4938 1.1175681717
4941 1.1205737338
4959 1.2059816691
4970 1.2118274358
4972 1.2177301510
4975 1.2260912212
4997 1.2543903663
4998 1.2632642749
5913 1.2748597654
6121 1.3713658804
6126 1.5160703457
6145 1.5832805573
6171 1.6056518947
6190 1.6077170418
6427 1.7349063151
6431 1.8504811251
6458 1.8925056775
6484 1.9546520719
6522 2.0275750203
6526 2.0374898126
7651 2.1061499579
7678 2.1607605877
7712 2.2104332449
7723 2.2789425706
7732 2.2999080037
7805 2.3126734505
7841 2.3342670401
7852 2.3474178404
9282 2.6399155227
10504 2.7995520717
10505 2.8312570781
12949 2.8376844495
14370 2.8441410694
14380 2.9585798817
14761 3.0229746070
15179 3.4199726402
24312 3.8759689922
45174 3.9872408293
45180 4.0518638574
74253 4.0916530278
75553 4.1322314050
92903 4.1459369818
100991 1.8288222385
evaluations raw_y
1 0.0255010965
3 0.0272887036
5 0.0291814033
8 0.0311685721
12 0.0332681278
17 0.0354524441
23 0.0377102346
30 0.0400172875
38 0.0423133558
47 0.0445370816
57 0.0466635558
68 0.0486599062
80 0.0504327127
95 0.0524846220
297 0.0544223611
446 0.0557649841
455 0.0589386331
465 0.0619379134
476 0.0647450341
488 0.0672061077
501 0.0692271481
502 0.0692616706
788 0.0721313367
802 0.0759485980
905 0.0784264517
1531 0.0898924886
1546 0.0944215734
1561 0.0984755977
1562 0.0985765546
1578 0.1032588493
1595 0.1072915326
1597 0.1080613789
1615 0.1130761228
1619 0.1131682586
1620 0.1135486215
1625 0.1136621960
1627 0.1136725322
1719 0.1144426642
1791 0.1161224395
1808 0.1207321196
1810 0.1220166919
1828 0.1273236567
1831 0.1274664763
1939 0.1308010255
1954 0.1377638177
1969 0.1441005245
1970 0.1450873426
1986 0.1510300248
1988 0.1515978412
1989 0.1517634918
1992 0.1520034049
2009 0.1607820439
2027 0.1685203910
2028 0.1697792869
2063 0.1734063952
2078 0.1798690553
2081 0.1799985600
2097 0.1872518912
2101 0.1874484517
2104 0.1890073335
2121 0.1954804910
2122 0.1967419533
2140 0.2015316405
2580 0.2116312537
2596 0.2187800823
2597 0.2202061129
2614 0.2333177788
2616 0.2333613367
2617 0.2344555941
2620 0.2357378595
2638 0.2478437593
2643 0.2490784099
2645 0.2515343596
3061 0.2587188244
3081 0.2701826435
3082 0.2740326647
3102 0.2853555530
3104 0.2869934565
3105 0.2877201059
3112 0.2903263268
3116 0.2909344816
3117 0.2916812507
3138 0.3024803388
3146 0.3089852923
3147 0.3101352190
3163 0.3276969459
3168 0.3305566574
3169 0.3334667200
3174 0.3362474781
3177 0.3420440553
3187 0.3440209165
3192 0.3485292067
3207 0.3600748956
3219 0.3635306093
3220 0.3638480571
3239 0.3833767827
3240 0.3938868757
3260 0.4113871976
3262 0.4117937737
3475 0.4159041757
3480 0.4205214466
3482 0.4229402808
3490 0.4318535153
3509 0.4474673349
3513 0.4652894100
3526 0.4689551679
3531 0.4825323297
3551 0.5069965524
3558 0.5076142132
3571 0.6211180124
3573 0.6379178362
3576 0.6584145378
3578 0.6622516556
3579 0.6668444919
3598 0.6954102921
3599 0.7165376899
3620 0.7596475235
3628 0.7723200494
3632 0.7747133561
3654 0.7790588969
3657 0.7923930269
4607 0.7969397514
4610 0.8015389548
4615 0.8041170794
4617 0.8259002313
4634 0.8713837574
4654 0.8793527963
4670 0.8887308923
4795 1.3027618551
4799 1.4005602241
4803 1.4577259475
4825 1.4766686356
4835 1.5216068168
4836 1.5499070056
4850 1.5556938395
4861 1.5693659761
4888 1.7470300489
4895 1.7543859649
6215 1.7618040874
6221 1.7692852088
6323 1.7717930546
6397 1.8050541516
6419 1.8076644975
6697 1.9984012790
6716 2.0210185934
6727 2.0920502092
6730 2.1312872975
7116 2.1349274125
7226 2.1910604733
7228 2.2026431718
7241 2.2706630336
7443 2.3041474654
7687 2.3299161230
7718 2.5960539979
7740 2.6795284030
10787 2.7322404372
11109 2.7685492802
11115 2.7870680045
11116 2.8571428571
17227 3.0599755202
29169 3.1685678074
30192 3.2341526520
30760 3.5260930889
30772 3.5561877667
30802 3.7147102526
41404 4.0387722132
100991 1.6857720836
evaluations raw_y
1 0.0201092334
3 0.0214940977
5 0.0229726625
8 0.0245504807
12 0.0262249683
17 0.0279945802
23 0.0298553805
30 0.0317940761
38 0.0338052547
47 0.0358829355
57 0.0380025842
68 0.0401419419
80 0.0422747180
93 0.0443710843
116 0.0464692652
123 0.0496258213
131 0.0527570853
140 0.0559572039
150 0.0590304833
161 0.0619287077
173 0.0645477783
186 0.0668645858
200 0.0686379485
201 0.0690970399
1531 0.1665001665
1534 0.1691818366
1547 0.1717622810
1550 0.1718331157
1566 0.1770663645
1570 0.1776956429
1573 0.1777209071
1578 0.1787629603
1595 0.1821759091
1598 0.1824684330
1599 0.1832978957
1605 0.1833247782
1610 0.1833516685
1617 0.1838100140
1837 0.1845699520
1841 0.1851440421
1846 0.1858321564
1847 0.1870277549
1863 0.1925298421
1864 0.1943559045
1881 0.1994097471
1884 0.1995052270
1885 0.1997283694
1893 0.1997602877
1900 0.2001120628
1906 0.2013044529
1924 0.2081078831
1934 0.2089776812
1937 0.2098547805
3061 0.2615336332
3064 0.2631301968
3069 0.2704749540
3072 0.2724201809
3074 0.2745141100
3082 0.2773771219
3083 0.2819442878
3098 0.2850952218
3102 0.2883173798
3119 0.2951942378
3130 0.2952639660
3131 0.2953337271
3139 0.2958229795
3143 0.2973005114
3145 0.2979382672
3155 0.2992936669
3163 0.4049894703
3165 0.4172926056
3168 0.4321521175
3169 0.4332004852
3173 0.4336513443
3178 0.4380585246
3187 0.4409948845
3197 0.4446025253
3199 0.4473072106
3211 0.4572891897
3213 0.4581271761
3227 0.4682524817
3231 0.4716091304
3252 0.5069965524
3254 0.5076142132
4693 0.6153088851
4702 0.6174364041
4704 0.6270378731
4715 0.6305170240
4722 0.6478362270
4724 0.6481721545
4729 0.6512112529
4751 0.7052186178
4756 0.7128599943
4764 0.7290755322
4777 0.7451564829
4785 0.7582650895
4795 0.8030838420
4798 0.8541168432
4803 0.8799718409
4806 0.9208103131
4810 0.9214891264
4818 0.9458948165
4831 0.9686168152
4835 0.9723842863
4842 0.9807767752
4858 1.0117361392
4865 1.0326311442
4878 1.0369141435
4882 1.0447137484
4884 1.0455876202
5305 1.1611704598
5309 1.1887779363
5331 1.2224938875
5335 1.2285012285
5358 1.2419274714
5362 1.2709710219
5367 1.2748597654
5383 1.3248542660
5389 1.3609145346
5392 1.3653741125
5397 1.3698630137
6173 1.3958682300
6175 1.4132278123
6201 1.4409221902
6257 1.4749262537
6260 1.5615240475
6270 1.5634771732
6273 1.5654351910
6299 1.5713387806
6318 1.5772870662
6323 1.6414970453
6398 1.6633399867
6402 1.6972165648
6517 1.7618040874
6908 1.7972681524
6923 1.8261504748
6931 1.8341892883
7039 1.8504811251
7048 1.8587360595
7052 1.8726591760
7067 1.9275250578
7071 1.9485580670
7091 2.0678246485
7123 2.1949078139
7753 2.1987686895
7772 2.3255813953
7797 2.3651844844
7840 2.5853154085
8431 2.5960539979
8432 2.7027027027
8436 2.7808676307
8447 2.8506271380
8456 3.0084235860
9668 3.0826140567
9677 3.2010243278
14318 3.3647375505
14338 3.4293552812
21281 3.5561877667
36201 3.6496350365
49923 3.6927621861
65785 3.7037037037
74418 3.7593984962
74425 3.8402457757
87296 3.9001560062
100991 1.7397355602
evaluations raw_y
1 0.0224874745
3 0.0240377681
6 0.0257220170
10 0.0275115273
15 0.0294045001
21 0.0314121653
28 0.0335044293
36 0.0356943988
45 0.0379541211
55 0.0402634842
66 0.0425974203
78 0.0449260517
91 0.0472152449
585 0.0479634710
598 0.0505081116
612 0.0529851853
673 0.0537761621
685 0.0566649289
698 0.0593471810
712 0.0618888476
1150 0.0621751349
1159 0.0661463157
1169 0.0700810137
1180 0.0739054601
1192 0.0772725868
1205 0.0804712396
1219 0.0829985724
1220 0.0833583408
1531 0.1354646437
1535 0.1361878303
1550 0.1408371359
1556 0.1410119014
1559 0.1412828483
1575 0.1442002653
1577 0.1451884546
1594 0.1497274960
1597 0.1509023963
1616 0.1555403472
1624 0.1563770564
1633 0.1617390179
1649 0.1644412287
1651 0.1659916340
1667 0.1704971697
1670 0.1715501269
1672 0.1719040088
1678 0.1724970675
1695 0.1789420943
1714 0.1841349341
1716 0.1853087243
2347 0.3917881210
2361 0.4181301221
2375 0.4385195580
2377 0.4386734515
2392 0.4784688995
2408 0.4868549172
2411 0.4935834156
2428 0.5094762584
2434 0.5172770536
2435 0.5209418629
2444 0.5286529922
3073 0.5410084397
3079 0.5517545796
3080 0.5544466622
3099 0.5767012687
3119 0.5990893841
3122 0.6051803437
3143 0.6186587478
3147 0.6232859636
3150 0.6362942224
3160 0.6398771436
3163 0.6664889363
3165 0.6776904310
3167 0.6923289947
3168 0.7068136839
3187 0.7286505392
3191 0.7491759065
3197 0.7578053956
3204 0.7628928898
3214 0.7652280380
3216 0.7704160247
3236 0.7974481659
3237 0.8051529791
3244 0.8130081301
3252 0.8308408109
3265 0.8695652174
3286 0.8912655971
3287 0.8996041742
3293 0.9201324991
3297 0.9221689414
3305 0.9366804046
3306 0.9589566552
3327 0.9838646202
3328 0.9956192752
3331 0.9980039920
3354 1.0020040080
3357 1.0377750104
4164 1.0403662089
4168 1.0752688172
4178 1.0893246187
4591 1.4697236919
4596 1.5142337977
4597 1.5384615385
4600 1.5792798484
4607 1.6880486158
4618 1.8839487566
4642 2.0542317173
4659 2.0712510356
4665 2.0815986678
4688 2.1132713440
6223 2.1533161068
6226 2.1795989538
6261 2.3386342376
6276 2.4154589372
6292 2.4295432459
6298 2.5227043391
6323 2.5278058645
8133 2.6178010471
8134 2.6343519494
11600 2.6511134677
11616 2.7027027027
11617 2.7685492802
18658 2.8312570781
18660 2.9036004646
24261 3.0450669915
24272 3.1289111389
25601 3.2341526520
41074 3.3829499323
41262 3.3921302578
41297 3.4578146611
43088 3.8051750381
43123 3.8880248834
51803 4.0257648953
82188 4.0518638574
98812 4.2881646655
100991 1.5713387806
evaluations raw_y
1 0.0223683622
3 0.0238288138
5 0.0253680910
8 0.0269736629
12 0.0286444309
17 0.0303622828
24 0.0321961648
32 0.0340566976
41 0.0359087057
51 0.0377170617
62 0.0394564480
74 0.0410812587
88 0.0427284691
119 0.0442940416
125 0.0473924665
132 0.0506103610
140 0.0538201546
149 0.0569618811
159 0.0601207224
170 0.0630851144
182 0.0658535943
195 0.0684537663
1378 0.0718205062
1389 0.0761011841
1401 0.0801873176
1414 0.0839517781
1428 0.0875564739
1531 0.0994154372
1547 0.1031480794
1548 0.1041362936
1564 0.1080894116
1566 0.1081174588
1583 0.1130147823
1601 0.1170466782
1604 0.1182536304
1623 0.1228440863
1627 0.1234872808
1629 0.1235971721
1633 0.1789677142
1635 0.1833516685
1650 0.1889787588
1652 0.1903891554
1668 0.1976440825
1671 0.1986807598
1673 0.2001120628
1679 0.2011101279
1696 0.2082465639
1714 0.2134016219
1716 0.2172213051
2449 0.2284148013
2459 0.2289586959
2460 0.2321478317
2475 0.2382994948
2477 0.2402691014
2493 0.2464754018
2496 0.2465240114
2497 0.2497253022
2504 0.2521940886
2521 0.2619721262
2531 0.2645782622
2549 0.2770697107
3082 0.2797359293
3083 0.2821988938
3104 0.2890507573
3112 0.2919537545
3134 0.2982937597
3143 0.3013863773
3144 0.3029201502
3159 0.3029935765
3163 0.3825554705
3185 0.3957574798
3191 0.3968883950
3200 0.3972668044
3206 0.4053834928
3228 0.4168751042
3234 0.4206629648
3257 0.4216562658
3571 0.7116424708
3575 0.7153075823
3584 0.7342143906
3605 0.7776049767
3606 0.7780890134
3616 0.7903888713
3631 0.7928956549
3653 0.7944073721
3661 0.7959248647
3668 0.7974481659
4591 0.8403361345
4599 0.8431703204
4603 0.8529512112
4616 0.8582217645
4631 0.8588114050
4655 0.8629616845
4670 0.8919015341
4693 1.1145786893
4700 1.1215791835
4707 1.1515430677
4713 1.2013455070
4723 1.2048192771
4724 1.2201073694
4735 1.2260912212
4743 1.2543903663
4757 1.2735608762
4781 1.2827090816
5169 1.2933264356
5177 1.3109596224
5183 1.3462574044
5601 1.3638843426
5606 1.4052838673
6223 1.5051173992
6225 1.5253203173
6228 1.6097875080
6235 1.7568517217
6243 1.7642907551
6264 1.7768301350
6267 1.7793594306
6275 1.8450184502
6278 1.8754688672
6302 1.9069412662
6305 1.9334880124
6314 1.9364833462
6934 1.9577133908
6935 1.9984012790
9390 2.0308692120
9400 2.1385799829
9403 2.2026431718
9411 2.2461814915
9416 2.2665457842
9427 2.3041474654
9430 2.3342670401
9436 2.3474178404
9479 2.4061597690
9544 2.5380710660
9586 2.8441410694
9769 2.8571428571
10586 3.0084235860
14554 3.0674846626
14580 3.1847133758
14586 3.2938076416
22746 3.3200531208
23960 3.3377837116
23966 3.3647375505
26411 3.4770514604
43631 3.4867503487
45346 3.4965034965
45378 3.5063113604
47320 3.5765379113
61976 3.6496350365
73812 3.7593984962
79252 4.0387722132
92105 4.0518638574
93186 4.1186161450
100991 1.8477457502
evaluations raw_y
1 0.0315692440
3 0.0340854864
5 0.0368324125
8 0.0397905426
12 0.0429737860
17 0.0463985449
23 0.0500370274
30 0.0538920865
38 0.0579790811
47 0.0620763291
57 0.0663851934
68 0.0707233585
80 0.0749962502
93 0.0790513834
603 0.0821854762
1514 0.0846109588
1529 0.0884235843
1559 0.0921794919
1576 0.0957891107
1578 0.0960614793
1579 0.0960688622
1582 0.0963131333
1600 0.1004863540
1619 0.1039890188
1620 0.1044320982
1704 0.1047998323
1723 0.1100303684
1726 0.1102730360
1727 0.1103606586
1734 0.1107615967
1735 0.1407419918
1752 0.1461219241
1753 0.1472407091
1770 0.1535909566
1773 0.1537988311
1774 0.1538556219
1778 0.1540262461
1781 0.1546933977
1788 0.1547891771
1806 0.1635590448
1825 0.1684749646
1827 0.1685431133
2143 0.1793786324
2145 0.1828688465
2149 0.1837559721
2150 0.1847063170
2157 0.1847882327
2173 0.1946585689
2190 0.2035002035
2191 0.2045993944
2209 0.2124946876
2214 0.2131832523
2215 0.2149797919
2234 0.2218869264
2235 0.2228759918
3061 0.2436884687
3063 0.2569637167
3067 0.2579713136
3085 0.2635740643
3089 0.2637409009
3094 0.2643544464
3102 0.2678093198
3108 0.2680965147
3113 0.2686150210
3117 0.2698327037
3128 0.2722421866
3149 0.2878526195
3256 0.3033612426
3369 0.3109066037
3385 0.3136369339
3388 0.3159358018
3405 0.3179448048
3414 0.3201434243
3417 0.3223726628
3427 0.3256480396
3431 0.3276110601
3432 0.3278688525
3441 0.3286446694
3452 0.3329338128
3571 0.5215939912
3580 0.5275374552
3581 0.5282062117
3593 0.5329354082
3597 0.5410084397
3600 0.5571651437
3621 0.5950964056
3634 0.5988023952
3646 0.6119951040
3668 0.6245316013
4591 0.7564296520
4602 0.7614986293
4616 0.7619628162
4619 0.7824726135
4646 0.8535336292
4647 0.8611780916
4660 0.8799718409
4663 0.8919015341
4691 0.9701202949
4700 0.9754194304
4711 0.9854158455
4719 1.0283833813
4721 1.0429703796
4745 1.1027790031
4763 1.1276499774
4790 1.2382367509
5101 1.4037057833
5115 1.4212620807
5127 1.4392630973
5151 1.4611338399
5152 1.4697236919
5159 1.4784151390
5163 1.5271838729
5171 1.5365703749
5178 1.5576323988
5201 1.5994881638
6272 1.6501650165
6277 1.6523463318
6283 1.6722408027
6294 1.7205781142
6295 1.7325017325
6297 1.7895490336
6309 1.8181818182
6324 1.8642803878
6371 1.9127773527
6387 1.9275250578
6415 1.9364833462
6833 2.0712510356
7025 2.3651844844
7849 2.3786869648
7853 2.5693730730
8151 2.6123301985
10365 2.6288117771
10393 2.7746947836
14772 2.8058361392
15703 2.8636884307
19114 2.9585798817
19115 2.9797377831
19128 2.9868578256
19129 3.0084235860
19147 3.0450669915
19160 3.1133250311
25702 3.1289111389
35258 3.1525851198
35291 3.1766200762
38429 3.2851511170
41695 3.5161744023
52815 3.5561877667
72828 3.6284470247
100991 1.4784151390
evaluations raw_y
1 0.0220982755
3 0.0236749150
5 0.0253675762
8 0.0271759808
12 0.0291039477
17 0.0311483784
23 0.0333053568
30 0.0355593486
38 0.0379138294
47 0.0403349414
57 0.0428089522
68 0.0452955991
80 0.0477874415
93 0.0502361097
158 0.0518381819
169 0.0549631747
181 0.0580760564
194 0.0611172228
289 0.0611650723
303 0.0638422840
1281 0.0641173604
1292 0.0678886626
1304 0.0715205264
1317 0.0749827540
1531 0.1008267796
1547 0.1041623266
1548 0.1051171004
1564 0.1091655386
1566 0.1092132279
1583 0.1139419352
1601 0.1179300910
1604 0.1189060642
1623 0.1235238895
1627 0.1238052791
1629 0.1240879535
1837 0.1816728435
1839 0.1854186754
1853 0.1894944289
1855 0.1927376455
1870 0.1984599508
1873 0.2005293976
1889 0.2053725458
1893 0.2058121347
1910 0.2118464537
1918 0.2119542179
1922 0.2138762940
3061 0.2333177788
3068 0.2349403252
3086 0.2363172323
3096 0.2368994599
3102 0.2382994948
3123 0.2452663593
3127 0.2481389578
3142 0.2493765586
3146 0.2498251224
3163 0.3020418026
3171 0.3038774766
3189 0.3099814011
3199 0.3114488601
3202 0.3126172315
3223 0.3208830702
3226 0.3264986287
3249 0.3375185635
3258 0.3446849579
3367 0.3568879372
3386 0.3644846187
3390 0.3724117384
3410 0.3875368160
3419 0.3922799310
3422 0.3961337347
3443 0.4063058671
3446 0.4131548504
3779 0.4199563245
3780 0.4293319595
3798 0.4457122482
3819 0.4593055300
3824 0.4684279558
3847 0.4868549172
3857 0.4878048780
4591 0.7376807318
4593 0.7550588946
4599 0.7628928898
4602 0.7893905905
4604 0.7928956549
4608 0.8172605427
4616 0.8397715821
4617 0.8414675194
4640 0.8477449983
4644 0.8564576910
4645 0.8629616845
4671 0.9345794393
4672 0.9582215408
4690 0.9708737864
4795 1.1720581341
4809 1.2285012285
4819 1.2827090816
4840 1.3713658804
4841 1.3728720483
4866 1.4212620807
4868 1.4293882218
4895 1.5479876161
6156 1.6181229773
6169 1.6244314490
6183 1.6350555919
6208 1.6722408027
6248 1.7182130584
6254 1.7593244194
6268 1.7667844523
6270 1.7793594306
6285 1.8615040953
6287 1.8925056775
6294 1.9425019425
6320 2.0885547201
6685 2.0920502092
6710 2.1910604733
8106 2.2747952684
8112 2.3474178404
8141 2.3518344309
8704 2.4108003857
8714 2.6288117771
8738 2.8636884307
8764 3.0525030525
12036 3.0599755202
12445 3.2258064516
12476 3.3557046980
12501 3.3829499323
12537 3.4867503487
22132 3.7481259370
34831 3.7593984962
44567 4.0257648953
59664 4.1322314050
100991 1.7946877243
