evaluations raw_y
1 0.9338812103
3 0.9877518767
4 1.0060362173
6 1.0893246187
7 1.1195700851
8 1.2048192771
9 1.3041210224
10 1.4343086632
17 1.4560279557
19 1.7325017325
20 1.7946877243
22 1.8341892883
34 1.8532246108
35 1.9364833462
37 1.9516003123
38 1.9546520719
44 2.0080321285
45 2.1720243267
68 2.2956841139
71 2.3969319271
72 2.5278058645
77 2.5432349949
81 2.5906735751
86 2.6068821689
88 2.6123301985
103 2.6178010471
144 2.9171528588
151 3.0525030525
201 3.1685678074
230 3.1928480204
239 3.2509752926
244 3.4013605442
264 3.4867503487
283 3.7257824143
100001 3.2175032175
evaluations raw_y
1 0.3404603023
2 0.4152134197
3 0.4753755467
4 0.5574136009
5 0.6340349987
6 0.6776904310
7 0.7169486665
8 0.8188666885
10 0.9331840239
12 0.9964129135
13 1.1125945705
15 1.1420740064
18 1.1644154634
21 1.2370113805
22 1.2658227848
25 1.2906556531
27 1.3220518244
31 1.4662756598
32 1.5290519878
33 1.5576323988
43 1.5832805573
46 1.6223231668
48 1.6244314490
49 1.6393442623
53 1.6995241332
56 1.7064846416
58 1.8234865062
61 1.9394879752
64 2.1061499579
65 2.1385799829
80 2.4437927664
87 2.7502750275
90 2.7563395810
97 2.9036004646
145 2.9655990510
182 3.0450669915
238 3.2425421530
270 3.3377837116
100001 2.7685492802
evaluations raw_y
1 1.2419274714
2 1.3304949441
3 1.3943112103
5 1.6077170418
9 1.6972165648
13 1.8288222385
15 2.0145044319
19 2.2747952684
25 2.2956841139
29 2.4248302619
30 2.4777006938
47 2.6624068158
79 2.6680896478
88 2.9103608847
113 3.0156815440
139 3.0229746070
150 3.0750307503
152 3.1289111389
196 3.2010243278
197 3.2594524120
230 3.2679738562
260 3.3112582781
304 3.3921302578
364 3.5561877667
422 3.6075036075
458 3.7037037037
509 3.8284839204
100001 3.4199726402
evaluations raw_y
1 1.0989010989
2 1.3347570742
3 1.4084507042
5 1.4100394811
6 1.4148273911
8 1.4326647564
25 1.5713387806
33 1.5733165513
34 1.5954052329
49 1.6015374760
53 1.6160310278
54 1.6611295681
59 1.6903313049
73 1.8477457502
83 1.8559762435
93 1.9040365575
97 1.9485580670
102 2.1758050479
110 2.2421524664
118 2.2706630336
129 2.3430178069
137 2.4108003857
141 2.4154589372
146 2.4295432459
153 2.4533856722
172 2.4777006938
195 2.5746652935
206 2.6232948583
232 2.6624068158
243 2.8248587571
258 2.8312570781
298 2.9868578256
334 3.0674846626
367 3.2175032175
377 3.5561877667
382 3.6496350365
100001 3.6179450072
evaluations raw_y
1 1.2493753123
3 1.4611338399
4 1.7445917655
14 1.9011406844
17 1.9700551615
18 1.9920318725
24 2.0475020475
32 2.0712510356
38 2.1312872975
39 2.2182786158
47 2.2872827081
52 2.3786869648
58 2.4875621891
63 2.6068821689
66 2.7502750275
72 2.9377203290
107 2.9446407538
111 3.0674846626
136 3.1367628607
165 3.3647375505
181 3.4482758621
223 3.5161744023
100001 3.1847133758
evaluations raw_y
1 0.7442691277
3 0.7509762691
5 0.7756748371
7 0.8177952241
8 0.8325008325
10 0.8477449983
14 1.0101010101
15 1.0752688172
16 1.1709601874
19 1.2248897599
22 1.3594344753
24 1.5893197711
25 1.7088174983
27 1.8102824041
30 1.8234865062
35 2.0016012810
37 2.0712510356
39 2.0955574183
56 2.2026431718
60 2.2381378693
63 2.3084025854
69 2.3651844844
75 2.5432349949
81 2.6567481403
93 2.7442371021
102 2.7746947836
111 2.9940119760
127 3.0750307503
179 3.2594524120
258 3.4106412005
364 3.4387895461
373 3.5460992908
380 3.8639876352
100001 3.2509752926
evaluations raw_y
1 0.8623663332
2 0.9201324991
3 0.9487666034
5 0.9807767752
6 1.0199918401
7 1.1018069634
11 1.2165450122
12 1.2370113805
13 1.2683916794
14 1.3550135501
17 1.4180374362
18 1.4196479273
19 1.4442518775
21 1.6655562958
22 1.6722408027
23 1.7301038062
27 1.8024513338
30 1.8698578908
31 2.0576131687
40 2.1533161068
42 2.1872265967
44 2.2706630336
56 2.4061597690
59 2.6455026455
69 2.8835063437
80 2.9036004646
122 2.9797377831
125 3.1055900621
156 3.1446540881
164 3.1525851198
173 3.2938076416
189 3.3025099075
240 3.4578146611
390 3.5063113604
408 3.8639876352
833 4.3029259897
862 4.3478260870
100001 3.7821482602
evaluations raw_y
1 1.2946659762
3 1.3068478829
5 1.3448090371
8 1.5271838729
12 1.5595757954
13 1.8532246108
14 1.9069412662
30 1.9762845850
31 2.0048115477
47 2.0080321285
59 2.2341376229
60 2.2461814915
67 2.3342670401
86 2.6343519494
89 2.9940119760
311 3.1685678074
323 3.4013605442
325 3.4482758621
352 3.4578146611
386 3.5063113604
100001 3.0826140567
evaluations raw_y
1 0.9067827349
3 0.9708737864
4 1.0076582023
5 1.0893246187
7 1.1990407674
8 1.2285012285
9 1.2370113805
10 1.3137151865
18 1.4836795252
20 1.5634771732
21 1.5654351910
22 1.6329196604
26 1.7158544955
36 1.9069412662
39 2.0610057708
55 2.0990764064
64 2.2381378693
68 2.3518344309
73 2.4485798237
126 2.5853154085
144 2.6014568158
149 2.6068821689
169 2.7624309392
171 2.7685492802
177 2.9585798817
209 2.9797377831
236 3.0156815440
237 3.4199726402
253 3.4293552812
100001 2.7442371021
evaluations raw_y
1 1.4343086632
3 1.5197568389
6 1.8341892883
10 1.9888623707
15 2.0990764064
16 2.1607605877
17 2.2261798753
31 2.4015369837
51 2.4248302619
56 2.4582104228
69 2.6288117771
80 2.6567481403
84 2.6737967914
90 2.7746947836
95 2.7808676307
159 2.8768699655
174 3.0084235860
178 3.0156815440
183 3.1133250311
250 3.2341526520
265 3.4387895461
286 3.4482758621
100001 2.9239766082
