evaluations raw_y
1 -1273.0000000000
3 -1234.0000000000
4 -1205.0000000000
8 -1166.0000000000
9 -1127.0000000000
10 -1098.0000000000
13 -1059.0000000000
14 -1030.0000000000
15 -991.0000000000
20 -952.0000000000
21 -913.0000000000
25 -884.0000000000
26 -845.0000000000
28 -806.0000000000
30 -767.0000000000
33 -738.0000000000
35 -709.0000000000
36 -680.0000000000
37 -641.0000000000
39 -612.0000000000
41 -583.0000000000
42 -554.0000000000
45 -515.0000000000
47 -486.0000000000
48 -447.0000000000
51 -408.0000000000
66 -369.0000000000
68 -350.0000000000
73 -341.0000000000
75 -322.0000000000
76 -293.0000000000
77 -254.0000000000
82 -225.0000000000
86 -216.0000000000
93 -187.0000000000
100 -168.0000000000
101 -149.0000000000
102 -130.0000000000
103 -129.0000000000
117 -90.0000000000
139 -51.0000000000
140 -42.0000000000
160 -23.0000000000
205 -22.0000000000
210 -21.0000000000
232 -2.0000000000
236 7.0000000000
266 8.0000000000
282 9.0000000000
100001 -20.0000000000
evaluations raw_y
1 -1147.0000000000
10 -1108.0000000000
13 -1079.0000000000
15 -1050.0000000000
17 -1021.0000000000
18 -992.0000000000
19 -963.0000000000
23 -924.0000000000
25 -895.0000000000
27 -856.0000000000
28 -817.0000000000
29 -788.0000000000
30 -749.0000000000
32 -710.0000000000
34 -681.0000000000
38 -642.0000000000
39 -603.0000000000
41 -564.0000000000
47 -525.0000000000
51 -486.0000000000
54 -447.0000000000
56 -418.0000000000
58 -379.0000000000
59 -350.0000000000
74 -321.0000000000
78 -282.0000000000
91 -253.0000000000
104 -234.0000000000
114 -215.0000000000
116 -186.0000000000
118 -157.0000000000
123 -148.0000000000
124 -119.0000000000
132 -100.0000000000
142 -81.0000000000
161 -62.0000000000
164 -43.0000000000
168 -42.0000000000
169 -41.0000000000
175 -32.0000000000
191 -3.0000000000
211 -2.0000000000
220 -1.0000000000
304 8.0000000000
100001 -21.0000000000
evaluations raw_y
1 -1449.0000000000
3 -1410.0000000000
5 -1371.0000000000
6 -1342.0000000000
7 -1303.0000000000
10 -1264.0000000000
12 -1225.0000000000
13 -1186.0000000000
14 -1147.0000000000
17 -1108.0000000000
18 -1069.0000000000
21 -1040.0000000000
23 -1011.0000000000
24 -992.0000000000
29 -953.0000000000
30 -914.0000000000
31 -875.0000000000
38 -836.0000000000
39 -807.0000000000
41 -778.0000000000
43 -739.0000000000
49 -710.0000000000
50 -671.0000000000
52 -642.0000000000
53 -613.0000000000
56 -574.0000000000
66 -545.0000000000
83 -506.0000000000
84 -477.0000000000
105 -438.0000000000
106 -409.0000000000
107 -370.0000000000
110 -331.0000000000
111 -292.0000000000
114 -273.0000000000
115 -244.0000000000
116 -205.0000000000
118 -176.0000000000
120 -167.0000000000
122 -138.0000000000
125 -109.0000000000
136 -90.0000000000
148 -51.0000000000
156 -50.0000000000
201 -41.0000000000
215 -32.0000000000
227 -31.0000000000
229 -22.0000000000
235 -3.0000000000
263 6.0000000000
266 7.0000000000
282 8.0000000000
100001 -11.0000000000
evaluations raw_y
1 -1312.0000000000
5 -1283.0000000000
7 -1244.0000000000
9 -1205.0000000000
10 -1166.0000000000
16 -1137.0000000000
18 -1098.0000000000
23 -1059.0000000000
24 -1020.0000000000
25 -981.0000000000
27 -952.0000000000
28 -923.0000000000
30 -884.0000000000
31 -845.0000000000
32 -806.0000000000
33 -767.0000000000
38 -728.0000000000
51 -689.0000000000
57 -660.0000000000
58 -631.0000000000
59 -592.0000000000
64 -563.0000000000
65 -534.0000000000
69 -505.0000000000
70 -476.0000000000
71 -437.0000000000
74 -408.0000000000
79 -379.0000000000
82 -360.0000000000
87 -331.0000000000
97 -292.0000000000
100 -263.0000000000
107 -234.0000000000
114 -225.0000000000
118 -196.0000000000
120 -177.0000000000
122 -148.0000000000
129 -119.0000000000
134 -90.0000000000
138 -71.0000000000
156 -52.0000000000
165 -51.0000000000
171 -50.0000000000
208 -31.0000000000
235 -12.0000000000
256 -11.0000000000
259 -2.0000000000
279 7.0000000000
414 8.0000000000
100001 -21.0000000000
evaluations raw_y
1 -1303.0000000000
10 -1264.0000000000
11 -1225.0000000000
12 -1186.0000000000
13 -1147.0000000000
15 -1108.0000000000
18 -1069.0000000000
19 -1040.0000000000
21 -1001.0000000000
24 -962.0000000000
27 -933.0000000000
28 -904.0000000000
31 -865.0000000000
32 -826.0000000000
33 -787.0000000000
37 -748.0000000000
44 -709.0000000000
48 -680.0000000000
51 -641.0000000000
55 -612.0000000000
56 -573.0000000000
57 -544.0000000000
60 -515.0000000000
67 -476.0000000000
69 -447.0000000000
70 -408.0000000000
71 -379.0000000000
76 -350.0000000000
77 -321.0000000000
81 -282.0000000000
86 -253.0000000000
108 -234.0000000000
116 -215.0000000000
120 -186.0000000000
142 -167.0000000000
147 -148.0000000000
150 -129.0000000000
158 -100.0000000000
163 -81.0000000000
182 -62.0000000000
193 -61.0000000000
231 -42.0000000000
271 -33.0000000000
300 -32.0000000000
303 -23.0000000000
309 -14.0000000000
319 -13.0000000000
320 -12.0000000000
344 -3.0000000000
352 -2.0000000000
355 7.0000000000
366 8.0000000000
520 9.0000000000
100001 -20.0000000000
evaluations raw_y
1 -1293.0000000000
3 -1254.0000000000
4 -1215.0000000000
5 -1176.0000000000
6 -1137.0000000000
13 -1098.0000000000
15 -1059.0000000000
16 -1020.0000000000
19 -981.0000000000
22 -942.0000000000
23 -903.0000000000
25 -884.0000000000
28 -845.0000000000
33 -816.0000000000
35 -787.0000000000
41 -748.0000000000
42 -719.0000000000
46 -680.0000000000
59 -641.0000000000
60 -612.0000000000
64 -583.0000000000
69 -544.0000000000
81 -515.0000000000
84 -476.0000000000
86 -457.0000000000
87 -428.0000000000
88 -389.0000000000
93 -360.0000000000
108 -331.0000000000
109 -312.0000000000
112 -283.0000000000
134 -274.0000000000
135 -255.0000000000
136 -226.0000000000
138 -187.0000000000
144 -168.0000000000
146 -149.0000000000
147 -130.0000000000
155 -129.0000000000
161 -100.0000000000
166 -81.0000000000
181 -52.0000000000
217 -33.0000000000
233 -32.0000000000
247 -23.0000000000
248 -4.0000000000
258 -3.0000000000
266 -2.0000000000
299 7.0000000000
304 8.0000000000
100001 -11.0000000000
evaluations raw_y
1 -1546.0000000000
2 -1507.0000000000
4 -1468.0000000000
6 -1429.0000000000
8 -1390.0000000000
11 -1351.0000000000
13 -1312.0000000000
14 -1283.0000000000
15 -1244.0000000000
17 -1205.0000000000
18 -1166.0000000000
19 -1127.0000000000
22 -1088.0000000000
24 -1049.0000000000
28 -1010.0000000000
29 -981.0000000000
31 -942.0000000000
32 -913.0000000000
33 -884.0000000000
38 -865.0000000000
39 -836.0000000000
41 -797.0000000000
45 -758.0000000000
46 -729.0000000000
49 -690.0000000000
56 -661.0000000000
57 -622.0000000000
63 -593.0000000000
64 -554.0000000000
71 -525.0000000000
73 -496.0000000000
74 -467.0000000000
75 -448.0000000000
82 -409.0000000000
83 -380.0000000000
89 -341.0000000000
90 -312.0000000000
97 -293.0000000000
101 -254.0000000000
102 -235.0000000000
104 -206.0000000000
115 -187.0000000000
122 -168.0000000000
135 -139.0000000000
142 -110.0000000000
144 -81.0000000000
146 -72.0000000000
159 -63.0000000000
171 -54.0000000000
181 -53.0000000000
199 -52.0000000000
205 -51.0000000000
209 -50.0000000000
234 -31.0000000000
254 -22.0000000000
311 -21.0000000000
347 -12.0000000000
353 -3.0000000000
362 -2.0000000000
403 -1.0000000000
502 8.0000000000
100001 7.0000000000
evaluations raw_y
1 -1069.0000000000
2 -1040.0000000000
4 -1001.0000000000
5 -972.0000000000
6 -933.0000000000
10 -894.0000000000
11 -855.0000000000
14 -826.0000000000
16 -797.0000000000
18 -768.0000000000
19 -739.0000000000
20 -700.0000000000
24 -661.0000000000
25 -632.0000000000
26 -593.0000000000
35 -554.0000000000
36 -515.0000000000
38 -486.0000000000
41 -447.0000000000
44 -418.0000000000
46 -379.0000000000
49 -360.0000000000
50 -351.0000000000
56 -322.0000000000
70 -293.0000000000
74 -264.0000000000
81 -225.0000000000
82 -196.0000000000
94 -157.0000000000
99 -138.0000000000
105 -109.0000000000
110 -100.0000000000
113 -81.0000000000
124 -80.0000000000
128 -71.0000000000
130 -52.0000000000
157 -51.0000000000
184 -42.0000000000
200 -23.0000000000
227 -22.0000000000
287 -3.0000000000
341 -2.0000000000
412 7.0000000000
504 8.0000000000
647 9.0000000000
100001 -20.0000000000
evaluations raw_y
1 -1284.0000000000
2 -1245.0000000000
5 -1206.0000000000
13 -1167.0000000000
16 -1128.0000000000
17 -1089.0000000000
18 -1060.0000000000
21 -1021.0000000000
24 -982.0000000000
26 -943.0000000000
27 -914.0000000000
29 -895.0000000000
30 -856.0000000000
36 -817.0000000000
39 -778.0000000000
40 -739.0000000000
44 -700.0000000000
52 -661.0000000000
53 -642.0000000000
54 -623.0000000000
60 -594.0000000000
61 -555.0000000000
62 -516.0000000000
65 -487.0000000000
70 -458.0000000000
74 -419.0000000000
78 -410.0000000000
81 -391.0000000000
88 -352.0000000000
97 -313.0000000000
107 -294.0000000000
126 -255.0000000000
135 -226.0000000000
139 -197.0000000000
141 -196.0000000000
143 -187.0000000000
145 -158.0000000000
155 -129.0000000000
161 -110.0000000000
192 -71.0000000000
200 -32.0000000000
204 -13.0000000000
223 -12.0000000000
224 -3.0000000000
234 6.0000000000
273 7.0000000000
362 8.0000000000
462 9.0000000000
100001 -10.0000000000
evaluations raw_y
1 -1225.0000000000
11 -1186.0000000000
12 -1147.0000000000
13 -1118.0000000000
14 -1079.0000000000
15 -1040.0000000000
16 -1001.0000000000
17 -962.0000000000
19 -923.0000000000
22 -884.0000000000
25 -855.0000000000
28 -816.0000000000
29 -787.0000000000
34 -758.0000000000
38 -719.0000000000
39 -690.0000000000
40 -651.0000000000
44 -612.0000000000
47 -593.0000000000
52 -554.0000000000
57 -515.0000000000
62 -486.0000000000
63 -457.0000000000
65 -428.0000000000
67 -389.0000000000
71 -360.0000000000
81 -331.0000000000
84 -302.0000000000
86 -283.0000000000
96 -254.0000000000
99 -225.0000000000
102 -196.0000000000
111 -167.0000000000
114 -128.0000000000
118 -109.0000000000
125 -90.0000000000
137 -61.0000000000
158 -42.0000000000
166 -41.0000000000
174 -22.0000000000
179 -21.0000000000
272 -12.0000000000
288 -11.0000000000
293 -2.0000000000
294 7.0000000000
377 8.0000000000
100001 -21.0000000000
