evaluations raw_y
1 1.0000000000
3 2.0000000000
14 3.0000000000
22 4.0000000000
42 5.0000000000
49 7.0000000000
77 9.0000000000
119 13.0000000000
141 14.0000000000
170 17.0000000000
344 19.0000000000
381 21.0000000000
597 23.0000000000
663 24.0000000000
877 25.0000000000
1093 26.0000000000
1194 28.0000000000
1394 29.0000000000
1615 35.0000000000
1935 38.0000000000
2602 39.0000000000
2715 42.0000000000
2786 44.0000000000
2915 46.0000000000
3152 47.0000000000
3404 48.0000000000
3743 49.0000000000
3883 50.0000000000
4057 54.0000000000
4069 55.0000000000
4382 56.0000000000
4538 58.0000000000
4660 60.0000000000
4962 61.0000000000
5070 65.0000000000
5405 66.0000000000
5455 68.0000000000
5894 70.0000000000
6058 71.0000000000
6287 72.0000000000
6409 73.0000000000
6846 78.0000000000
7184 83.0000000000
7291 86.0000000000
7641 90.0000000000
7828 96.0000000000
8035 97.0000000000
8419 99.0000000000
9028 100.0000000000
100000 6.0000000000
evaluations raw_y
1 1.0000000000
3 2.0000000000
7 3.0000000000
20 5.0000000000
47 7.0000000000
81 11.0000000000
134 14.0000000000
253 23.0000000000
391 25.0000000000
661 27.0000000000
795 29.0000000000
868 32.0000000000
1036 34.0000000000
1227 35.0000000000
1309 40.0000000000
1582 42.0000000000
2364 44.0000000000
2438 45.0000000000
2663 46.0000000000
2926 47.0000000000
3123 49.0000000000
3246 53.0000000000
3463 54.0000000000
3556 55.0000000000
3611 59.0000000000
3938 60.0000000000
4276 62.0000000000
4477 66.0000000000
5184 69.0000000000
5447 71.0000000000
6127 73.0000000000
6298 74.0000000000
6672 75.0000000000
6775 77.0000000000
6885 78.0000000000
6914 79.0000000000
7190 80.0000000000
7411 98.0000000000
8714 99.0000000000
9061 100.0000000000
100000 45.0000000000
evaluations raw_y
1 0.0000000000
3 1.0000000000
4 2.0000000000
9 4.0000000000
43 9.0000000000
47 10.0000000000
107 11.0000000000
115 12.0000000000
204 13.0000000000
370 17.0000000000
377 18.0000000000
686 24.0000000000
1027 26.0000000000
1170 27.0000000000
1318 28.0000000000
1350 30.0000000000
1416 33.0000000000
1593 34.0000000000
1802 36.0000000000
2094 38.0000000000
2366 40.0000000000
2481 43.0000000000
2862 44.0000000000
3006 50.0000000000
3287 54.0000000000
3489 56.0000000000
3823 57.0000000000
4038 58.0000000000
4261 59.0000000000
4616 62.0000000000
4970 63.0000000000
5109 64.0000000000
5378 65.0000000000
5486 66.0000000000
5778 67.0000000000
5942 72.0000000000
6079 73.0000000000
6183 74.0000000000
6706 81.0000000000
6839 84.0000000000
6983 85.0000000000
7378 88.0000000000
7416 91.0000000000
7584 92.0000000000
8222 94.0000000000
8267 95.0000000000
8465 98.0000000000
8734 99.0000000000
8896 100.0000000000
100000 100.0000000000
evaluations raw_y
1 1.0000000000
5 2.0000000000
7 6.0000000000
37 9.0000000000
89 10.0000000000
132 11.0000000000
141 12.0000000000
196 14.0000000000
223 15.0000000000
301 16.0000000000
323 17.0000000000
431 18.0000000000
573 20.0000000000
976 21.0000000000
1261 22.0000000000
1387 24.0000000000
1529 26.0000000000
1569 28.0000000000
1597 29.0000000000
1771 30.0000000000
1805 32.0000000000
1890 33.0000000000
2004 35.0000000000
2198 36.0000000000
2332 37.0000000000
2489 38.0000000000
2564 40.0000000000
2955 42.0000000000
3168 44.0000000000
3356 46.0000000000
3452 47.0000000000
3667 48.0000000000
3886 49.0000000000
4170 50.0000000000
4347 53.0000000000
4546 54.0000000000
4888 55.0000000000
4988 56.0000000000
5195 57.0000000000
5578 58.0000000000
5643 59.0000000000
5967 60.0000000000
6100 62.0000000000
6240 63.0000000000
6842 64.0000000000
7007 66.0000000000
7069 67.0000000000
7352 70.0000000000
7663 73.0000000000
7804 75.0000000000
8003 79.0000000000
8215 80.0000000000
8564 82.0000000000
8678 86.0000000000
8719 87.0000000000
8946 88.0000000000
9048 90.0000000000
9550 91.0000000000
9969 95.0000000000
10280 96.0000000000
10301 98.0000000000
11131 99.0000000000
11163 100.0000000000
100000 100.0000000000
evaluations raw_y
1 1.0000000000
2 2.0000000000
7 4.0000000000
29 5.0000000000
49 7.0000000000
122 8.0000000000
130 10.0000000000
147 12.0000000000
252 13.0000000000
475 14.0000000000
802 16.0000000000
1238 17.0000000000
1424 18.0000000000
1727 23.0000000000
2078 24.0000000000
2355 26.0000000000
2390 28.0000000000
2505 29.0000000000
2672 30.0000000000
2881 31.0000000000
2960 33.0000000000
3152 34.0000000000
3524 35.0000000000
3653 36.0000000000
3990 37.0000000000
4151 39.0000000000
4276 41.0000000000
4679 42.0000000000
4797 44.0000000000
4921 46.0000000000
5095 47.0000000000
5421 48.0000000000
6335 49.0000000000
6409 51.0000000000
6713 52.0000000000
6742 54.0000000000
6981 55.0000000000
7332 59.0000000000
7484 62.0000000000
7939 63.0000000000
8106 66.0000000000
8342 67.0000000000
8412 68.0000000000
8677 69.0000000000
8718 72.0000000000
8996 74.0000000000
9502 80.0000000000
9834 81.0000000000
9965 82.0000000000
10277 83.0000000000
10494 87.0000000000
10642 90.0000000000
11016 91.0000000000
11939 93.0000000000
12405 94.0000000000
12776 95.0000000000
13094 97.0000000000
13144 98.0000000000
13706 100.0000000000
100000 71.0000000000
evaluations raw_y
1 1.0000000000
3 5.0000000000
10 7.0000000000
60 9.0000000000
92 10.0000000000
99 12.0000000000
191 14.0000000000
228 19.0000000000
277 20.0000000000
352 21.0000000000
604 22.0000000000
885 25.0000000000
948 26.0000000000
1367 29.0000000000
1513 31.0000000000
1562 33.0000000000
1829 34.0000000000
2300 35.0000000000
2559 36.0000000000
2772 37.0000000000
2870 38.0000000000
3322 40.0000000000
3631 41.0000000000
3788 43.0000000000
3882 45.0000000000
4092 49.0000000000
4187 50.0000000000
4394 55.0000000000
4719 56.0000000000
4963 57.0000000000
5034 58.0000000000
5332 59.0000000000
5635 60.0000000000
5756 62.0000000000
6260 64.0000000000
6421 65.0000000000
6698 66.0000000000
6761 68.0000000000
7576 69.0000000000
7773 73.0000000000
7922 77.0000000000
8573 80.0000000000
8654 83.0000000000
9108 84.0000000000
9245 86.0000000000
9283 87.0000000000
9698 89.0000000000
10062 91.0000000000
10419 93.0000000000
10780 98.0000000000
10924 100.0000000000
100000 0.0000000000
evaluations raw_y
1 2.0000000000
4 3.0000000000
25 4.0000000000
40 5.0000000000
98 6.0000000000
129 10.0000000000
141 11.0000000000
164 14.0000000000
231 16.0000000000
300 18.0000000000
502 19.0000000000
629 20.0000000000
816 25.0000000000
1111 26.0000000000
1342 30.0000000000
1500 32.0000000000
1871 33.0000000000
2105 36.0000000000
2387 38.0000000000
2682 39.0000000000
3116 45.0000000000
3264 46.0000000000
3343 47.0000000000
3419 48.0000000000
3583 49.0000000000
4320 50.0000000000
5170 52.0000000000
5239 53.0000000000
5577 55.0000000000
6100 56.0000000000
6535 57.0000000000
6770 59.0000000000
7006 64.0000000000
7136 65.0000000000
7400 67.0000000000
7728 70.0000000000
8028 73.0000000000
8140 80.0000000000
8378 81.0000000000
8707 82.0000000000
8999 86.0000000000
9177 87.0000000000
9412 89.0000000000
9433 90.0000000000
9494 91.0000000000
9787 98.0000000000
9916 100.0000000000
100000 100.0000000000
evaluations raw_y
1 1.0000000000
2 2.0000000000
12 4.0000000000
13 6.0000000000
76 8.0000000000
96 9.0000000000
118 11.0000000000
255 12.0000000000
338 13.0000000000
352 14.0000000000
531 15.0000000000
580 16.0000000000
711 17.0000000000
1026 18.0000000000
1145 20.0000000000
1275 21.0000000000
1367 23.0000000000
1639 24.0000000000
1838 25.0000000000
1944 26.0000000000
2106 27.0000000000
2189 31.0000000000
2342 32.0000000000
2697 33.0000000000
3010 34.0000000000
3254 35.0000000000
3345 37.0000000000
3476 38.0000000000
3667 43.0000000000
3747 45.0000000000
3873 51.0000000000
3966 52.0000000000
4174 54.0000000000
4282 55.0000000000
4450 56.0000000000
4665 57.0000000000
4784 58.0000000000
4872 59.0000000000
5345 61.0000000000
5566 62.0000000000
5658 70.0000000000
5796 72.0000000000
6027 73.0000000000
6517 76.0000000000
6600 79.0000000000
7424 80.0000000000
7585 82.0000000000
7937 83.0000000000
8082 84.0000000000
8357 89.0000000000
8631 93.0000000000
8917 96.0000000000
9276 100.0000000000
100000 100.0000000000
evaluations raw_y
1 1.0000000000
3 2.0000000000
14 4.0000000000
53 6.0000000000
109 8.0000000000
145 11.0000000000
257 17.0000000000
436 18.0000000000
703 21.0000000000
919 25.0000000000
1000 28.0000000000
1352 29.0000000000
1585 30.0000000000
1668 31.0000000000
1819 32.0000000000
1864 33.0000000000
2175 34.0000000000
2539 37.0000000000
2612 39.0000000000
2923 41.0000000000
3118 44.0000000000
3238 46.0000000000
3309 47.0000000000
3460 49.0000000000
3860 53.0000000000
3945 55.0000000000
4385 61.0000000000
4428 62.0000000000
4521 64.0000000000
4738 65.0000000000
5141 66.0000000000
5290 67.0000000000
5581 68.0000000000
5918 69.0000000000
6001 70.0000000000
6277 72.0000000000
6460 74.0000000000
6835 75.0000000000
6897 76.0000000000
7079 77.0000000000
7179 78.0000000000
7272 79.0000000000
7436 80.0000000000
7537 81.0000000000
8090 83.0000000000
8244 84.0000000000
8342 85.0000000000
8486 86.0000000000
8572 87.0000000000
9021 89.0000000000
9514 91.0000000000
10624 92.0000000000
11014 93.0000000000
11464 95.0000000000
11715 96.0000000000
11741 100.0000000000
100000 100.0000000000
evaluations raw_y
1 0.0000000000
4 3.0000000000
17 8.0000000000
56 10.0000000000
91 12.0000000000
165 13.0000000000
181 21.0000000000
211 22.0000000000
310 23.0000000000
677 25.0000000000
1402 27.0000000000
1482 28.0000000000
1774 29.0000000000
1979 30.0000000000
2126 32.0000000000
2211 34.0000000000
2604 35.0000000000
2924 36.0000000000
2957 38.0000000000
3505 39.0000000000
3794 42.0000000000
3800 43.0000000000
3887 45.0000000000
4148 46.0000000000
4449 51.0000000000
4567 52.0000000000
4859 53.0000000000
4948 55.0000000000
5154 56.0000000000
5271 57.0000000000
5590 58.0000000000
5804 59.0000000000
6068 61.0000000000
6372 62.0000000000
6514 63.0000000000
6586 64.0000000000
6879 65.0000000000
7059 66.0000000000
7379 71.0000000000
7674 75.0000000000
7978 76.0000000000
8101 78.0000000000
8196 79.0000000000
8500 81.0000000000
8651 82.0000000000
8780 83.0000000000
9741 85.0000000000
10224 87.0000000000
10330 88.0000000000
10833 89.0000000000
11061 90.0000000000
11496 92.0000000000
11593 100.0000000000
100000 18.0000000000
