evaluations raw_y
1 -2599.0000000000
6 -1868.0000000000
8 -976.0000000000
17 -376.0000000000
19 -196.0000000000
20 -70.0000000000
44 -32.0000000000
8027 -31.0000000000
10000 -1727.0000000000
evaluations raw_y
1 -137.0000000000
13 -115.0000000000
50 -81.0000000000
10000 -1575.0000000000
evaluations raw_y
1 -1653.0000000000
4 -1343.0000000000
5 45.8800000000
194 56.6800000000
378 59.0500000000
527 70.2900000000
1093 82.0400000000
1275 82.4800000000
1517 99.2800000000
1717 118.6500000000
1751 124.5100000000
2231 138.3600000000
2321 144.5500000000
4183 152.4100000000
4517 168.1500000000
5979 171.0100000000
6748 172.1600000000
10000 -1522.0000000000
