evaluations raw_y
1 -388.0000000000
6 -386.0000000000
11 -385.0000000000
16 -384.0000000000
18 -383.0000000000
20 -382.0000000000
22 -381.0000000000
23 -380.0000000000
25 -379.0000000000
28 -378.0000000000
29 -377.0000000000
34 -376.0000000000
35 -374.0000000000
40 -373.0000000000
41 -372.0000000000
48 -371.0000000000
59 -370.0000000000
67 -369.0000000000
69 -368.0000000000
74 -367.0000000000
78 -366.0000000000
85 -364.0000000000
87 -363.0000000000
95 -362.0000000000
96 -361.0000000000
97 -360.0000000000
100 -358.0000000000
107 -357.0000000000
115 -355.0000000000
117 -354.0000000000
123 -353.0000000000
128 -352.0000000000
136 -351.0000000000
137 -350.0000000000
141 -349.0000000000
144 -348.0000000000
145 -347.0000000000
153 -346.0000000000
155 -345.0000000000
164 -344.0000000000
166 -343.0000000000
168 -342.0000000000
172 -341.0000000000
173 -340.0000000000
176 -338.0000000000
178 -337.0000000000
180 -336.0000000000
186 -335.0000000000
187 -334.0000000000
191 -333.0000000000
192 -329.0000000000
193 -327.0000000000
197 -326.0000000000
201 -325.0000000000
204 -324.0000000000
205 -323.0000000000
206 -322.0000000000
208 -321.0000000000
218 -320.0000000000
219 -318.0000000000
220 -316.0000000000
223 -315.0000000000
227 -314.0000000000
229 -313.0000000000
233 -312.0000000000
234 -311.0000000000
251 -310.0000000000
254 -308.0000000000
259 -307.0000000000
264 -305.0000000000
266 -304.0000000000
273 -302.0000000000
284 -301.0000000000
296 -300.0000000000
300 -299.0000000000
306 -296.0000000000
308 -294.0000000000
314 -293.0000000000
328 -292.0000000000
344 -290.0000000000
349 -289.0000000000
358 -288.0000000000
359 -287.0000000000
368 -286.0000000000
372 -284.0000000000
373 -283.0000000000
380 -282.0000000000
389 -279.0000000000
391 -276.0000000000
392 -275.0000000000
393 -274.0000000000
394 -272.0000000000
396 -271.0000000000
400 -270.0000000000
405 -267.0000000000
408 -266.0000000000
413 -265.0000000000
415 -264.0000000000
417 -263.0000000000
420 -262.0000000000
428 -261.0000000000
443 -260.0000000000
466 -259.0000000000
472 -258.0000000000
473 -257.0000000000
478 -256.0000000000
483 -255.0000000000
489 -254.0000000000
490 -253.0000000000
491 -251.0000000000
498 -250.0000000000
513 -249.0000000000
516 -248.0000000000
520 -247.0000000000
525 -246.0000000000
529 -245.0000000000
530 -244.0000000000
537 -242.0000000000
544 -241.0000000000
547 -240.0000000000
548 -239.0000000000
557 -238.0000000000
561 -237.0000000000
564 -235.0000000000
571 -234.0000000000
574 -233.0000000000
579 -232.0000000000
583 -231.0000000000
586 -230.0000000000
600 -229.0000000000
609 -228.0000000000
615 -227.0000000000
619 -226.0000000000
623 -225.0000000000
627 -224.0000000000
636 -223.0000000000
637 -221.0000000000
650 -220.0000000000
651 -218.0000000000
653 -217.0000000000
684 -215.0000000000
686 -212.0000000000
690 -211.0000000000
695 -210.0000000000
708 -209.0000000000
720 -208.0000000000
721 -207.0000000000
724 -206.0000000000
734 -205.0000000000
736 -204.0000000000
742 -202.0000000000
747 -201.0000000000
748 -200.0000000000
754 -199.0000000000
758 -198.0000000000
760 -197.0000000000
773 -196.0000000000
777 -195.0000000000
783 -194.0000000000
787 -193.0000000000
795 -191.0000000000
811 -190.0000000000
815 -189.0000000000
819 -188.0000000000
822 -187.0000000000
829 -186.0000000000
833 -185.0000000000
836 -184.0000000000
846 -183.0000000000
849 -181.0000000000
858 -180.0000000000
872 -179.0000000000
895 -178.0000000000
898 -177.0000000000
904 -176.0000000000
911 -175.0000000000
923 -174.0000000000
926 -173.0000000000
964 -172.0000000000
981 -171.0000000000
1015 -170.0000000000
1016 -169.0000000000
1022 -168.0000000000
1045 -166.0000000000
1068 -165.0000000000
1088 -164.0000000000
1091 -162.0000000000
1125 -161.0000000000
1130 -160.0000000000
1136 -159.0000000000
1137 -158.0000000000
1143 -156.0000000000
1183 -155.0000000000
1187 -154.0000000000
1190 -153.0000000000
1191 -152.0000000000
1200 -151.0000000000
1212 -150.0000000000
1222 -149.0000000000
1233 -148.0000000000
1238 -147.0000000000
1241 -143.0000000000
1256 -142.0000000000
1276 -141.0000000000
1303 -140.0000000000
1320 -139.0000000000
1347 -138.0000000000
1352 -137.0000000000
1371 -136.0000000000
1386 -135.0000000000
1406 -134.0000000000
1411 -133.0000000000
1435 -132.0000000000
1453 -131.0000000000
1464 -130.0000000000
1467 -129.0000000000
1483 -128.0000000000
1503 -126.0000000000
1513 -125.0000000000
1532 -124.0000000000
1541 -123.0000000000
1564 -122.0000000000
1571 -121.0000000000
1572 -120.0000000000
1574 -119.0000000000
1577 -118.0000000000
1578 -117.0000000000
1585 -116.0000000000
1588 -115.0000000000
1593 -114.0000000000
1594 -113.0000000000
1645 -112.0000000000
1647 -111.0000000000
1652 -110.0000000000
1656 -108.0000000000
1681 -107.0000000000
1699 -106.0000000000
1778 -105.0000000000
1863 -104.0000000000
1866 -103.0000000000
1871 -102.0000000000
1942 -101.0000000000
1953 -100.0000000000
1957 -99.0000000000
1960 -98.0000000000
1962 -97.0000000000
1970 -96.0000000000
1987 -95.0000000000
1993 -94.0000000000
2029 -93.0000000000
2080 -92.0000000000
2088 -91.0000000000
2093 -90.0000000000
2094 -89.0000000000
2108 -88.0000000000
2137 -87.0000000000
2142 -86.0000000000
2149 -85.0000000000
2163 -84.0000000000
2206 -83.0000000000
2254 -82.0000000000
2256 -81.0000000000
2263 -80.0000000000
2267 -79.0000000000
2303 -78.0000000000
2325 -77.0000000000
2329 -76.0000000000
2369 -75.0000000000
2394 -74.0000000000
2397 -73.0000000000
2404 -72.0000000000
2408 -71.0000000000
2458 -70.0000000000
2489 -69.0000000000
2540 -68.0000000000
2542 -67.0000000000
2547 -66.0000000000
2551 -65.0000000000
2569 -64.0000000000
2572 -63.0000000000
2574 -62.0000000000
2580 -61.0000000000
2596 -60.0000000000
2605 -59.0000000000
2642 -58.0000000000
2660 -57.0000000000
2683 -56.0000000000
2883 -54.0000000000
2890 -53.0000000000
2897 -52.0000000000
2901 -51.0000000000
2911 -50.0000000000
2915 -49.0000000000
2941 -48.0000000000
3028 -47.0000000000
3119 -46.0000000000
3228 -45.0000000000
3388 -44.0000000000
3475 -43.0000000000
3491 -42.0000000000
3503 -41.0000000000
3507 -40.0000000000
3527 -39.0000000000
3654 -38.0000000000
3671 -37.0000000000
3733 -36.0000000000
3743 -35.0000000000
3796 -34.0000000000
3805 -33.0000000000
3828 -32.0000000000
3834 -31.0000000000
3901 -30.0000000000
4130 -29.0000000000
4214 -28.0000000000
4230 -27.0000000000
4433 -26.0000000000
4525 -25.0000000000
4530 -24.0000000000
4816 -23.0000000000
4881 -22.0000000000
4896 -21.0000000000
4938 -20.0000000000
4943 -19.0000000000
4954 -18.0000000000
4969 -17.0000000000
5002 -16.0000000000
5064 -15.0000000000
5065 -14.0000000000
5071 -13.0000000000
5107 -12.0000000000
5183 -11.0000000000
5272 -10.0000000000
5374 -9.0000000000
5579 -8.0000000000
5747 -7.0000000000
5831 -6.0000000000
5864 -5.0000000000
5897 -4.0000000000
6041 -3.0000000000
6064 -2.0000000000
7067 -1.0000000000
7175 608.0000000000
7676 614.0000000000
7686 618.0000000000
7893 620.0000000000
8038 624.0000000000
8692 628.0000000000
9823 631.0000000000
10598 638.0000000000
11003 639.0000000000
11146 643.0000000000
12426 646.0000000000
17497 650.0000000000
21145 653.0000000000
24312 654.0000000000
26567 655.0000000000
26599 657.0000000000
26906 658.0000000000
27966 665.0000000000
29370 667.0000000000
36424 670.0000000000
37619 671.0000000000
37785 687.0000000000
39029 688.0000000000
40158 690.0000000000
54243 691.0000000000
81323 692.0000000000
86542 695.0000000000
96886 696.0000000000
100000 669.0000000000
evaluations raw_y
1 -358.0000000000
2 -357.0000000000
5 -356.0000000000
9 -355.0000000000
13 -353.0000000000
19 -351.0000000000
21 -350.0000000000
28 -349.0000000000
32 -348.0000000000
45 -347.0000000000
52 -346.0000000000
54 -345.0000000000
57 -344.0000000000
58 -343.0000000000
62 -342.0000000000
65 -341.0000000000
66 -340.0000000000
72 -339.0000000000
80 -338.0000000000
85 -337.0000000000
87 -336.0000000000
90 -335.0000000000
93 -333.0000000000
99 -331.0000000000
100 -330.0000000000
101 -329.0000000000
104 -328.0000000000
107 -327.0000000000
108 -324.0000000000
116 -323.0000000000
118 -322.0000000000
131 -321.0000000000
132 -320.0000000000
134 -319.0000000000
135 -316.0000000000
154 -315.0000000000
155 -314.0000000000
156 -313.0000000000
161 -312.0000000000
162 -311.0000000000
169 -310.0000000000
170 -309.0000000000
177 -307.0000000000
184 -306.0000000000
185 -305.0000000000
194 -304.0000000000
201 -303.0000000000
202 -302.0000000000
205 -299.0000000000
211 -298.0000000000
216 -297.0000000000
217 -296.0000000000
219 -295.0000000000
234 -294.0000000000
245 -293.0000000000
246 -292.0000000000
247 -291.0000000000
251 -290.0000000000
253 -289.0000000000
261 -288.0000000000
263 -287.0000000000
268 -285.0000000000
277 -283.0000000000
280 -282.0000000000
286 -280.0000000000
294 -278.0000000000
304 -277.0000000000
308 -276.0000000000
311 -275.0000000000
314 -274.0000000000
320 -273.0000000000
321 -272.0000000000
323 -271.0000000000
330 -270.0000000000
334 -269.0000000000
341 -268.0000000000
343 -267.0000000000
352 -266.0000000000
362 -265.0000000000
366 -264.0000000000
369 -262.0000000000
379 -260.0000000000
381 -259.0000000000
388 -258.0000000000
395 -256.0000000000
418 -255.0000000000
421 -254.0000000000
423 -253.0000000000
427 -252.0000000000
440 -251.0000000000
443 -250.0000000000
444 -249.0000000000
447 -247.0000000000
458 -246.0000000000
461 -245.0000000000
465 -244.0000000000
469 -243.0000000000
474 -242.0000000000
477 -241.0000000000
487 -240.0000000000
489 -237.0000000000
494 -236.0000000000
497 -235.0000000000
507 -234.0000000000
528 -233.0000000000
534 -231.0000000000
538 -230.0000000000
540 -229.0000000000
544 -227.0000000000
547 -226.0000000000
552 -225.0000000000
563 -224.0000000000
564 -223.0000000000
565 -222.0000000000
568 -220.0000000000
569 -219.0000000000
574 -217.0000000000
575 -216.0000000000
579 -214.0000000000
584 -213.0000000000
597 -212.0000000000
598 -211.0000000000
610 -210.0000000000
611 -208.0000000000
621 -207.0000000000
631 -206.0000000000
637 -205.0000000000
653 -204.0000000000
657 -203.0000000000
661 -202.0000000000
662 -200.0000000000
671 -199.0000000000
675 -198.0000000000
682 -197.0000000000
694 -195.0000000000
705 -194.0000000000
717 -193.0000000000
735 -192.0000000000
753 -191.0000000000
770 -190.0000000000
782 -188.0000000000
792 -187.0000000000
799 -186.0000000000
814 -185.0000000000
828 -184.0000000000
832 -183.0000000000
833 -182.0000000000
841 -181.0000000000
847 -180.0000000000
850 -179.0000000000
856 -178.0000000000
860 -177.0000000000
861 -175.0000000000
864 -174.0000000000
866 -173.0000000000
906 -172.0000000000
910 -171.0000000000
914 -170.0000000000
921 -168.0000000000
924 -167.0000000000
930 -166.0000000000
939 -165.0000000000
943 -164.0000000000
946 -162.0000000000
947 -161.0000000000
961 -160.0000000000
962 -159.0000000000
964 -158.0000000000
979 -157.0000000000
993 -156.0000000000
994 -155.0000000000
999 -154.0000000000
1020 -153.0000000000
1028 -151.0000000000
1030 -150.0000000000
1044 -149.0000000000
1051 -148.0000000000
1058 -147.0000000000
1059 -146.0000000000
1068 -145.0000000000
1069 -144.0000000000
1078 -143.0000000000
1087 -142.0000000000
1104 -141.0000000000
1112 -140.0000000000
1118 -139.0000000000
1126 -138.0000000000
1137 -137.0000000000
1149 -134.0000000000
1166 -133.0000000000
1169 -132.0000000000
1177 -131.0000000000
1182 -130.0000000000
1185 -129.0000000000
1188 -128.0000000000
1203 -127.0000000000
1212 -126.0000000000
1220 -125.0000000000
1221 -124.0000000000
1261 -122.0000000000
1262 -121.0000000000
1302 -120.0000000000
1344 -119.0000000000
1370 -118.0000000000
1409 -117.0000000000
1420 -116.0000000000
1439 -115.0000000000
1454 -114.0000000000
1455 -113.0000000000
1475 -112.0000000000
1503 -111.0000000000
1513 -110.0000000000
1520 -109.0000000000
1524 -108.0000000000
1561 -107.0000000000
1570 -106.0000000000
1575 -105.0000000000
1623 -104.0000000000
1626 -103.0000000000
1634 -102.0000000000
1636 -101.0000000000
1660 -99.0000000000
1670 -98.0000000000
1681 -97.0000000000
1688 -96.0000000000
1694 -95.0000000000
1697 -93.0000000000
1715 -92.0000000000
1731 -91.0000000000
1787 -90.0000000000
1822 -89.0000000000
1868 -88.0000000000
1910 -87.0000000000
1916 -86.0000000000
1941 -84.0000000000
1952 -83.0000000000
1954 -81.0000000000
1957 -80.0000000000
1975 -79.0000000000
1977 -78.0000000000
1985 -77.0000000000
2014 -76.0000000000
2036 -75.0000000000
2081 -74.0000000000
2129 -73.0000000000
2168 -72.0000000000
2181 -71.0000000000
2189 -70.0000000000
2280 -69.0000000000
2298 -68.0000000000
2307 -67.0000000000
2336 -66.0000000000
2397 -65.0000000000
2416 -64.0000000000
2478 -63.0000000000
2513 -62.0000000000
2579 -61.0000000000
2611 -60.0000000000
2618 -59.0000000000
2634 -58.0000000000
2639 -57.0000000000
2681 -56.0000000000
2685 -55.0000000000
2696 -54.0000000000
2716 -53.0000000000
2740 -52.0000000000
2811 -51.0000000000
2911 -50.0000000000
2913 -49.0000000000
2922 -48.0000000000
3048 -47.0000000000
3073 -46.0000000000
3081 -45.0000000000
3095 -44.0000000000
3108 -43.0000000000
3140 -42.0000000000
3156 -41.0000000000
3218 -40.0000000000
3261 -39.0000000000
3265 -38.0000000000
3310 -37.0000000000
3317 -36.0000000000
3355 -35.0000000000
3357 -34.0000000000
3371 -33.0000000000
3400 -32.0000000000
3405 -31.0000000000
3406 -30.0000000000
3414 -29.0000000000
3551 -28.0000000000
3577 -27.0000000000
3583 -26.0000000000
3599 -25.0000000000
3601 -24.0000000000
3634 -23.0000000000
3772 -21.0000000000
3777 -20.0000000000
3848 -19.0000000000
3905 -18.0000000000
3966 -17.0000000000
4323 -16.0000000000
4341 -15.0000000000
4389 -14.0000000000
4679 -13.0000000000
4965 -12.0000000000
5063 -11.0000000000
5064 -10.0000000000
5093 -9.0000000000
5231 -8.0000000000
5266 -7.0000000000
5312 -6.0000000000
5382 -5.0000000000
5554 -4.0000000000
5808 -3.0000000000
5824 -2.0000000000
6588 -1.0000000000
6927 550.0000000000
7065 580.0000000000
8444 590.0000000000
8578 598.0000000000
8581 616.0000000000
9399 621.0000000000
9723 631.0000000000
9780 633.0000000000
11918 634.0000000000
11986 638.0000000000
12354 643.0000000000
13729 650.0000000000
15188 662.0000000000
18215 666.0000000000
18257 670.0000000000
30289 673.0000000000
31610 677.0000000000
32014 682.0000000000
35830 688.0000000000
49540 690.0000000000
54567 696.0000000000
58279 702.0000000000
100000 -2.0000000000
evaluations raw_y
1 -388.0000000000
4 -387.0000000000
5 -386.0000000000
6 -385.0000000000
7 -384.0000000000
9 -382.0000000000
12 -380.0000000000
13 -379.0000000000
17 -378.0000000000
20 -377.0000000000
22 -375.0000000000
26 -374.0000000000
29 -373.0000000000
30 -369.0000000000
32 -368.0000000000
50 -367.0000000000
51 -366.0000000000
54 -365.0000000000
60 -364.0000000000
65 -363.0000000000
71 -362.0000000000
78 -361.0000000000
81 -360.0000000000
86 -359.0000000000
89 -358.0000000000
90 -357.0000000000
91 -356.0000000000
100 -355.0000000000
108 -354.0000000000
109 -353.0000000000
110 -352.0000000000
116 -351.0000000000
119 -350.0000000000
122 -349.0000000000
124 -348.0000000000
133 -347.0000000000
143 -346.0000000000
146 -344.0000000000
153 -343.0000000000
160 -342.0000000000
161 -340.0000000000
162 -339.0000000000
165 -338.0000000000
166 -336.0000000000
169 -335.0000000000
172 -334.0000000000
184 -333.0000000000
185 -332.0000000000
188 -331.0000000000
190 -330.0000000000
192 -329.0000000000
193 -328.0000000000
201 -327.0000000000
212 -326.0000000000
219 -323.0000000000
225 -322.0000000000
231 -321.0000000000
239 -320.0000000000
240 -318.0000000000
242 -317.0000000000
243 -316.0000000000
244 -315.0000000000
248 -314.0000000000
249 -313.0000000000
254 -312.0000000000
255 -310.0000000000
264 -309.0000000000
274 -308.0000000000
276 -307.0000000000
288 -306.0000000000
290 -305.0000000000
305 -304.0000000000
318 -303.0000000000
327 -301.0000000000
342 -299.0000000000
347 -298.0000000000
348 -296.0000000000
349 -295.0000000000
352 -294.0000000000
355 -293.0000000000
363 -292.0000000000
366 -291.0000000000
372 -290.0000000000
377 -289.0000000000
387 -288.0000000000
391 -287.0000000000
396 -285.0000000000
398 -284.0000000000
404 -283.0000000000
405 -282.0000000000
406 -281.0000000000
409 -280.0000000000
411 -279.0000000000
417 -278.0000000000
420 -277.0000000000
440 -276.0000000000
447 -275.0000000000
463 -274.0000000000
471 -273.0000000000
476 -272.0000000000
478 -271.0000000000
485 -268.0000000000
487 -267.0000000000
495 -266.0000000000
498 -265.0000000000
501 -264.0000000000
505 -262.0000000000
509 -261.0000000000
516 -260.0000000000
523 -258.0000000000
532 -257.0000000000
545 -256.0000000000
553 -255.0000000000
557 -254.0000000000
560 -253.0000000000
562 -252.0000000000
563 -251.0000000000
564 -250.0000000000
579 -249.0000000000
589 -248.0000000000
597 -247.0000000000
606 -246.0000000000
609 -245.0000000000
612 -244.0000000000
616 -243.0000000000
623 -241.0000000000
625 -240.0000000000
629 -239.0000000000
643 -238.0000000000
646 -237.0000000000
648 -236.0000000000
651 -235.0000000000
652 -233.0000000000
655 -232.0000000000
662 -231.0000000000
663 -229.0000000000
665 -228.0000000000
678 -227.0000000000
679 -225.0000000000
680 -223.0000000000
684 -222.0000000000
693 -221.0000000000
699 -220.0000000000
701 -219.0000000000
707 -218.0000000000
714 -217.0000000000
715 -216.0000000000
722 -215.0000000000
735 -214.0000000000
736 -213.0000000000
749 -212.0000000000
751 -211.0000000000
755 -210.0000000000
761 -209.0000000000
763 -208.0000000000
767 -207.0000000000
770 -206.0000000000
772 -205.0000000000
775 -204.0000000000
786 -203.0000000000
795 -202.0000000000
797 -201.0000000000
799 -200.0000000000
805 -198.0000000000
813 -197.0000000000
817 -196.0000000000
839 -195.0000000000
840 -194.0000000000
860 -193.0000000000
862 -192.0000000000
877 -189.0000000000
882 -188.0000000000
893 -187.0000000000
908 -186.0000000000
917 -185.0000000000
920 -183.0000000000
936 -182.0000000000
953 -179.0000000000
961 -178.0000000000
964 -177.0000000000
967 -176.0000000000
968 -175.0000000000
970 -174.0000000000
974 -173.0000000000
979 -172.0000000000
986 -171.0000000000
992 -170.0000000000
1009 -169.0000000000
1010 -168.0000000000
1025 -167.0000000000
1038 -166.0000000000
1049 -164.0000000000
1078 -163.0000000000
1079 -162.0000000000
1080 -161.0000000000
1102 -160.0000000000
1111 -159.0000000000
1114 -158.0000000000
1117 -157.0000000000
1127 -156.0000000000
1132 -155.0000000000
1144 -154.0000000000
1170 -153.0000000000
1184 -152.0000000000
1190 -151.0000000000
1192 -149.0000000000
1196 -148.0000000000
1197 -147.0000000000
1210 -146.0000000000
1273 -145.0000000000
1279 -144.0000000000
1286 -143.0000000000
1291 -142.0000000000
1294 -141.0000000000
1296 -140.0000000000
1297 -139.0000000000
1308 -138.0000000000
1327 -137.0000000000
1331 -135.0000000000
1336 -134.0000000000
1342 -132.0000000000
1344 -131.0000000000
1347 -129.0000000000
1388 -128.0000000000
1402 -127.0000000000
1403 -126.0000000000
1425 -125.0000000000
1469 -124.0000000000
1481 -122.0000000000
1484 -121.0000000000
1498 -120.0000000000
1509 -119.0000000000
1523 -118.0000000000
1539 -117.0000000000
1544 -116.0000000000
1558 -115.0000000000
1560 -114.0000000000
1571 -113.0000000000
1583 -112.0000000000
1601 -111.0000000000
1607 -110.0000000000
1680 -109.0000000000
1687 -108.0000000000
1688 -107.0000000000
1754 -106.0000000000
1758 -105.0000000000
1767 -104.0000000000
1808 -103.0000000000
1840 -102.0000000000
1845 -101.0000000000
1866 -100.0000000000
1872 -99.0000000000
1885 -98.0000000000
1886 -97.0000000000
1935 -96.0000000000
1946 -95.0000000000
1983 -94.0000000000
2032 -93.0000000000
2044 -92.0000000000
2056 -91.0000000000
2089 -90.0000000000
2118 -89.0000000000
2159 -88.0000000000
2184 -87.0000000000
2195 -86.0000000000
2212 -84.0000000000
2270 -83.0000000000
2273 -82.0000000000
2285 -81.0000000000
2311 -80.0000000000
2315 -79.0000000000
2356 -78.0000000000
2359 -77.0000000000
2380 -76.0000000000
2391 -75.0000000000
2427 -74.0000000000
2433 -73.0000000000
2468 -72.0000000000
2493 -71.0000000000
2502 -70.0000000000
2545 -68.0000000000
2546 -67.0000000000
2566 -66.0000000000
2576 -65.0000000000
2580 -64.0000000000
2595 -63.0000000000
2693 -62.0000000000
2708 -61.0000000000
2728 -60.0000000000
2821 -59.0000000000
2886 -58.0000000000
2895 -57.0000000000
2914 -56.0000000000
2950 -54.0000000000
2974 -53.0000000000
3010 -52.0000000000
3036 -51.0000000000
3044 -50.0000000000
3063 -49.0000000000
3134 -48.0000000000
3140 -47.0000000000
3150 -46.0000000000
3192 -44.0000000000
3252 -43.0000000000
3294 -42.0000000000
3302 -41.0000000000
3338 -39.0000000000
3395 -38.0000000000
3413 -37.0000000000
3493 -36.0000000000
3498 -35.0000000000
3537 -34.0000000000
3538 -33.0000000000
3622 -32.0000000000
3633 -31.0000000000
3699 -30.0000000000
3863 -29.0000000000
3914 -28.0000000000
4016 -27.0000000000
4106 -26.0000000000
4122 -25.0000000000
4157 -24.0000000000
4164 -23.0000000000
4165 -22.0000000000
4176 -21.0000000000
4189 -20.0000000000
4222 -19.0000000000
4223 -18.0000000000
4294 -17.0000000000
4295 -16.0000000000
4360 -15.0000000000
4374 -14.0000000000
4482 -13.0000000000
4582 -12.0000000000
4769 -11.0000000000
4804 -10.0000000000
4931 -9.0000000000
5377 -8.0000000000
5430 -7.0000000000
5527 -6.0000000000
5625 -5.0000000000
5718 -4.0000000000
5766 -3.0000000000
5878 -2.0000000000
5935 -1.0000000000
6592 606.0000000000
6934 608.0000000000
7669 616.0000000000
8509 625.0000000000
9792 632.0000000000
10255 637.0000000000
10612 641.0000000000
10799 645.0000000000
13139 647.0000000000
13420 661.0000000000
14726 662.0000000000
17296 663.0000000000
19047 664.0000000000
19644 671.0000000000
22118 676.0000000000
23124 681.0000000000
28663 683.0000000000
40939 687.0000000000
70834 689.0000000000
71207 692.0000000000
93308 694.0000000000
95244 702.0000000000
100000 702.0000000000
