evaluations raw_y
1 4.0000000000
25 6.0000000000
60 7.0000000000
118 13.0000000000
186 14.0000000000
213 15.0000000000
232 16.0000000000
255 17.0000000000
274 18.0000000000
367 19.0000000000
394 21.0000000000
594 23.0000000000
625 24.0000000000
853 25.0000000000
881 26.0000000000
905 27.0000000000
909 29.0000000000
973 30.0000000000
1050 32.0000000000
1167 33.0000000000
1431 35.0000000000
1464 36.0000000000
1557 38.0000000000
1616 40.0000000000
2061 42.0000000000
2528 43.0000000000
2548 46.0000000000
3223 47.0000000000
3348 49.0000000000
3545 53.0000000000
3866 55.0000000000
3975 56.0000000000
4366 57.0000000000
4397 58.0000000000
4641 60.0000000000
4678 63.0000000000
4746 65.0000000000
4778 66.0000000000
4873 67.0000000000
4986 68.0000000000
5595 71.0000000000
5607 73.0000000000
5721 74.0000000000
5777 75.0000000000
6036 77.0000000000
6232 79.0000000000
6403 80.0000000000
6438 81.0000000000
7119 82.0000000000
7983 83.0000000000
8003 86.0000000000
8087 88.0000000000
8142 90.0000000000
8147 91.0000000000
8201 92.0000000000
8327 93.0000000000
9008 95.0000000000
9205 96.0000000000
9917 97.0000000000
10035 98.0000000000
10115 99.0000000000
10235 100.0000000000
100000 100.0000000000
evaluations raw_y
1 1.0000000000
11 2.0000000000
20 4.0000000000
66 9.0000000000
142 11.0000000000
190 12.0000000000
319 13.0000000000
398 14.0000000000
486 15.0000000000
578 18.0000000000
624 24.0000000000
973 25.0000000000
996 26.0000000000
1081 30.0000000000
1434 31.0000000000
1604 32.0000000000
1653 33.0000000000
1708 34.0000000000
1762 38.0000000000
1821 40.0000000000
1919 41.0000000000
2087 43.0000000000
2122 46.0000000000
2291 50.0000000000
2361 54.0000000000
2371 56.0000000000
2414 59.0000000000
2603 60.0000000000
2670 61.0000000000
2716 62.0000000000
2880 63.0000000000
2983 64.0000000000
3423 65.0000000000
3523 68.0000000000
3609 70.0000000000
4005 71.0000000000
4385 74.0000000000
4491 78.0000000000
4991 80.0000000000
5171 81.0000000000
5677 82.0000000000
5965 84.0000000000
6040 85.0000000000
6373 86.0000000000
6436 88.0000000000
6731 90.0000000000
6808 91.0000000000
7008 92.0000000000
7051 94.0000000000
7199 95.0000000000
7763 96.0000000000
7781 97.0000000000
7964 99.0000000000
7984 100.0000000000
100000 56.0000000000
evaluations raw_y
1 3.0000000000
54 10.0000000000
131 14.0000000000
144 19.0000000000
317 21.0000000000
687 25.0000000000
728 27.0000000000
757 28.0000000000
924 30.0000000000
1072 34.0000000000
1326 35.0000000000
1369 38.0000000000
1832 41.0000000000
2045 46.0000000000
2139 48.0000000000
2449 52.0000000000
2662 53.0000000000
3088 54.0000000000
3175 57.0000000000
3473 60.0000000000
3567 62.0000000000
4035 63.0000000000
4468 64.0000000000
4636 65.0000000000
4649 67.0000000000
4973 68.0000000000
5397 69.0000000000
5416 70.0000000000
5803 72.0000000000
5814 73.0000000000
6716 75.0000000000
7214 77.0000000000
7268 78.0000000000
7817 79.0000000000
8472 82.0000000000
8510 83.0000000000
8686 84.0000000000
8979 87.0000000000
9096 89.0000000000
9460 90.0000000000
10588 92.0000000000
12359 93.0000000000
12564 95.0000000000
12598 98.0000000000
12681 99.0000000000
12711 100.0000000000
100000 37.0000000000
evaluations raw_y
1 0.0000000000
2 1.0000000000
3 2.0000000000
4 6.0000000000
16 9.0000000000
66 10.0000000000
108 11.0000000000
117 12.0000000000
148 13.0000000000
230 15.0000000000
263 16.0000000000
318 20.0000000000
378 21.0000000000
401 23.0000000000
546 28.0000000000
575 30.0000000000
824 31.0000000000
1145 34.0000000000
1196 36.0000000000
1295 37.0000000000
1380 38.0000000000
1686 39.0000000000
1719 43.0000000000
1794 44.0000000000
2119 47.0000000000
2282 48.0000000000
2816 49.0000000000
2840 50.0000000000
3107 58.0000000000
3383 59.0000000000
3497 61.0000000000
3692 62.0000000000
4176 63.0000000000
4224 67.0000000000
4426 68.0000000000
4824 69.0000000000
5032 70.0000000000
5342 76.0000000000
5958 77.0000000000
6155 79.0000000000
6357 82.0000000000
6952 86.0000000000
6963 88.0000000000
7426 89.0000000000
7534 90.0000000000
7537 91.0000000000
8028 92.0000000000
8551 94.0000000000
8765 96.0000000000
8876 97.0000000000
9657 100.0000000000
100000 100.0000000000
evaluations raw_y
1 0.0000000000
2 2.0000000000
25 5.0000000000
36 6.0000000000
125 12.0000000000
239 13.0000000000
287 14.0000000000
297 15.0000000000
353 17.0000000000
389 18.0000000000
527 19.0000000000
542 20.0000000000
599 22.0000000000
614 23.0000000000
987 24.0000000000
1197 25.0000000000
1669 27.0000000000
1687 30.0000000000
1862 31.0000000000
2300 32.0000000000
2507 35.0000000000
2554 36.0000000000
2777 37.0000000000
2993 39.0000000000
3019 43.0000000000
3084 44.0000000000
3166 46.0000000000
3512 49.0000000000
3553 50.0000000000
3609 55.0000000000
3626 59.0000000000
3853 61.0000000000
3885 62.0000000000
3936 64.0000000000
4076 66.0000000000
4095 69.0000000000
4120 71.0000000000
4503 72.0000000000
4507 75.0000000000
4715 77.0000000000
4766 79.0000000000
5119 80.0000000000
5620 81.0000000000
6106 83.0000000000
6110 84.0000000000
6152 86.0000000000
6557 87.0000000000
6599 88.0000000000
6632 90.0000000000
7021 92.0000000000
7126 98.0000000000
7182 99.0000000000
7619 100.0000000000
100000 100.0000000000
evaluations raw_y
1 1.0000000000
7 2.0000000000
22 4.0000000000
34 5.0000000000
48 6.0000000000
92 9.0000000000
133 10.0000000000
182 11.0000000000
286 12.0000000000
331 14.0000000000
390 16.0000000000
454 19.0000000000
559 20.0000000000
572 25.0000000000
787 32.0000000000
1110 33.0000000000
1275 36.0000000000
1284 39.0000000000
1390 47.0000000000
1865 53.0000000000
1944 56.0000000000
2530 62.0000000000
2590 63.0000000000
2742 64.0000000000
2909 67.0000000000
3307 68.0000000000
3335 69.0000000000
3369 70.0000000000
3421 71.0000000000
3665 72.0000000000
3777 73.0000000000
3894 75.0000000000
4085 76.0000000000
4288 78.0000000000
5025 79.0000000000
5048 81.0000000000
5122 82.0000000000
5514 83.0000000000
5593 84.0000000000
6138 88.0000000000
6490 90.0000000000
6831 91.0000000000
7035 92.0000000000
7089 93.0000000000
7497 98.0000000000
7574 100.0000000000
100000 22.0000000000
evaluations raw_y
1 0.0000000000
2 3.0000000000
7 5.0000000000
25 9.0000000000
66 10.0000000000
128 12.0000000000
138 14.0000000000
284 15.0000000000
324 18.0000000000
683 19.0000000000
713 22.0000000000
734 23.0000000000
1297 24.0000000000
1455 26.0000000000
1569 27.0000000000
1607 28.0000000000
1612 29.0000000000
1839 30.0000000000
1873 33.0000000000
2002 34.0000000000
2369 35.0000000000
2616 36.0000000000
2659 37.0000000000
2903 39.0000000000
2922 44.0000000000
3154 46.0000000000
3225 47.0000000000
3507 49.0000000000
3559 53.0000000000
3611 56.0000000000
3763 57.0000000000
3977 59.0000000000
4242 60.0000000000
4420 62.0000000000
4431 63.0000000000
4870 65.0000000000
4914 68.0000000000
5116 69.0000000000
5212 70.0000000000
5336 74.0000000000
5448 75.0000000000
5562 76.0000000000
5707 77.0000000000
5924 78.0000000000
6341 80.0000000000
6354 81.0000000000
6605 85.0000000000
6728 87.0000000000
7106 90.0000000000
7112 92.0000000000
7685 93.0000000000
7701 95.0000000000
8069 97.0000000000
8349 99.0000000000
8824 100.0000000000
100000 100.0000000000
evaluations raw_y
1 6.0000000000
48 7.0000000000
137 8.0000000000
173 9.0000000000
235 10.0000000000
238 11.0000000000
360 12.0000000000
630 13.0000000000
689 15.0000000000
690 16.0000000000
718 19.0000000000
835 24.0000000000
977 27.0000000000
1352 28.0000000000
1443 30.0000000000
1527 34.0000000000
1548 36.0000000000
1776 37.0000000000
1778 38.0000000000
1999 39.0000000000
2150 41.0000000000
2354 43.0000000000
2391 45.0000000000
2575 49.0000000000
2854 50.0000000000
3408 52.0000000000
3439 54.0000000000
3825 57.0000000000
4182 59.0000000000
4248 60.0000000000
4312 62.0000000000
4388 63.0000000000
4493 65.0000000000
4736 66.0000000000
4883 67.0000000000
5044 68.0000000000
5185 70.0000000000
5222 71.0000000000
5972 72.0000000000
6464 75.0000000000
6547 77.0000000000
6637 78.0000000000
6821 79.0000000000
6865 81.0000000000
7157 82.0000000000
7256 83.0000000000
7508 86.0000000000
7550 90.0000000000
7766 92.0000000000
8090 93.0000000000
8275 96.0000000000
8540 100.0000000000
100000 12.0000000000
evaluations raw_y
1 1.0000000000
7 2.0000000000
21 4.0000000000
32 7.0000000000
99 8.0000000000
152 11.0000000000
343 13.0000000000
448 14.0000000000
457 15.0000000000
516 16.0000000000
534 18.0000000000
588 19.0000000000
729 20.0000000000
915 21.0000000000
1112 22.0000000000
1131 23.0000000000
1311 28.0000000000
1333 30.0000000000
1681 31.0000000000
2055 32.0000000000
2107 33.0000000000
2122 34.0000000000
2137 36.0000000000
2425 40.0000000000
2817 43.0000000000
2896 46.0000000000
2978 48.0000000000
3592 49.0000000000
4136 53.0000000000
4417 54.0000000000
4442 58.0000000000
4845 59.0000000000
5031 62.0000000000
5141 63.0000000000
5184 67.0000000000
5995 68.0000000000
6201 69.0000000000
6218 70.0000000000
6258 71.0000000000
6673 73.0000000000
6833 77.0000000000
7047 78.0000000000
7094 79.0000000000
7163 80.0000000000
7477 82.0000000000
7524 83.0000000000
7648 84.0000000000
7987 85.0000000000
8473 86.0000000000
8531 87.0000000000
8624 88.0000000000
8908 89.0000000000
8925 92.0000000000
9443 93.0000000000
9838 95.0000000000
9937 97.0000000000
10158 99.0000000000
10212 100.0000000000
100000 100.0000000000
evaluations raw_y
1 0.0000000000
2 2.0000000000
9 3.0000000000
15 6.0000000000
40 7.0000000000
99 11.0000000000
122 13.0000000000
154 15.0000000000
226 16.0000000000
233 17.0000000000
315 18.0000000000
390 20.0000000000
429 22.0000000000
478 23.0000000000
520 25.0000000000
709 26.0000000000
847 27.0000000000
1223 33.0000000000
1277 35.0000000000
1436 37.0000000000
1462 39.0000000000
1782 40.0000000000
1806 42.0000000000
2259 46.0000000000
2649 47.0000000000
2791 50.0000000000
2845 51.0000000000
2846 52.0000000000
2980 53.0000000000
3043 54.0000000000
3457 55.0000000000
3803 58.0000000000
3878 60.0000000000
4241 62.0000000000
4318 65.0000000000
4496 67.0000000000
4942 71.0000000000
5007 73.0000000000
5170 76.0000000000
5557 80.0000000000
6583 84.0000000000
6621 89.0000000000
7607 93.0000000000
7756 94.0000000000
8057 95.0000000000
8069 96.0000000000
8649 97.0000000000
8690 99.0000000000
8703 100.0000000000
100000 43.0000000000
