evaluations raw_y
1 -267386.1000000000
3 -265173.1000000000
23 -251561.1000000000
31 -249110.1000000000
57 -248060.1000000000
61 -247992.1000000000
64 -244966.1000000000
80 -236816.1000000000
82 -229948.1000000000
129 -229175.1000000000
172 -222294.1000000000
234 -220536.1000000000
257 -218324.1000000000
259 -217740.1000000000
332 -213984.1000000000
354 -212852.1000000000
408 -207614.1000000000
461 -207609.1000000000
465 -207179.1000000000
489 -205325.1000000000
515 -204767.1000000000
531 -204650.1000000000
535 -204595.1000000000
568 -202203.1000000000
588 -199258.1000000000
617 -198926.1000000000
672 -196424.1000000000
701 -194818.1000000000
764 -193606.1000000000
905 -191986.1000000000
933 -186466.1000000000
969 -183914.1000000000
981 -182684.1000000000
1015 -182000.1000000000
1067 -179862.1000000000
1069 -179050.1000000000
1141 -177818.1000000000
1162 -176833.1000000000
1196 -176249.1000000000
1270 -175736.1000000000
1347 -174683.1000000000
1357 -173821.1000000000
1377 -173603.1000000000
1404 -173390.1000000000
1406 -172250.1000000000
1435 -170601.1000000000
1462 -169789.1000000000
1528 -169659.1000000000
1537 -169458.1000000000
1542 -169078.1000000000
1553 -168122.1000000000
1558 -167814.1000000000
1569 -167436.1000000000
1581 -166872.1000000000
1622 -166746.1000000000
1623 -166409.1000000000
1632 -166293.1000000000
1636 -163479.1000000000
1672 -163202.1000000000
1677 -163119.1000000000
1687 -162248.1000000000
1701 -161832.1000000000
1736 26941.2897815305
1765 26974.5756677689
1784 26977.9472137416
1814 27008.7223066876
1830 27029.0088083291
1848 27063.7090750226
1861 27078.3711627382
1867 27733.0451865772
2003 27762.8201617066
2056 27826.6474753000
2057 27900.9879130338
2077 28095.9024179020
2090 28269.6893349057
2098 28334.1121259622
2116 28477.2647686380
2478 28514.3924876816
2504 28614.0429690882
2521 28831.7599416014
2579 28885.0921721513
2839 29314.4604453252
2928 29423.2962737124
3118 29453.7073089836
3154 29505.6431365401
3221 29599.4277537230
3231 30189.6262750429
3355 30281.5877578765
3402 30522.5989024530
3403 30733.1027883902
3721 30933.5579287143
4476 31189.0499372791
5062 31235.5180594995
5154 31251.4904611894
5199 31906.5803683271
5316 32143.6863090011
5831 32150.1374449923
5997 32330.1064917065
6132 32462.4426585234
6274 32565.8557657268
6499 32642.2019727622
6729 32739.6506508766
6833 32895.6920052332
6845 32924.4727433396
6945 32997.6492441586
6965 33049.0753363348
8063 33155.4535184217
8667 33288.0558222174
9452 33564.9652583707
9475 33649.9097101499
10010 -162493.1000000000
evaluations raw_y
1 -266806.1000000000
10 -258898.1000000000
23 -256600.1000000000
26 -255465.1000000000
31 -253776.1000000000
40 -248550.1000000000
47 -244278.1000000000
61 -238582.1000000000
84 -237989.1000000000
99 -228765.1000000000
121 -227512.1000000000
123 -227229.1000000000
131 -226909.1000000000
171 -226848.1000000000
196 -222334.1000000000
223 -219824.1000000000
257 -217329.1000000000
294 -213685.1000000000
384 -213641.1000000000
385 -211949.1000000000
419 -210782.1000000000
448 -210442.1000000000
449 -207324.1000000000
457 -207263.1000000000
542 -205286.1000000000
600 -204104.1000000000
665 -202992.1000000000
702 -196889.1000000000
769 -195983.1000000000
831 -193919.1000000000
881 -188712.1000000000
998 -187120.1000000000
1122 -183704.1000000000
1138 -180090.1000000000
1269 -179901.1000000000
1286 -179723.1000000000
1326 -175900.1000000000
1391 -175388.1000000000
1404 -175133.1000000000
1414 -174919.1000000000
1430 -174286.1000000000
1433 -173494.1000000000
1479 -172357.1000000000
1497 -170182.1000000000
1520 -169222.1000000000
1592 -166728.1000000000
1622 -165824.1000000000
1623 -164661.1000000000
1658 -164392.1000000000
1663 -162211.1000000000
1737 -161612.1000000000
1804 -161287.1000000000
1811 -160781.1000000000
1849 28126.8183898664
1956 28207.8079386179
2064 28362.4779043200
2205 28555.1957034751
2225 28578.9122244493
2293 28630.3823192668
2316 28661.3801818830
2409 28893.1166586418
2457 29138.4858263648
2493 29533.5002517336
2553 29572.1502282179
2561 29596.8915073754
2613 29622.8723288110
2691 29697.0433226233
2716 29728.3011605046
2730 29876.9990140472
2807 30000.4474368238
3039 30070.3513107399
3093 30458.7134641077
3257 30528.6339573019
3329 30591.0131659439
3333 30724.2581039018
3364 30847.8376701582
3396 31055.1206421236
3633 31115.7000510549
3953 31324.3282224736
3973 31499.3716535760
4751 31587.0422376823
5139 31645.7380599156
5809 31776.6032806846
6018 31876.9764833601
6140 32014.4633688080
6223 32063.2402847837
6392 32167.5425020001
6450 32302.3615134680
6947 32305.2101661071
7735 32382.5119356571
8475 32435.5715210672
8749 32552.0190370457
9003 32636.9288800152
9263 32863.2087889841
10010 -164939.1000000000
evaluations raw_y
1 -268582.1000000000
18 -251965.1000000000
39 -243094.1000000000
58 -229066.1000000000
128 -228944.1000000000
129 -227520.1000000000
154 -222470.1000000000
189 -216480.1000000000
197 -213830.1000000000
265 -208634.1000000000
349 -207176.1000000000
361 -202519.1000000000
365 -199530.1000000000
366 -197416.1000000000
437 -196948.1000000000
454 -193622.1000000000
477 -193554.1000000000
633 -193227.1000000000
665 -192502.1000000000
741 -189800.1000000000
808 -188405.1000000000
845 -187469.1000000000
985 -185665.1000000000
1074 -185290.1000000000
1179 -184994.1000000000
1193 -183878.1000000000
1261 -183834.1000000000
1281 -183011.1000000000
1286 -180328.1000000000
1328 -179550.1000000000
1345 -179540.1000000000
1349 -173620.1000000000
1409 -170878.1000000000
1434 -168988.1000000000
1591 -168915.1000000000
1594 -168009.1000000000
1621 -167604.1000000000
1624 -167451.1000000000
1652 -167337.1000000000
1665 -167107.1000000000
1680 -167028.1000000000
1683 -165435.1000000000
1699 -164526.1000000000
1714 -163164.1000000000
1743 -163163.1000000000
1787 -161977.1000000000
1807 -161777.1000000000
1820 -160776.1000000000
1837 -160456.1000000000
1867 24037.3172996341
1882 24565.3514214396
1947 24742.1354224107
1952 24871.8772973604
1953 24935.3664347511
1957 25086.2249574672
1963 25608.5465884078
1965 26326.7134996496
2078 26423.6329072309
2107 26585.2863035052
2125 26841.3992372339
2142 27823.5410042542
2212 28156.8454499620
2235 28288.0889863697
2258 28554.5799678599
2361 28613.5706719077
2423 28695.3379072827
2462 29009.5017639748
2584 29326.9132849815
2776 29511.5515060820
2882 29519.1682047773
2917 29624.5169248447
2963 29809.9705937244
2982 29876.9299986474
2988 29997.6408093728
3057 30133.2664601797
3116 30347.0913065122
3150 30455.9871296494
3174 30470.1736443869
3183 30498.5309472839
3193 30640.6732238366
3329 30726.2309066892
3466 30780.4320422927
3484 30847.0955636112
3500 31047.6763509970
3994 31102.2341583190
4101 31138.9116922831
4110 31193.4326704298
4172 31290.4377597020
4320 31437.5816652681
4981 31491.3511787741
4985 31619.1563140512
5750 31692.3271145155
5808 31710.2210038041
6014 31817.5592683487
6031 31884.9253316300
6036 32086.7466817226
6061 32225.2900640290
6079 32231.5032333199
6142 32458.1479944705
6847 32528.2201974917
7301 32589.3635607427
7390 32788.9048463950
7470 32924.3123790984
8632 33039.0466984011
10010 -162317.1000000000
evaluations raw_y
1 -298911.1000000000
2 -279860.1000000000
3 -269901.1000000000
4 -268779.1000000000
9 -259425.1000000000
53 -257649.1000000000
59 -251172.1000000000
62 -243669.1000000000
76 -238236.1000000000
94 -237466.1000000000
96 -235493.1000000000
143 -232994.1000000000
173 -232145.1000000000
177 -231024.1000000000
185 -230248.1000000000
222 -226175.1000000000
224 -222874.1000000000
256 -220886.1000000000
283 -219069.1000000000
294 -216057.1000000000
318 -214643.1000000000
355 -213032.1000000000
381 -212184.1000000000
450 -201165.1000000000
507 -197423.1000000000
684 -195936.1000000000
782 -194253.1000000000
804 -192975.1000000000
821 -191441.1000000000
1092 -189150.1000000000
1100 -188987.1000000000
1117 -188482.1000000000
1183 -188189.1000000000
1196 -186199.1000000000
1228 -186079.1000000000
1292 -184414.1000000000
1320 -181760.1000000000
1335 -180949.1000000000
1446 -180841.1000000000
1459 -180275.1000000000
1462 -180191.1000000000
1480 -179573.1000000000
1526 -178692.1000000000
1531 -176348.1000000000
1551 -175907.1000000000
1580 -174860.1000000000
1605 -174549.1000000000
1624 -173643.1000000000
1641 -172819.1000000000
1660 -170165.1000000000
1710 -169608.1000000000
1723 -167841.1000000000
1776 -165587.1000000000
1789 -163391.1000000000
1862 -162915.1000000000
1870 -162897.1000000000
1904 -162497.1000000000
1913 -161435.1000000000
1934 -160505.1000000000
1936 -160396.1000000000
1958 -160390.1000000000
1963 -160121.1000000000
2002 -159981.1000000000
2004 26515.6214155687
2059 27156.9903924255
2187 27205.4238523706
2196 27487.1978203742
2284 27502.2114953689
2316 27835.5800494074
2363 28241.5620172028
2423 28343.6328197057
2427 28364.7063048141
2458 28697.1389088242
2500 28712.2228184377
2570 28830.5585681766
2740 28871.2592752902
2771 28894.9341390880
2780 28985.1411420298
2813 29200.5696787202
2903 29318.4238328618
2915 29344.4818657093
3075 29344.8568534861
3119 29527.6960727389
3174 29599.3811924101
3217 29730.8134212142
3435 29931.1482152642
3515 29941.0403939454
3556 30133.2407616971
3657 30593.8431019548
3809 30778.0359878952
3859 30870.8544045262
3900 31052.8598867126
4062 31144.6422782274
4393 31425.5839700757
4567 31513.8723660684
4726 31713.4926624959
4932 31910.5070686622
4987 32020.4170597829
5116 32080.0214847235
5665 32093.9172523224
5683 32136.9207930423
5692 32218.6723531941
5826 32374.8332294815
6001 32410.6528558653
6032 32437.2940369617
6462 32493.6894363303
7560 32500.9564811209
7719 32600.3131751570
7919 32681.9429923835
7954 32701.5626814338
8031 32701.5716706904
9389 32753.4598784523
9930 32857.1550332591
9966 32871.4100220369
10010 -162457.1000000000
evaluations raw_y
1 -275767.1000000000
4 -253724.1000000000
11 -253265.1000000000
23 -238609.1000000000
50 -238525.1000000000
54 -237551.1000000000
67 -230162.1000000000
88 -227661.1000000000
98 -222638.1000000000
129 -222456.1000000000
205 -220705.1000000000
294 -215570.1000000000
300 -213206.1000000000
305 -212603.1000000000
385 -211713.1000000000
405 -210245.1000000000
459 -210113.1000000000
516 -209871.1000000000
534 -208814.1000000000
557 -208132.1000000000
626 -200719.1000000000
721 -200526.1000000000
768 -200470.1000000000
779 -199541.1000000000
791 -197116.1000000000
850 -196399.1000000000
881 -195653.1000000000
915 -194805.1000000000
935 -193157.1000000000
942 -188495.1000000000
1041 -188213.1000000000
1065 -187880.1000000000
1088 -186506.1000000000
1104 -182192.1000000000
1135 -177645.1000000000
1293 -176410.1000000000
1295 -176309.1000000000
1357 -176260.1000000000
1383 -175296.1000000000
1399 -174449.1000000000
1427 -173960.1000000000
1445 -169276.1000000000
1473 -168000.1000000000
1551 -166360.1000000000
1582 -166221.1000000000
1608 -165113.1000000000
1609 -163480.1000000000
1660 -162090.1000000000
1685 -161247.1000000000
1722 -160278.1000000000
1735 26521.5333448020
1753 26844.6735745062
1759 27098.1140514135
1912 27517.6375990954
1988 27631.8536580390
2040 27747.6342182731
2041 27932.4896708568
2063 28000.8534864956
2064 28086.3994651309
2079 28190.3155110016
2110 28538.2232839848
2149 28710.5374483092
2162 28912.7030736498
2255 28985.6574588116
2256 28987.0238815717
2280 29074.9062498649
2329 29151.6745376374
2374 29360.1767947646
2407 29530.3102339634
2415 29539.7407392492
2420 29650.6519453516
2533 29693.3697226596
2555 29805.1112625293
2636 29886.9576010251
2701 29902.1596909255
2742 30078.9353911503
2753 30317.0117111400
3296 30328.8543609082
3319 30432.5142149265
3549 30486.3470767740
3693 30682.8403052485
3717 30974.2376083735
3899 30987.7401483313
3959 31068.6164045453
3981 31321.1663902343
4059 31357.0932185646
4382 31486.2768484392
4439 31573.1226433255
4810 31762.0814679898
4841 31960.9742817215
5259 31992.4453528052
5466 32180.0240137177
6002 32188.9108368764
6090 32350.5431833552
6121 32547.6949007525
7292 32566.2020796302
7321 32674.2758582054
7537 32708.3456785501
8059 32716.2606698960
8097 32882.7397106267
8270 32912.4060708168
8663 32933.8331105211
8741 33258.2364143623
9159 33309.1435523589
9741 33400.7527491664
10010 -160544.1000000000
evaluations raw_y
1 -258579.1000000000
7 -255439.1000000000
17 -234575.1000000000
24 -231117.1000000000
69 -228384.1000000000
108 -226655.1000000000
118 -224526.1000000000
135 -223460.1000000000
150 -218550.1000000000
259 -214998.1000000000
325 -214418.1000000000
348 -212766.1000000000
395 -207711.1000000000
434 -206179.1000000000
512 -201617.1000000000
526 -197269.1000000000
571 -196875.1000000000
617 -194997.1000000000
637 -193423.1000000000
721 -192601.1000000000
795 -191116.1000000000
817 -188959.1000000000
922 -186318.1000000000
1022 -184935.1000000000
1141 -184589.1000000000
1216 -184040.1000000000
1236 -183490.1000000000
1241 -180388.1000000000
1311 -178740.1000000000
1324 -178414.1000000000
1330 -178324.1000000000
1358 -177355.1000000000
1375 -175607.1000000000
1418 -174626.1000000000
1450 -173709.1000000000
1453 -173361.1000000000
1463 -171662.1000000000
1487 -168841.1000000000
1514 -168320.1000000000
1537 -167016.1000000000
1544 -166528.1000000000
1550 -166415.1000000000
1552 -165536.1000000000
1563 -163988.1000000000
1595 -163546.1000000000
1609 -162994.1000000000
1632 -160479.1000000000
1699 -160440.1000000000
1721 -160168.1000000000
1722 28257.3180017578
1773 28456.0017227373
1879 28458.4379391607
1970 28700.6789937721
2013 28943.8204280705
2097 29015.4648766021
2134 29037.5856528879
2232 29185.7829765032
2326 29365.7349518971
2390 29476.1768253571
2419 29507.7299220503
2461 29569.4685693281
2557 29910.8528146855
2583 30302.7254517124
2845 30525.1204397816
2943 30627.8678834419
2971 30677.2368667352
2992 30692.7363811226
3017 30866.7640904109
3078 31016.5362957809
3223 31226.8759767292
3285 31256.0353822733
3562 31277.4718308915
3880 31497.9860093045
4013 31643.4649023433
4228 31806.9428646961
4440 31843.5136333886
4474 31891.9180107688
4759 31913.5179824473
4760 32028.6429057107
5230 32031.8880830758
5357 32236.7009954401
6667 32339.3521980443
7354 32436.2954996455
7597 32566.7587911697
7627 32740.3811543281
7737 32846.3628145526
7843 32944.2741895243
8829 33076.6363742341
9153 33222.9801803168
10010 -161049.1000000000
evaluations raw_y
1 -264350.1000000000
3 -258859.1000000000
22 -256761.1000000000
26 -250521.1000000000
39 -248893.1000000000
60 -248686.1000000000
66 -240505.1000000000
87 -236637.1000000000
94 -232766.1000000000
105 -229349.1000000000
113 -224254.1000000000
133 -221228.1000000000
201 -219930.1000000000
222 -215993.1000000000
276 -215464.1000000000
290 -215137.1000000000
311 -209780.1000000000
396 -207447.1000000000
473 -206791.1000000000
510 -206400.1000000000
519 -205238.1000000000
563 -204373.1000000000
629 -202415.1000000000
694 -202275.1000000000
715 -201660.1000000000
769 -197575.1000000000
804 -195230.1000000000
857 -192519.1000000000
1010 -190639.1000000000
1062 -190461.1000000000
1085 -188993.1000000000
1101 -188382.1000000000
1177 -185584.1000000000
1283 -185243.1000000000
1304 -184620.1000000000
1324 -184455.1000000000
1343 -184187.1000000000
1349 -183602.1000000000
1359 -182193.1000000000
1390 -180893.1000000000
1415 -176403.1000000000
1463 -176349.1000000000
1472 -176156.1000000000
1505 -174559.1000000000
1507 -173803.1000000000
1515 -172420.1000000000
1544 -172361.1000000000
1546 -171182.1000000000
1583 -169794.1000000000
1598 -169426.1000000000
1612 -169226.1000000000
1619 -168270.1000000000
1666 -166258.1000000000
1721 -166240.1000000000
1722 -165034.1000000000
1732 -164279.1000000000
1749 -163689.1000000000
1763 -162952.1000000000
1775 -162550.1000000000
1787 -160361.1000000000
1800 -160247.1000000000
1802 26692.5656223408
1866 26707.6583182526
1986 26839.9798743234
2003 27113.2289855371
2071 27172.9844480300
2082 27326.4426235232
2170 27422.9907312349
2202 27432.1106038272
2235 27686.7400912175
2247 28027.5833964055
2352 28124.8463919319
2400 28346.9474292746
2415 28367.1618437815
2566 28383.0414658460
2592 29025.9607468182
2691 29250.1942501032
2722 29330.8420742262
2724 29350.2843800288
2795 29568.4459825292
2996 29578.5668394403
2998 29616.8001327299
3010 29736.0529017693
3053 29757.4617976632
3063 29816.1805180666
3251 29929.0577896427
3265 30077.8042559953
3397 30174.2178762969
3550 30186.3747531494
3609 30286.9485166463
3688 30325.3967643590
3692 30577.7128407550
3756 30763.3046470971
3808 30822.7687933133
4028 30916.8532667097
4094 31265.6950130613
4249 31369.5070316220
4434 31405.4198511203
4481 31405.6704844683
4549 31411.2732687311
4595 31466.8605363018
4659 31569.8888521060
4752 31688.2018702200
4843 31785.1493246782
4973 31790.5773537503
5040 31908.5223651131
5215 31923.7276122576
5434 31998.7012106492
5534 32241.6209034901
5747 32298.5876723988
6088 32444.9189572863
6802 32464.4283334094
6834 32544.6602600937
6878 32646.7238909587
7002 32672.8346547934
7055 32812.8504782265
8309 32917.8370538536
8565 33023.4733078151
10010 -162226.1000000000
evaluations raw_y
1 -272347.1000000000
2 -263935.1000000000
4 -258776.1000000000
11 -257882.1000000000
13 -246219.1000000000
23 -241190.1000000000
41 -237151.1000000000
43 -235865.1000000000
52 -234452.1000000000
60 -230898.1000000000
89 -226927.1000000000
105 -223064.1000000000
109 -220697.1000000000
121 -216789.1000000000
131 -214960.1000000000
134 -211508.1000000000
282 -208599.1000000000
294 -208245.1000000000
375 -205708.1000000000
390 -205544.1000000000
403 -203664.1000000000
472 -202210.1000000000
490 -200621.1000000000
515 -200356.1000000000
540 -199702.1000000000
559 -199205.1000000000
589 -197028.1000000000
600 -193951.1000000000
644 -193516.1000000000
667 -189973.1000000000
828 -188817.1000000000
836 -185072.1000000000
871 -183121.1000000000
961 -181901.1000000000
1043 -181622.1000000000
1057 -180245.1000000000
1127 -180119.1000000000
1237 -179963.1000000000
1309 -178731.1000000000
1337 -178628.1000000000
1348 -178612.1000000000
1354 -177837.1000000000
1358 -177222.1000000000
1377 -175443.1000000000
1408 -175233.1000000000
1424 -174934.1000000000
1441 -174781.1000000000
1453 -173744.1000000000
1464 -171979.1000000000
1534 -171724.1000000000
1536 -171608.1000000000
1541 -170545.1000000000
1569 -170170.1000000000
1603 -169289.1000000000
1625 -168880.1000000000
1642 -168235.1000000000
1656 -167580.1000000000
1662 -165773.1000000000
1700 -165387.1000000000
1708 -164868.1000000000
1720 -164031.1000000000
1742 -162701.1000000000
1750 -162125.1000000000
1776 -161215.1000000000
1879 27234.9672728846
1889 28517.9626473341
1942 28600.7928248076
2045 28740.1186615431
2288 28749.7219032684
2463 28863.9281115298
2518 29156.0177252512
2620 29359.8174544396
2755 29502.6712763751
2851 29562.3183743731
3136 29783.9772935385
3186 29829.5781875078
3488 29932.3759935510
3655 30018.6463187517
3732 30058.3488657189
3934 30291.0560305221
3943 30463.2169857652
4066 30620.0328088884
4619 30632.7707217059
4664 31235.7650407702
4788 31294.4233800556
5161 31398.2419699199
5175 31482.4315501491
5523 31541.7859788241
5615 32053.6062422450
5659 32091.8198194829
5796 32404.9423860750
5923 32469.9578735575
6046 32491.5422324828
6144 32692.5271524839
6788 32796.2934277800
6986 32945.6676566430
7420 33012.0653680160
7459 33147.6456716659
7480 33279.5160426071
9629 33295.5617202321
10010 -161283.1000000000
evaluations raw_y
1 -284701.1000000000
2 -273152.1000000000
4 -266354.1000000000
22 -261919.1000000000
23 -249768.1000000000
39 -243652.1000000000
60 -237725.1000000000
99 -233379.1000000000
113 -225780.1000000000
159 -221275.1000000000
231 -219878.1000000000
251 -214660.1000000000
297 -206539.1000000000
363 -204267.1000000000
553 -203908.1000000000
575 -203065.1000000000
671 -201733.1000000000
722 -201539.1000000000
735 -197751.1000000000
780 -195333.1000000000
840 -194636.1000000000
874 -194303.1000000000
907 -191449.1000000000
910 -190991.1000000000
992 -189469.1000000000
1020 -188561.1000000000
1038 -188208.1000000000
1067 -186278.1000000000
1120 -183052.1000000000
1154 -182740.1000000000
1165 -181492.1000000000
1239 -178263.1000000000
1291 -177084.1000000000
1292 -176585.1000000000
1311 -173795.1000000000
1343 -173044.1000000000
1381 -170430.1000000000
1449 -170256.1000000000
1485 -170239.1000000000
1516 -165663.1000000000
1611 -163920.1000000000
1625 -163819.1000000000
1639 -163434.1000000000
1659 -162693.1000000000
1661 -161645.1000000000
1688 -161290.1000000000
1690 -161281.1000000000
1718 25499.7188961731
1733 25798.1440636537
1775 26131.7595239054
1777 26285.9712602968
1786 26428.4125946203
1803 26457.0627932285
1842 26484.8344975457
1873 26720.8423540417
1901 26920.6191733802
1916 27058.1769816338
1988 27090.2246942718
2014 27406.8277255181
2078 27507.0564221451
2083 27527.0838926165
2109 27606.7574364038
2160 27708.9582421959
2243 27930.1904479368
2253 28191.0107309929
2271 28348.6147439482
2405 28619.0898894993
2635 28631.6663375843
2680 28900.8286696911
2781 29008.7386887974
2784 29061.5024556157
2800 29637.7896221602
2867 29826.0760783639
3040 29988.9509330576
3173 29989.4306772168
3217 30028.4539975086
3295 30138.5203384703
3304 30219.9835575076
3499 30349.7154720057
3514 30365.5727290131
3527 30772.9698734228
3701 30835.9355974321
3974 30974.4751322513
4024 30977.4148936383
4205 31167.2554201435
4243 31435.8103721873
4519 31976.7564109265
4654 32450.2060008389
5552 32567.7178464020
5750 32699.6602023645
5867 32708.4681765201
6660 32718.4201334251
7757 32722.7592116295
7868 32932.5018757566
8034 33028.9161335795
8502 33108.3418466255
9147 33194.7541741013
10010 32462.4332562366
evaluations raw_y
1 -265933.1000000000
8 -263551.1000000000
14 -262637.1000000000
31 -259501.1000000000
34 -258820.1000000000
58 -236002.1000000000
85 -235955.1000000000
103 -227294.1000000000
123 -224088.1000000000
130 -224061.1000000000
155 -223665.1000000000
200 -220017.1000000000
205 -218948.1000000000
232 -216582.1000000000
454 -216318.1000000000
464 -212817.1000000000
479 -211736.1000000000
529 -207123.1000000000
608 -203128.1000000000
656 -201662.1000000000
707 -200101.1000000000
745 -198757.1000000000
759 -198666.1000000000
776 -197850.1000000000
779 -194576.1000000000
797 -193708.1000000000
800 -192722.1000000000
847 -191273.1000000000
867 -189773.1000000000
910 -188627.1000000000
962 -188528.1000000000
1018 -188337.1000000000
1038 -186054.1000000000
1115 -185248.1000000000
1132 -183589.1000000000
1156 -179626.1000000000
1193 -179572.1000000000
1198 -179273.1000000000
1212 -174347.1000000000
1307 -172773.1000000000
1353 -172118.1000000000
1390 -170552.1000000000
1482 -169362.1000000000
1489 -168874.1000000000
1518 -168293.1000000000
1528 -167723.1000000000
1539 -164567.1000000000
1579 -162905.1000000000
1635 -162888.1000000000
1657 -162517.1000000000
1665 -161062.1000000000
1698 -160933.1000000000
1699 -160597.1000000000
1724 26266.4735866560
1728 26481.6782670571
1787 26631.1280244353
1811 26652.4865549715
1922 26685.1769317460
1927 26739.4251011172
1947 27122.4067151919
1966 27130.2942602412
1987 27219.1673693331
2009 27365.6912477934
2024 28147.4219780028
2044 28177.8266516768
2050 28304.5577237649
2145 28844.0513171598
2324 29012.2664913268
2495 29083.2073477248
2524 29274.6709419783
2572 29352.1999869214
2644 29675.4891185672
2713 29903.5984660628
2829 30086.6258379369
2948 30158.5210116546
2959 30394.0494990534
3066 30425.6590403508
3090 30488.2286017138
3231 30671.8355523119
3361 30846.4394275760
3620 30858.6558636271
3650 31103.1491152919
4174 31169.9617384479
5196 31346.9671343820
5470 31517.3395512570
5614 31535.2857027107
5860 31635.5542928558
5918 31678.6086093315
5951 31699.1803174150
6083 31733.6899076528
6129 31934.6794244560
6230 32060.7228307876
6610 32127.1094613347
6735 32227.5911198510
8483 32288.8717141774
9065 32324.9262537651
9180 32329.2345617163
9350 32525.3628129477
10010 -163984.1000000000
evaluations raw_y
1 -273384.1000000000
3 -260850.1000000000
10 -259775.1000000000
20 -242222.1000000000
42 -241709.1000000000
71 -232172.1000000000
97 -230061.1000000000
101 -220981.1000000000
149 -220884.1000000000
183 -219298.1000000000
207 -215094.1000000000
248 -211579.1000000000
351 -210339.1000000000
437 -206445.1000000000
527 -205839.1000000000
544 -202561.1000000000
574 -202117.1000000000
627 -197068.1000000000
929 -195386.1000000000
973 -194707.1000000000
976 -193824.1000000000
994 -191833.1000000000
996 -189253.1000000000
1131 -188328.1000000000
1149 -187898.1000000000
1262 -186666.1000000000
1308 -186081.1000000000
1373 -185914.1000000000
1386 -181728.1000000000
1426 -179361.1000000000
1428 -176107.1000000000
1458 -175567.1000000000
1476 -175114.1000000000
1506 -174806.1000000000
1536 -173895.1000000000
1542 -172936.1000000000
1556 -172530.1000000000
1572 -171587.1000000000
1607 -171199.1000000000
1614 -170520.1000000000
1622 -169234.1000000000
1648 -168953.1000000000
1654 -167277.1000000000
1662 -166465.1000000000
1677 -164091.1000000000
1700 -163724.1000000000
1705 -162583.1000000000
1724 -159947.1000000000
1764 24729.0291972866
1802 24877.8227839220
1836 25280.9974506862
1862 25350.0789236096
1907 25526.3285087779
1934 25746.6137239286
1938 25752.2590707594
1961 25916.9125838263
2021 26632.5238439226
2078 26921.8048091992
2158 26924.7986330238
2234 27168.1810887299
2322 27455.6247961068
2362 27718.7228436794
2479 28120.1953401653
2641 28132.2664786105
2709 28679.5575781161
2724 28772.6773079057
2743 29161.7268577290
2776 29266.3849794661
2853 29572.6100051837
2891 29823.9067988153
2894 29902.8708498819
2924 30066.4729403410
2946 30213.1540934744
3048 30357.5188110074
3091 30367.2712766089
4437 30588.5902684588
4691 30759.3809378544
4899 30836.1533010922
4937 30846.0400379058
5000 30968.0519350137
5046 31026.7764902225
5118 31427.1511080524
5269 31428.6020724323
6006 31633.7020825039
6201 31788.7084976852
7061 31797.4496792439
7140 31856.1297904482
7164 32094.1135232672
7210 32124.3646660631
7236 32209.4529288277
7254 32282.2470782110
8375 32339.7414205018
8526 32400.0775975728
9906 32401.2357462232
9951 32655.4042883701
10010 30811.0664686991
evaluations raw_y
1 -259710.1000000000
16 -249865.1000000000
38 -249196.1000000000
39 -248807.1000000000
42 -243928.1000000000
64 -239546.1000000000
73 -233201.1000000000
81 -232457.1000000000
96 -230318.1000000000
144 -229622.1000000000
156 -223390.1000000000
215 -219405.1000000000
325 -218352.1000000000
334 -216746.1000000000
367 -215341.1000000000
375 -210441.1000000000
385 -207407.1000000000
444 -206601.1000000000
456 -204811.1000000000
497 -199998.1000000000
725 -197539.1000000000
748 -195965.1000000000
856 -195026.1000000000
936 -194333.1000000000
985 -193263.1000000000
1009 -191599.1000000000
1016 -189516.1000000000
1036 -187827.1000000000
1093 -186577.1000000000
1112 -186117.1000000000
1178 -185651.1000000000
1199 -184872.1000000000
1205 -181662.1000000000
1212 -180156.1000000000
1272 -179436.1000000000
1296 -176122.1000000000
1366 -176015.1000000000
1377 -175384.1000000000
1393 -175155.1000000000
1400 -172632.1000000000
1405 -170042.1000000000
1419 -168819.1000000000
1456 -164867.1000000000
1508 -164376.1000000000
1520 -163203.1000000000
1528 -163196.1000000000
1543 -161730.1000000000
1563 26370.3582369495
1600 27095.5008794636
1615 27245.3478643250
1619 27476.6584951537
1620 27499.5213245703
1652 27787.0360668767
1679 28342.2402824431
1700 28447.6430057180
1838 28564.7038588255
1968 28583.1611262418
2043 28600.6134089529
2056 28965.1541734722
2225 28992.4514901966
2340 29086.8746190950
2345 29513.7445326250
2371 30019.3360575168
2416 30098.5099005187
2666 30632.1235487519
2809 30686.7712464523
2819 30747.1358270188
2937 30824.4432088846
2944 31040.9107780820
3184 31051.2812086514
3380 31155.5362419027
3736 31201.3271085565
3830 31257.2222677752
3836 31264.2653782851
3893 31449.1425579939
4185 31507.5388998921
4278 31695.9225980986
4369 31808.4870945897
4498 31908.7867958805
4562 32040.0930692377
4580 32119.8648934103
4764 32205.5363297699
4832 32246.1281841941
4909 32440.3982391174
7373 32796.1756926553
10010 -164070.1000000000
evaluations raw_y
1 -277789.1000000000
5 -270589.1000000000
7 -256415.1000000000
23 -255865.1000000000
27 -248011.1000000000
30 -240671.1000000000
39 -240125.1000000000
49 -239463.1000000000
67 -232242.1000000000
79 -231977.1000000000
85 -229351.1000000000
98 -227368.1000000000
116 -226406.1000000000
134 -226321.1000000000
153 -219063.1000000000
231 -219029.1000000000
282 -212487.1000000000
306 -210649.1000000000
329 -207267.1000000000
450 -206645.1000000000
480 -203846.1000000000
493 -202368.1000000000
593 -201461.1000000000
644 -196115.1000000000
664 -195136.1000000000
682 -187035.1000000000
1035 -185793.1000000000
1049 -185619.1000000000
1094 -182058.1000000000
1138 -180664.1000000000
1159 -179645.1000000000
1166 -176925.1000000000
1274 -175960.1000000000
1295 -175583.1000000000
1327 -175191.1000000000
1344 -172532.1000000000
1396 -172277.1000000000
1427 -171280.1000000000
1433 -171099.1000000000
1449 -167220.1000000000
1478 -163944.1000000000
1501 -163476.1000000000
1543 -161604.1000000000
1600 -161305.1000000000
1623 -161224.1000000000
1701 -160575.1000000000
1703 -160055.1000000000
1734 24653.7832633809
1745 25299.0598498363
1764 26051.4733986084
1793 26152.7731955247
1795 26438.7910570525
1832 26505.0954047562
1836 26716.0356095805
1901 26831.8838524002
1920 26905.0330916298
1930 27468.3701825958
1951 27623.4931833367
1979 27798.6923178531
2002 27820.0098495113
2050 28035.4921147114
2084 28070.9692485563
2110 28275.3983611855
2130 28444.6145895108
2133 28472.2835538087
2258 28478.2395393056
2306 28638.9571955942
2383 28732.0936229072
2427 28884.1112275134
2475 28935.9677478941
2554 29142.6578966211
2625 29155.7185321977
2634 29489.5760885159
2717 29757.6967067954
2992 29860.8161135628
3041 29963.9393206451
3084 30044.7750292974
3106 30316.2168935448
3150 30471.1379812535
3210 30536.5490085810
3296 30628.5443217049
3299 30949.0195054345
3396 30988.0588997516
3459 31255.3927656860
3530 31430.0464469959
4074 31576.9457428672
4295 31691.0596192907
4955 31934.6180456286
5415 31971.9089934702
5458 32026.9823602494
5639 32091.4641909860
5749 32146.5054059175
6134 32199.9591553697
6419 32240.6829098153
6549 32324.1382881199
6637 32435.4247304205
6701 32486.3378577179
6735 32539.7707781046
6741 32602.5633828747
7126 32696.2872406671
8013 32703.1846686748
8170 32731.4079354068
8372 32752.8344772296
8451 32783.2772838106
8936 32860.0921111532
9171 32872.0660162359
9229 32980.2747251913
9571 33133.1479491450
10010 -161750.1000000000
evaluations raw_y
1 -262223.1000000000
9 -252747.1000000000
23 -251260.1000000000
39 -250681.1000000000
54 -247346.1000000000
57 -247144.1000000000
76 -245154.1000000000
78 -237285.1000000000
90 -233801.1000000000
108 -231195.1000000000
118 -229245.1000000000
138 -218127.1000000000
170 -217589.1000000000
194 -211863.1000000000
315 -206917.1000000000
438 -206379.1000000000
468 -206226.1000000000
493 -202317.1000000000
527 -201198.1000000000
544 -197345.1000000000
597 -193800.1000000000
703 -192657.1000000000
726 -189502.1000000000
764 -182857.1000000000
799 -180469.1000000000
1096 -176047.1000000000
1135 -174718.1000000000
1216 -167917.1000000000
1296 -165789.1000000000
1415 -165636.1000000000
1465 -165226.1000000000
1470 -165194.1000000000
1482 -164213.1000000000
1503 -164182.1000000000
1506 -164086.1000000000
1508 -164039.1000000000
1509 -163999.1000000000
1517 -162928.1000000000
1540 -162524.1000000000
1547 26789.2262031218
1586 26911.6366005927
1596 27144.8219655351
1608 27227.1475301567
1618 27611.3016186333
1675 27983.9265026598
1957 28194.7282299533
2041 28524.6569412586
2056 28744.7145980856
2199 28868.1283731387
2236 28925.4449135329
2266 29118.0237578585
2294 29165.6619784017
2359 29307.8289036876
2440 29390.9742399405
2455 29422.8946509256
2471 29711.5592494542
2496 30120.3935067714
2615 30215.9298519225
2988 30225.9527994849
3136 30731.5318931919
3581 30867.2069871704
3647 31021.0529079783
4031 31175.3892627705
4230 31404.6946092226
4363 31583.3486138955
4529 31604.2898493791
4564 31905.1524689053
4797 32081.1707722531
5061 32141.3192134710
5223 32205.5748496031
5340 32342.9610566151
5491 32416.0315432994
5504 32627.7255727049
5604 32657.9227453220
5759 32707.2548579074
5797 32974.4869094148
6000 33246.2066991691
7446 33395.4262459474
9415 33502.4667405446
10010 31990.5119150349
evaluations raw_y
1 -289807.1000000000
2 -259402.1000000000
19 -251108.1000000000
37 -248907.1000000000
50 -246595.1000000000
52 -244502.1000000000
59 -241819.1000000000
66 -237149.1000000000
91 -235903.1000000000
94 -235346.1000000000
103 -230102.1000000000
150 -228318.1000000000
164 -226349.1000000000
197 -224331.1000000000
222 -221157.1000000000
242 -208521.1000000000
309 -206119.1000000000
351 -202367.1000000000
431 -201752.1000000000
514 -200132.1000000000
553 -195405.1000000000
657 -195084.1000000000
849 -193408.1000000000
909 -191232.1000000000
973 -190280.1000000000
1078 -183863.1000000000
1163 -183564.1000000000
1165 -179585.1000000000
1192 -178860.1000000000
1212 -175606.1000000000
1287 -175276.1000000000
1295 -174724.1000000000
1344 -173987.1000000000
1356 -172647.1000000000
1381 -170726.1000000000
1440 -169637.1000000000
1466 -168369.1000000000
1491 -167534.1000000000
1536 -166827.1000000000
1561 -165918.1000000000
1569 -165912.1000000000
1587 -163384.1000000000
1621 -163085.1000000000
1623 -162703.1000000000
1648 -161951.1000000000
1664 -161895.1000000000
1668 -161284.1000000000
1700 -160137.1000000000
1755 26741.9614100562
1763 27421.6747747131
1893 27464.7449758560
1900 27619.0383400509
1950 27781.2730881870
1960 28265.1343452243
1989 28355.1039295312
2154 28420.4199293536
2200 28447.7886861959
2293 28452.9005340954
2339 28767.1831979384
2376 28817.8464853881
2450 28822.1662809131
2513 28864.7190836457
2607 28894.1554463748
3068 29004.9305622238
3203 29058.7867979741
3211 29172.3079870687
3304 29510.1404366310
3473 29638.7647254388
3647 29646.3020793040
3704 29755.8779888217
3809 29990.0980894015
3885 29997.2370600821
3900 30319.9524789065
4234 30321.9394135025
4270 30355.2939545630
4523 30370.6020480794
4539 30413.6147462352
4592 30552.3435083712
5671 30589.5792826731
5793 30692.5385552444
5828 30752.7597106839
5859 30893.6659957883
5958 31127.7753115908
6053 31248.0273125125
6244 31445.7635440800
6259 31622.4546954531
6431 31626.1108171952
6556 31683.5236429497
6592 31770.6830132083
6612 31786.6200571579
6837 31866.7861957104
7082 31895.4160427423
7134 31899.6654803459
7207 31902.3307684980
7341 31966.4209289101
7631 32042.4207828415
7735 32115.0968208219
7740 32290.4249588827
7911 32408.5225568147
8148 32640.7396128337
8269 32758.3171635242
8755 32763.7500518037
8782 32840.5990952908
8844 32883.9530392819
9709 32936.5233429749
9792 33078.9529995555
9913 33236.9215643943
10010 32590.5389268478
evaluations raw_y
1 -270710.1000000000
3 -247588.1000000000
21 -245046.1000000000
30 -243006.1000000000
52 -235402.1000000000
70 -234451.1000000000
81 -233213.1000000000
104 -225670.1000000000
124 -221548.1000000000
135 -214735.1000000000
307 -211616.1000000000
341 -209479.1000000000
346 -208171.1000000000
386 -203851.1000000000
451 -199427.1000000000
458 -198135.1000000000
554 -193965.1000000000
647 -192579.1000000000
692 -192070.1000000000
850 -190223.1000000000
945 -188860.1000000000
1031 -184645.1000000000
1047 -183598.1000000000
1142 -183083.1000000000
1155 -181132.1000000000
1158 -179736.1000000000
1201 -179487.1000000000
1263 -176194.1000000000
1311 -171970.1000000000
1323 -171375.1000000000
1384 -170516.1000000000
1394 -169981.1000000000
1402 -169725.1000000000
1419 -168426.1000000000
1428 -167930.1000000000
1439 -166926.1000000000
1469 -163742.1000000000
1497 -162149.1000000000
1516 -162038.1000000000
1546 26992.7295818357
1664 27120.0198028988
1702 27212.1024865971
1754 27311.3012703944
1778 27397.7683906063
1779 27516.4010032314
1798 27714.0398148873
1806 27803.8018077425
1882 27901.6398906810
1910 28321.6913354347
1941 28747.8276059681
2014 28993.9428642015
2126 29293.8790306923
2158 29766.1969617569
2348 29777.6401018202
2361 30682.0216556178
2414 30894.7493620016
2420 31034.9894251468
2502 31058.3710033181
3278 31139.2109799122
3357 31376.8372126202
3387 31540.3990606375
3732 31553.7995621699
3854 31602.7334270969
4013 31913.1043153267
4203 32076.8437269125
5651 32148.0813835386
5736 32399.1889868338
5886 32672.1012621606
6862 32797.3142003299
7220 32814.5649232798
7450 32958.2793542006
7906 32981.3870394172
8200 33181.1928941210
8255 33250.6193637403
8283 33297.9647050555
8372 33472.6518327463
8439 33673.6328324536
8860 33699.1324074254
9304 33714.1628485613
9669 33877.5867452981
9958 33994.5234694473
10010 -165669.1000000000
evaluations raw_y
1 -260331.1000000000
12 -259551.1000000000
23 -258983.1000000000
27 -251932.1000000000
42 -245235.1000000000
60 -241113.1000000000
100 -239124.1000000000
119 -235765.1000000000
126 -231078.1000000000
136 -225325.1000000000
159 -222968.1000000000
170 -219735.1000000000
251 -211930.1000000000
369 -211356.1000000000
403 -204519.1000000000
430 -202830.1000000000
518 -202770.1000000000
549 -199042.1000000000
641 -196611.1000000000
663 -195390.1000000000
764 -185980.1000000000
966 -185038.1000000000
1011 -183517.1000000000
1052 -181451.1000000000
1120 -180345.1000000000
1134 -175354.1000000000
1181 -173429.1000000000
1316 -173036.1000000000
1355 -171345.1000000000
1434 -170982.1000000000
1455 -170687.1000000000
1458 -170659.1000000000
1464 -168516.1000000000
1484 -164911.1000000000
1497 -162007.1000000000
1537 -161246.1000000000
1555 -160476.1000000000
1600 -160148.1000000000
1603 26019.0210092936
1633 26026.9485841978
1644 26042.0962293327
1646 26236.5871603442
1662 27230.2879737202
1878 27375.1511755202
1881 27433.1667144143
1940 27441.5948178111
2023 27682.9475657106
2027 28045.9724075438
2069 28170.1053182502
2127 28191.1091858427
2132 28382.2735503523
2250 28397.1620293130
2317 28540.8552382881
2344 28912.1162475538
2420 29043.7615962041
2499 29154.0470796389
2701 29217.9361215914
2704 29287.8607343925
2842 29830.1372180852
2916 29893.8733668361
2982 30007.5732558320
3221 30019.0710562768
3336 30125.9165167095
3459 30173.8058802799
3472 30462.4591410170
3501 30628.1375745838
3554 30705.5229294500
3564 30724.1711556506
3698 30727.2088799413
3833 30826.7446820138
3844 31228.2910226498
4065 31254.5784418254
4385 31529.4917610397
4627 31586.2801384884
4772 31705.6206581674
4947 31781.3408827952
5120 31805.7566006180
5290 31947.6798175901
5441 32143.1574226244
5450 32226.9708539272
5480 32264.2009533111
5726 32464.7254572442
7169 32605.3816845206
7827 32691.1036593902
7931 32716.9593016319
8157 32802.7890711678
8164 32840.2374553928
8375 32944.7413875364
8960 33096.9091570313
9223 33111.3811814141
10010 -165064.1000000000
evaluations raw_y
1 -289759.1000000000
2 -285289.1000000000
5 -267526.1000000000
6 -265350.1000000000
8 -259819.1000000000
23 -255365.1000000000
28 -251561.1000000000
44 -230921.1000000000
86 -223821.1000000000
172 -222577.1000000000
212 -221484.1000000000
234 -220120.1000000000
247 -219725.1000000000
255 -213212.1000000000
370 -210908.1000000000
452 -210688.1000000000
466 -205106.1000000000
498 -201084.1000000000
526 -199325.1000000000
527 -198878.1000000000
647 -196648.1000000000
654 -192192.1000000000
894 -191031.1000000000
912 -188590.1000000000
949 -188056.1000000000
966 -185178.1000000000
1099 -183223.1000000000
1114 -180800.1000000000
1208 -177915.1000000000
1236 -177729.1000000000
1246 -176984.1000000000
1306 -176470.1000000000
1396 -174719.1000000000
1412 -174109.1000000000
1453 -173288.1000000000
1456 -171435.1000000000
1473 -170715.1000000000
1509 -170538.1000000000
1536 -169222.1000000000
1549 -168938.1000000000
1566 -167712.1000000000
1589 -166378.1000000000
1647 -165942.1000000000
1660 -164654.1000000000
1695 -164102.1000000000
1697 -163474.1000000000
1710 -163347.1000000000
1714 -162606.1000000000
1735 -162307.1000000000
1738 -161331.1000000000
1743 25262.4690351148
1759 25269.9172152709
1781 25367.5351460509
1822 25795.1254356973
1852 25913.3584213629
1945 26092.9142975108
1969 26096.1539811760
1996 26760.1898168177
2089 26796.3524703912
2103 26867.8468204631
2161 26979.1282626737
2204 27232.7220915118
2228 27458.9692989219
2267 27818.0621356796
2477 27869.5093578608
2506 28099.1785774632
2546 28553.3185909206
2829 28832.2310764583
3093 29125.6670759735
3233 29289.4438182912
3657 29434.6521399385
3711 29652.6914134590
3768 29924.1458699679
3852 29924.9527148126
3961 30027.4153579044
4257 30228.7918729513
4337 30263.4381255919
4345 30421.3436641093
4534 30664.4651802205
4650 30717.9211778318
4664 30823.2211453119
5002 30923.6605672185
5112 30972.3227533465
5189 31178.5755910141
5240 31304.0500086812
5390 31504.9040364621
5452 31560.5179565634
5758 31723.5491574734
5778 32365.5476601831
5872 32411.7799445117
6116 32530.4868058563
6204 32549.8279081313
6273 32736.3748997234
6289 32905.5961333828
6571 33020.6211825294
6686 33090.5437855020
7275 33241.2491729652
7843 33344.8491304509
8278 33425.2588432769
8284 33508.4535892887
8562 33511.8411209457
9054 33515.2642888554
9388 33549.4135359144
10010 -161326.1000000000
evaluations raw_y
1 -277329.1000000000
2 -269862.1000000000
3 -268844.1000000000
7 -263216.1000000000
10 -259919.1000000000
24 -257113.1000000000
26 -248572.1000000000
41 -244745.1000000000
68 -238997.1000000000
79 -238550.1000000000
87 -232153.1000000000
119 -231936.1000000000
125 -227263.1000000000
158 -225480.1000000000
201 -223387.1000000000
215 -222694.1000000000
223 -218597.1000000000
232 -217097.1000000000
251 -214455.1000000000
274 -211043.1000000000
312 -209636.1000000000
476 -209555.1000000000
496 -206474.1000000000
577 -206078.1000000000
590 -199752.1000000000
678 -199558.1000000000
729 -194065.1000000000
914 -188080.1000000000
989 -187759.1000000000
1088 -185327.1000000000
1196 -183850.1000000000
1198 -183698.1000000000
1224 -181578.1000000000
1236 -181036.1000000000
1288 -177651.1000000000
1315 -174467.1000000000
1326 -171864.1000000000
1371 -170626.1000000000
1384 -170010.1000000000
1445 -169256.1000000000
1450 -168223.1000000000
1482 -168135.1000000000
1494 -168010.1000000000
1500 -167619.1000000000
1516 -166072.1000000000
1522 -166035.1000000000
1527 -165352.1000000000
1549 -165122.1000000000
1558 -163913.1000000000
1612 -162249.1000000000
1630 -162153.1000000000
1664 -161815.1000000000
1676 26766.9728411177
1728 26814.6714973942
1754 26864.3952821939
1780 27148.6309013081
1794 27468.7011694052
1821 28117.6932625340
1881 28576.2894240056
2136 28707.7581418551
2179 28872.6110588075
2288 28931.1420361544
2310 29423.1658891230
2348 29572.7896087717
2399 29630.1587156054
2469 29642.3416676610
2518 29900.8202275618
2524 30086.4136570284
2563 30102.8078514760
2959 30206.6100509170
3293 30481.3951574761
3438 30500.3154874125
3465 30511.2003623862
3500 30849.9518928493
3797 31002.1338862333
3816 31218.7800914613
4070 31340.8390269693
4310 31472.9400737857
4330 31475.7661037454
4453 31610.5742852383
4688 31705.8916787122
4729 31744.4498515980
5195 32017.7321632102
5462 32049.0956386415
5657 32057.7062073409
6435 32193.3710400642
7140 32248.8444408036
7166 32544.8079008427
7626 32714.0624426949
7641 32817.4100071695
7755 32959.4377590878
8514 33072.5643778272
8781 33073.9925204026
9270 33151.6343656856
9361 33176.1973101816
9629 33235.6665612595
9652 33395.4410732769
10010 -161221.1000000000
evaluations raw_y
1 -268530.1000000000
19 -266606.1000000000
24 -263836.1000000000
26 -260437.1000000000
33 -258714.1000000000
36 -257947.1000000000
46 -255488.1000000000
64 -254031.1000000000
71 -249506.1000000000
86 -248722.1000000000
98 -247500.1000000000
101 -241779.1000000000
115 -241544.1000000000
136 -236916.1000000000
149 -234828.1000000000
163 -233765.1000000000
170 -228631.1000000000
197 -227214.1000000000
205 -225588.1000000000
206 -221947.1000000000
231 -220672.1000000000
255 -219349.1000000000
273 -215209.1000000000
287 -213591.1000000000
356 -208095.1000000000
466 -204771.1000000000
513 -199146.1000000000
556 -197165.1000000000
658 -195890.1000000000
674 -193709.1000000000
736 -193085.1000000000
743 -192250.1000000000
822 -190391.1000000000
928 -189761.1000000000
1027 -187597.1000000000
1030 -186470.1000000000
1040 -184906.1000000000
1054 -184530.1000000000
1114 -180529.1000000000
1129 -179240.1000000000
1142 -179009.1000000000
1199 -178341.1000000000
1210 -176445.1000000000
1232 -174566.1000000000
1289 -173843.1000000000
1350 -173261.1000000000
1405 -172899.1000000000
1414 -171374.1000000000
1446 -171198.1000000000
1503 -170720.1000000000
1529 -169110.1000000000
1566 -167874.1000000000
1585 -166951.1000000000
1590 -166143.1000000000
1611 -164913.1000000000
1642 -164665.1000000000
1649 -164450.1000000000
1668 -163722.1000000000
1683 -162724.1000000000
1736 -161565.1000000000
1740 -160664.1000000000
1755 -160135.1000000000
1810 26105.6570752831
1867 26369.8769585760
1904 26429.0203056814
1944 26723.5147886995
1956 26881.4859072357
2018 27073.4722995292
2075 27209.5645734783
2085 27706.1715586331
2271 27742.4276211111
2321 27878.1845488741
2370 28052.7829804146
2528 28127.0381790062
2609 28559.3623980711
2736 28623.4681436194
2878 28639.9373098111
2911 28711.3039970664
2919 28835.8868037038
2938 29236.3282017511
3080 29303.4776031759
3081 29495.3202985287
3409 29639.2235020462
3490 29816.4293227056
3584 29949.6740771730
3588 29988.9100504095
3641 30414.1105260785
3687 30453.7998087369
3763 30763.2248858256
3838 30836.7754140160
3855 30958.9364696750
4015 31074.9302976312
4173 31273.7114032867
4289 31532.8638224521
4344 31623.8671911065
4523 31727.3185711401
4562 31830.7699462582
4669 32203.5434760680
5055 32227.6923841947
5293 32308.8785922525
5680 32391.7640812544
5855 32492.0510421775
5879 32570.8562506461
6086 32579.6333226847
6459 32670.2216410510
7291 32684.8666919298
7307 32780.8042491980
7409 32839.9390655945
8398 32940.2541299721
8569 33088.6478082291
9029 33393.5729074809
9807 33450.0528670107
9929 33489.9980781944
10010 -164069.1000000000
evaluations raw_y
1 -258181.1000000000
28 -254563.1000000000
41 -247267.1000000000
57 -244180.1000000000
82 -237607.1000000000
119 -234461.1000000000
121 -234457.1000000000
130 -227734.1000000000
147 -219889.1000000000
179 -218554.1000000000
196 -216337.1000000000
223 -215881.1000000000
259 -215443.1000000000
288 -207997.1000000000
360 -201803.1000000000
527 -197841.1000000000
588 -194186.1000000000
817 -191926.1000000000
880 -190801.1000000000
902 -190500.1000000000
1051 -190175.1000000000
1096 -189203.1000000000
1113 -182921.1000000000
1126 -181571.1000000000
1182 -181411.1000000000
1193 -179159.1000000000
1288 -177798.1000000000
1330 -177340.1000000000
1340 -176921.1000000000
1375 -173514.1000000000
1410 -173393.1000000000
1423 -170717.1000000000
1458 -170422.1000000000
1483 -170140.1000000000
1497 -169332.1000000000
1553 -168178.1000000000
1573 -168113.1000000000
1595 -166779.1000000000
1607 -166120.1000000000
1632 -165215.1000000000
1664 -165115.1000000000
1673 -163367.1000000000
1682 -162919.1000000000
1704 -162687.1000000000
1717 -161541.1000000000
1752 -161177.1000000000
1775 25951.0266963945
1796 26699.9387261866
1877 27125.0573091883
1932 27166.2506393195
1974 27281.9675744448
1990 27377.5486363614
2042 27483.7361648846
2080 27806.9304692760
2111 27973.2471225893
2252 28270.1009035454
2382 28352.3022355777
2459 28785.2616749256
2532 28837.7836801220
2627 28848.0678211341
2645 28849.3156452858
2652 29073.9537613090
2657 29706.5601945384
2749 29708.2898412659
2751 29768.9558066667
2812 30021.5979260799
2852 30301.9432156934
2922 30774.5146169132
2940 31003.4649970739
3157 31103.8625357940
3375 31109.0365075785
3924 31242.5325716005
4019 31482.5297949599
4228 31513.1606745815
4728 31593.1930171701
5041 31767.9590572660
5192 31780.9669367585
5504 31815.4933267308
5533 31851.4857501797
5559 31858.9865090702
5739 31859.4133139061
5765 31962.9931293425
5839 31993.7230875755
6173 32035.6135126446
6647 32086.4561379797
6661 32119.5155068420
7021 32409.7452956082
7061 32440.3550513241
7228 32585.6591593326
7745 32763.6994997754
9199 32898.7212766892
9335 33130.2029061318
9371 33151.6860637665
9595 33232.4281273310
10010 -163940.1000000000
evaluations raw_y
1 -278236.1000000000
2 -263902.1000000000
3 -261390.1000000000
21 -259145.1000000000
39 -258604.1000000000
41 -257080.1000000000
55 -254710.1000000000
62 -254568.1000000000
65 -250298.1000000000
76 -247565.1000000000
82 -244515.1000000000
84 -240350.1000000000
85 -237902.1000000000
103 -232363.1000000000
120 -231810.1000000000
126 -222638.1000000000
149 -221466.1000000000
181 -220265.1000000000
242 -220070.1000000000
278 -219880.1000000000
359 -219630.1000000000
373 -217081.1000000000
384 -214852.1000000000
448 -213233.1000000000
454 -212936.1000000000
473 -208896.1000000000
500 -206467.1000000000
559 -205778.1000000000
588 -205335.1000000000
609 -204241.1000000000
674 -202131.1000000000
683 -201446.1000000000
743 -201367.1000000000
755 -200982.1000000000
766 -197642.1000000000
769 -194689.1000000000
793 -194488.1000000000
852 -194460.1000000000
883 -194401.1000000000
935 -190399.1000000000
944 -189765.1000000000
992 -189732.1000000000
1022 -185997.1000000000
1232 -185223.1000000000
1259 -184593.1000000000
1270 -183490.1000000000
1367 -182808.1000000000
1372 -182682.1000000000
1376 -180669.1000000000
1392 -180239.1000000000
1401 -179792.1000000000
1409 -176929.1000000000
1471 -176744.1000000000
1479 -175765.1000000000
1484 -175232.1000000000
1490 -174235.1000000000
1520 -173093.1000000000
1527 -172197.1000000000
1536 -171401.1000000000
1549 -170355.1000000000
1593 -169947.1000000000
1607 -168588.1000000000
1623 -167577.1000000000
1643 -167513.1000000000
1646 -166718.1000000000
1688 -165198.1000000000
1734 -164466.1000000000
1785 -164206.1000000000
1805 -164085.1000000000
1811 -162280.1000000000
1858 -162261.1000000000
1884 -161806.1000000000
1889 -160315.1000000000
1901 -160124.1000000000
1928 25244.1214314889
1955 25860.8849400421
1965 25867.1013497288
1990 25987.1235087908
2029 26515.0206735513
2158 26722.0211140493
2217 27078.9456825840
2237 27131.6897431200
2250 27216.5867781622
2357 27577.9606628479
2452 27733.0824809002
2480 28207.1443152807
2567 28315.9946372838
2682 28333.3120799964
2683 28912.9879314952
2814 28961.8474247854
3018 29011.0750325729
3022 29182.4153555235
3098 29430.1763595009
3194 29554.5505105372
3301 29862.9688610761
3347 29958.4643042474
3388 30340.7701709763
3590 30441.8363343111
3687 30445.8717447947
3695 30601.7485908838
3901 30861.3126070388
4131 31213.4119189775
4154 31227.0572512490
5447 31271.8598683571
6090 31342.9360813365
6457 31360.6452812516
6573 31523.3639991779
7025 31691.6115760303
7151 31706.3894815547
7274 31725.8378655043
7483 31829.5095568188
7759 32027.7638807579
8177 32228.7097694327
8864 32332.3613699080
10010 -164440.1000000000
evaluations raw_y
1 -281950.1000000000
2 -269418.1000000000
3 -267637.1000000000
8 -264152.1000000000
10 -260747.1000000000
12 -258169.1000000000
22 -258035.1000000000
28 -256530.1000000000
30 -247822.1000000000
48 -247529.1000000000
62 -245197.1000000000
69 -240190.1000000000
78 -239600.1000000000
87 -236348.1000000000
108 -231408.1000000000
143 -226764.1000000000
167 -225737.1000000000
184 -222001.1000000000
222 -219021.1000000000
228 -218707.1000000000
276 -217511.1000000000
319 -213299.1000000000
415 -212087.1000000000
422 -207544.1000000000
472 -206368.1000000000
493 -204674.1000000000
540 -200596.1000000000
610 -198329.1000000000
630 -198312.1000000000
635 -198086.1000000000
752 -196174.1000000000
760 -193221.1000000000
797 -193119.1000000000
893 -190251.1000000000
975 -189748.1000000000
981 -189719.1000000000
1011 -187163.1000000000
1135 -186869.1000000000
1203 -185095.1000000000
1210 -184181.1000000000
1259 -178616.1000000000
1322 -178004.1000000000
1359 -176894.1000000000
1372 -175804.1000000000
1382 -175460.1000000000
1392 -174843.1000000000
1407 -172791.1000000000
1443 -172016.1000000000
1476 -169223.1000000000
1490 -168893.1000000000
1498 -168078.1000000000
1543 -167170.1000000000
1561 -166752.1000000000
1564 -165954.1000000000
1577 -165508.1000000000
1603 -165234.1000000000
1613 -164071.1000000000
1650 -163533.1000000000
1672 -162044.1000000000
1685 -161154.1000000000
1690 -159966.1000000000
1727 27778.3825824063
1733 28020.9719200032
1945 28146.8020468338
1992 28191.7271318206
2012 28290.8592364790
2029 28495.9802229460
2030 28597.5490834768
2043 28813.2945545020
2048 28908.1831476228
2055 29184.9486816666
2089 29356.8237537838
2169 29610.3087363834
2221 29968.6511891078
2389 30297.2461191692
2497 30399.1082987673
2564 30525.9395416366
2601 30657.2613576827
2613 30689.5651060194
2683 30719.9099300346
2845 30735.5458029760
2872 30860.5083317799
2893 30956.1546011664
2913 30983.2741100456
3089 31039.6892587231
3177 31391.3606861171
3344 31404.0298942570
3450 31569.4429689717
3688 31582.6984914354
3709 31652.1931739472
3933 31924.2842124842
4316 31967.8280583857
4473 32138.1347555542
4507 32336.0422316548
4941 32796.6984675957
5590 32868.5473266709
5663 33062.9204066089
6081 33091.8601002588
7612 33188.4034474805
7633 33319.5244402360
7815 33506.8317881466
8202 33541.9672166323
8592 33595.2561000012
8704 33695.9540720394
8863 33725.3204421680
9843 33771.2537909776
10010 -164541.1000000000
evaluations raw_y
1 -281744.1000000000
2 -278369.1000000000
3 -274085.1000000000
5 -263454.1000000000
7 -253301.1000000000
22 -248209.1000000000
53 -243556.1000000000
58 -237862.1000000000
112 -237340.1000000000
114 -232399.1000000000
129 -227260.1000000000
167 -226101.1000000000
178 -224709.1000000000
180 -224337.1000000000
183 -222421.1000000000
200 -214071.1000000000
237 -210629.1000000000
264 -210204.1000000000
345 -208841.1000000000
361 -205414.1000000000
392 -205231.1000000000
441 -202116.1000000000
458 -198931.1000000000
520 -196474.1000000000
598 -194733.1000000000
601 -194159.1000000000
701 -193125.1000000000
774 -190806.1000000000
1133 -187191.1000000000
1159 -186362.1000000000
1223 -185602.1000000000
1227 -184486.1000000000
1245 -184291.1000000000
1252 -183704.1000000000
1315 -182868.1000000000
1336 -181658.1000000000
1337 -181628.1000000000
1366 -178790.1000000000
1380 -175441.1000000000
1423 -175265.1000000000
1469 -171820.1000000000
1516 -169596.1000000000
1547 -169386.1000000000
1567 -169333.1000000000
1569 -169133.1000000000
1572 -168503.1000000000
1583 -167861.1000000000
1589 -166305.1000000000
1596 -166297.1000000000
1600 -165361.1000000000
1610 -165179.1000000000
1633 -164591.1000000000
1639 -164513.1000000000
1654 -163261.1000000000
1672 -160604.1000000000
1682 27753.7266323397
1719 28148.5031447626
1777 28267.7739722550
1893 28318.7854826826
1925 29002.6335267297
1961 29150.7282460269
1990 29307.4129121590
2061 29652.2209691366
2197 29921.3355206150
2272 30061.9130634986
2380 30206.2666570109
2446 30386.6659128345
2453 30452.1398219744
2496 30796.1189271740
2555 30954.2733967672
2905 30954.7564366858
3292 31057.6718757488
3956 31071.3427012355
4005 31116.5339809461
4063 31277.8064680623
4064 31579.6146218951
4123 31615.5570142696
5341 31666.5727253360
5408 31711.2507171283
5446 31833.5967393216
5502 32183.0221109508
5829 32376.3657538847
6289 32475.4678474556
6308 32504.6727167730
6473 32520.8029314707
7180 32629.8786858448
7279 32746.1544009782
8169 32884.6896369068
10010 -161588.1000000000
evaluations raw_y
1 -275186.1000000000
7 -273432.1000000000
10 -263842.1000000000
15 -235757.1000000000
79 -231023.1000000000
95 -230918.1000000000
99 -228276.1000000000
132 -226622.1000000000
149 -226591.1000000000
155 -222619.1000000000
209 -218378.1000000000
225 -214449.1000000000
241 -209033.1000000000
302 -208720.1000000000
318 -207984.1000000000
319 -207370.1000000000
380 -205214.1000000000
412 -204436.1000000000
500 -200896.1000000000
526 -197388.1000000000
554 -197278.1000000000
644 -194032.1000000000
743 -190915.1000000000
771 -189542.1000000000
785 -188675.1000000000
830 -186832.1000000000
915 -186008.1000000000
966 -183469.1000000000
1002 -182860.1000000000
1074 -182112.1000000000
1081 -180314.1000000000
1099 -179576.1000000000
1159 -178623.1000000000
1172 -177499.1000000000
1173 -175543.1000000000
1192 -174241.1000000000
1196 -173567.1000000000
1237 -171323.1000000000
1299 -169249.1000000000
1370 -168810.1000000000
1375 -166244.1000000000
1411 -166121.1000000000
1438 -166094.1000000000
1439 -164495.1000000000
1499 -162444.1000000000
1503 -160387.1000000000
1524 -160079.1000000000
1564 25362.9900356034
1586 26117.4095914771
1691 26579.0726553011
1734 27126.0437962744
1793 27200.3759659410
1835 27261.6590993778
1861 27727.3965200804
1921 28231.9172093014
2051 28390.5303564766
2156 28393.8154815239
2274 28413.9583671284
2309 28504.7933718352
2336 28652.4309734616
2384 28751.9034833972
2423 28938.5677442536
2491 28943.5052167296
2522 29081.2376060029
2557 29114.4737526555
2564 29218.0401917187
2591 29260.3975591693
2689 29546.8049615564
2768 29886.3154320728
2772 29965.0984294069
2781 30062.7623851562
3033 30343.0149915822
3112 30385.2838266857
3320 30614.8821102800
3344 30983.1764468160
3576 31014.5260636730
3584 31128.8498401678
3660 31178.1881457199
3732 31201.9917724736
3768 31402.1313153976
3895 31678.4301927456
3969 31774.8203976615
4216 31850.9189150578
5191 31894.5837449814
5200 31972.6610238289
6033 31980.8304382738
6133 32173.5398030918
6725 32376.6158452738
6964 32568.4880257728
7364 32574.9396320418
7689 32746.3133299883
7702 32781.5631285167
7928 32791.0019930516
7990 32858.4351881897
8615 32995.5857658539
8792 33007.4610724832
9281 33053.0135064060
10010 -160734.1000000000
evaluations raw_y
1 -265914.1000000000
9 -255530.1000000000
32 -243202.1000000000
41 -235546.1000000000
65 -235052.1000000000
75 -228310.1000000000
99 -224961.1000000000
125 -218703.1000000000
149 -218426.1000000000
183 -216819.1000000000
284 -213932.1000000000
299 -211629.1000000000
315 -209421.1000000000
356 -205859.1000000000
481 -201504.1000000000
828 -200864.1000000000
883 -194847.1000000000
970 -194213.1000000000
1016 -188770.1000000000
1160 -186815.1000000000
1199 -186182.1000000000
1210 -185453.1000000000
1233 -185410.1000000000
1258 -184338.1000000000
1259 -183988.1000000000
1273 -180665.1000000000
1314 -178449.1000000000
1339 -177627.1000000000
1364 -177005.1000000000
1400 -174832.1000000000
1451 -172919.1000000000
1474 -172267.1000000000
1488 -170836.1000000000
1498 -168903.1000000000
1534 -167735.1000000000
1553 -166402.1000000000
1595 -165983.1000000000
1640 -165881.1000000000
1660 -165151.1000000000
1753 -165051.1000000000
1780 -164949.1000000000
1795 -164279.1000000000
1802 -163952.1000000000
1808 -162952.1000000000
1833 -160923.1000000000
1841 -160618.1000000000
1860 24498.7156396285
1899 24544.7580045949
1905 24703.4216082465
1916 25052.6040677234
1935 25214.2876962646
1950 25724.6239422247
1990 26101.3186043306
1992 26167.3104405530
2002 26532.0288682623
2061 26655.3726033650
2080 26844.8245079215
2111 26845.4126234413
2140 27111.5397020755
2181 27206.1824700297
2219 27479.5305891151
2293 27480.2989191947
2334 27687.5534088085
2355 27879.3305733501
2656 27915.3051005607
2666 28004.4168669416
2671 28190.8269970889
2707 28375.8056574036
2722 28619.1958105093
2864 28745.4491612986
2891 28804.9213061521
3007 28838.3909039283
3037 29109.4205292307
3188 29145.0022074093
3245 29244.0954504564
3331 29368.0362608295
3336 29529.1971400453
3397 29605.1033855724
3425 29674.1234825552
3448 29848.9388372362
3460 30259.1143423657
3724 30396.1403895650
3959 30569.0613053162
3966 30587.6188052264
4011 30740.6258095203
4173 30968.9807084481
4266 30988.8532483614
4307 31189.5404763139
4574 31249.1017403874
4626 31261.5205173925
4880 31420.6753660408
4938 31898.6792311468
5030 32086.8998197026
5063 32207.8861940856
5408 32319.6114760311
5762 32389.4628329258
6127 32476.4551656361
6180 32621.3809546713
6217 32724.8397022254
6485 32731.4738139454
6844 32731.7261496921
8894 32744.8012910047
8931 32972.7452458218
10010 -161347.1000000000
evaluations raw_y
1 -261744.1000000000
25 -260614.1000000000
30 -258758.1000000000
31 -249884.1000000000
41 -247622.1000000000
58 -246178.1000000000
62 -240846.1000000000
77 -238886.1000000000
111 -238275.1000000000
114 -234447.1000000000
134 -233266.1000000000
135 -229234.1000000000
151 -227492.1000000000
179 -226825.1000000000
181 -221649.1000000000
217 -220413.1000000000
242 -220022.1000000000
248 -214926.1000000000
343 -214157.1000000000
348 -209829.1000000000
572 -208433.1000000000
635 -207622.1000000000
652 -207058.1000000000
676 -203886.1000000000
717 -202143.1000000000
736 -199092.1000000000
847 -198766.1000000000
848 -198073.1000000000
881 -197545.1000000000
885 -193350.1000000000
931 -192862.1000000000
950 -186670.1000000000
988 -184287.1000000000
1044 -183933.1000000000
1108 -181880.1000000000
1193 -180508.1000000000
1252 -180229.1000000000
1279 -179401.1000000000
1303 -179095.1000000000
1317 -178322.1000000000
1340 -177981.1000000000
1387 -175142.1000000000
1407 -174699.1000000000
1432 -173570.1000000000
1451 -171252.1000000000
1526 -168447.1000000000
1590 -167915.1000000000
1619 -164423.1000000000
1624 -164389.1000000000
1659 -164233.1000000000
1665 -164228.1000000000
1672 -163951.1000000000
1675 -163482.1000000000
1695 -161459.1000000000
1714 -160536.1000000000
1732 25472.6225746438
1738 25983.2175216480
1794 26152.9872029145
1802 26183.4287697953
1807 27263.2374755412
1911 27399.0434412739
1913 27433.0915710416
1926 27451.0286871425
1931 27457.6613964169
1958 27793.9131950333
2074 28369.8589771219
2098 29035.8057577689
2179 29072.6138877933
2198 29288.2108803731
2222 29323.5909494637
2237 29389.1375578808
2277 29451.1813731313
2283 29505.1991034236
2311 29662.9025321700
2360 29716.5210471052
2434 29850.1157172254
2497 29935.9825183743
2592 30028.3736720702
2593 30228.5047305475
2849 30429.2871532036
3004 30455.2379678147
3025 30553.2672367032
3055 30596.0961429685
3115 30860.1152183178
3192 30954.7547910744
3278 30967.9424062313
3606 31017.3280481712
3938 31038.1182709933
4035 31130.6082604562
4469 31134.5174762078
4683 31146.5073543264
4939 31528.8351901284
5420 31589.2988621276
5527 31708.3574325826
5618 31738.5951837067
6008 31949.5151871371
6595 31981.8317857427
6758 32014.0548101044
6798 32488.0708965239
7181 32536.1609521246
7359 32619.7724383631
7554 32675.8282670263
7680 32721.8585189959
7795 32768.0215804046
8197 32885.9240042977
8436 32963.4268718393
8514 32982.9739890025
8734 33067.6974040961
8954 33075.5315223065
9256 33127.4584397331
9838 33274.8325698351
10010 -162289.1000000000
evaluations raw_y
1 -268178.1000000000
4 -267918.1000000000
20 -265737.1000000000
22 -262231.1000000000
27 -250677.1000000000
34 -248373.1000000000
44 -247061.1000000000
65 -241113.1000000000
73 -240802.1000000000
88 -238018.1000000000
97 -234312.1000000000
118 -231219.1000000000
124 -230201.1000000000
135 -221909.1000000000
139 -219849.1000000000
172 -215344.1000000000
213 -214815.1000000000
219 -214282.1000000000
348 -213195.1000000000
421 -210676.1000000000
439 -209518.1000000000
447 -199136.1000000000
628 -197874.1000000000
652 -197312.1000000000
660 -196771.1000000000
699 -196339.1000000000
753 -194899.1000000000
809 -194667.1000000000
818 -187289.1000000000
856 -185040.1000000000
1027 -182814.1000000000
1055 -181502.1000000000
1067 -179466.1000000000
1110 -178589.1000000000
1240 -176948.1000000000
1261 -176202.1000000000
1315 -174617.1000000000
1318 -169466.1000000000
1350 -164736.1000000000
1426 -161062.1000000000
1446 25305.5962085849
1544 25443.8449997172
1605 25626.8621319325
1637 26528.9861189196
1666 26814.2304466605
1683 27678.3907550614
1792 27891.2474857534
1838 27904.5525347036
1854 28047.9161105207
1875 28262.4100413854
1971 28386.3697250900
2097 28388.7782905503
2100 28439.5401577139
2116 28752.1820473619
2138 28981.4322386906
2198 29507.2542282201
2330 29529.2046778291
2350 29643.9923315267
2518 29748.1380993633
2562 29895.0341733805
2564 29949.1756263471
2620 30281.7767838162
2751 30382.2374786194
2796 30514.7288101151
3002 30630.2039576894
3070 30800.2280908413
3090 30802.3004582100
3143 30969.5695352438
3194 31073.3376234450
3219 31175.1620634603
3370 31310.6242163489
3502 31333.4355624541
3512 31363.1157253950
3565 31395.6147927787
3871 31503.4929152025
3953 31561.3186878527
4269 31642.8726068206
4392 31691.3104180938
4449 31742.3018535307
4715 31750.9936880770
4748 31794.1601270251
4867 32069.3171427448
5080 32201.6189971937
5427 32511.7992539272
5621 32625.3598726830
6490 32750.3066968534
6696 32866.1234339015
6725 33060.4450046180
7059 33253.4046735359
7821 33362.6290917818
8337 33512.3144180663
8947 33634.8048248172
9346 33705.7770929318
9624 34010.0170785337
10010 -167960.1000000000
evaluations raw_y
1 -294780.1000000000
2 -293476.1000000000
3 -269786.1000000000
8 -268455.1000000000
12 -266228.1000000000
17 -265330.1000000000
20 -255267.1000000000
47 -252807.1000000000
58 -250087.1000000000
60 -247848.1000000000
90 -242121.1000000000
104 -239720.1000000000
120 -239506.1000000000
136 -231272.1000000000
150 -222741.1000000000
165 -221241.1000000000
167 -219481.1000000000
212 -218939.1000000000
222 -217319.1000000000
250 -214888.1000000000
319 -213111.1000000000
354 -212078.1000000000
371 -208653.1000000000
381 -208018.1000000000
418 -207675.1000000000
427 -207436.1000000000
450 -205159.1000000000
503 -201826.1000000000
533 -199891.1000000000
610 -199867.1000000000
680 -197685.1000000000
820 -196663.1000000000
852 -192628.1000000000
955 -191184.1000000000
993 -189045.1000000000
1008 -187355.1000000000
1011 -183897.1000000000
1047 -183402.1000000000
1157 -181650.1000000000
1269 -180052.1000000000
1271 -178002.1000000000
1286 -175581.1000000000
1355 -174871.1000000000
1394 -174868.1000000000
1406 -173557.1000000000
1412 -172165.1000000000
1421 -171501.1000000000
1430 -171179.1000000000
1447 -170854.1000000000
1468 -170470.1000000000
1471 -168867.1000000000
1489 -164884.1000000000
1530 -163815.1000000000
1533 -162255.1000000000
1545 -160251.1000000000
1573 -160125.1000000000
1599 24926.9887205486
1604 25278.1623195354
1606 25396.3803170009
1608 25456.6112715344
1676 25788.7809829899
1705 26091.6465868433
1754 26382.4529049807
1760 26398.0703451046
1789 26848.0761798739
1822 27469.0584781092
1863 27577.8130977609
1979 27749.7633427242
2054 27792.4698928034
2061 27871.0511250856
2139 27905.6893533602
2183 28180.5219767388
2263 28351.4401102514
2273 28357.1872905087
2317 28748.3268785800
2517 29027.0082639161
2600 29116.7141880741
2659 29343.8014191454
2707 29555.4934424093
2855 29561.9814013227
2993 29612.2385890764
3187 29821.3061406018
3254 29890.0380251119
3268 29905.7648577733
3310 30292.7762186342
3325 30359.1249406533
3408 30361.8410892813
3493 30460.9844182812
3511 30621.1589297431
3553 30624.4149380219
3575 31074.0984027179
3688 31274.9034726518
4067 31369.1684144960
4234 31648.0896607553
4978 31936.9973562492
5605 31944.2034747138
6254 32010.1792119201
6370 32074.5732064826
7706 32155.4040754002
7846 32255.8122572997
8021 32411.4172659546
8301 32592.4245481202
8402 32836.0528884829
10010 -164333.1000000000
evaluations raw_y
1 -285576.1000000000
2 -269202.1000000000
9 -251961.1000000000
23 -248042.1000000000
44 -246537.1000000000
97 -239080.1000000000
122 -238005.1000000000
152 -236962.1000000000
164 -235604.1000000000
172 -233033.1000000000
176 -231233.1000000000
201 -231108.1000000000
206 -228883.1000000000
212 -224028.1000000000
227 -219283.1000000000
253 -216766.1000000000
261 -214280.1000000000
291 -214218.1000000000
325 -210829.1000000000
339 -209319.1000000000
364 -209103.1000000000
382 -205654.1000000000
512 -205583.1000000000
537 -203785.1000000000
544 -203392.1000000000
576 -195951.1000000000
749 -195107.1000000000
790 -192277.1000000000
818 -191672.1000000000
908 -188418.1000000000
1010 -187926.1000000000
1076 -186818.1000000000
1104 -186787.1000000000
1110 -186195.1000000000
1121 -183859.1000000000
1143 -181228.1000000000
1202 -179996.1000000000
1254 -177619.1000000000
1275 -174820.1000000000
1318 -174801.1000000000
1344 -174271.1000000000
1358 -174240.1000000000
1376 -173705.1000000000
1384 -173667.1000000000
1402 -172733.1000000000
1409 -170475.1000000000
1428 -169841.1000000000
1450 -169684.1000000000
1465 -169164.1000000000
1493 -168655.1000000000
1528 -167158.1000000000
1530 -166395.1000000000
1573 -164158.1000000000
1605 -163768.1000000000
1609 -163590.1000000000
1648 -162835.1000000000
1683 -162480.1000000000
1685 -161988.1000000000
1697 -161442.1000000000
1731 -160606.1000000000
1760 -160137.1000000000
1770 26419.7617069193
1777 26515.7286408475
1781 26539.5717203955
1809 26629.5112751021
1820 26714.5154723138
1893 26876.3522632828
1904 26969.4952121212
1912 27070.2386673347
1964 27135.5280559188
1966 27638.7740608610
2001 27839.6679560545
2194 27850.5732157404
2211 27973.2382389069
2240 28343.5898718601
2366 28601.0788873467
2428 28662.9720258148
2488 28701.0363473726
2544 28781.1673873329
2703 28813.6394674702
2733 29232.6560276543
2770 29375.1880823566
3057 29407.8640522560
3092 29698.4537023469
3152 30138.0137583091
3159 30298.8658388864
3199 30445.6093568434
3315 30475.7151795747
3429 30505.5128752351
3499 30562.5343908194
3597 30694.6367260486
3740 30782.7071155817
3798 31044.0182431584
3867 31130.9755742343
3928 31305.3646471981
3990 31308.4650517239
4002 31325.5808686622
4771 31428.2570000343
4941 31430.0461961572
5126 31681.7854327219
5538 31791.4344869683
5811 31961.3299322014
6116 32024.0136384798
6143 32221.2139956996
6329 32352.9830723900
6445 32466.6421913583
7293 32566.9065956749
9019 32580.2118448358
9974 32632.1106263098
10010 -164614.1000000000
