evaluations raw_y
1 -312.0000000000
2 -279.0000000000
3 -269.0000000000
4 -264.0000000000
18 -260.0000000000
21 -251.0000000000
39 -250.0000000000
72 -238.0000000000
78 -236.0000000000
106 -230.0000000000
120 -222.0000000000
144 -215.0000000000
191 -211.0000000000
221 -208.0000000000
279 -206.0000000000
393 -204.0000000000
428 -202.0000000000
506 -201.0000000000
524 -200.0000000000
608 -196.0000000000
654 -195.0000000000
685 -193.0000000000
688 -190.0000000000
808 -188.0000000000
870 -179.0000000000
909 -178.0000000000
922 -176.0000000000
1045 -173.0000000000
1149 -172.0000000000
1209 -171.0000000000
1223 -167.0000000000
1349 -166.0000000000
1378 -165.0000000000
1389 -163.0000000000
1409 -161.0000000000
1434 -158.0000000000
1480 -157.0000000000
1511 -155.0000000000
1548 -152.0000000000
1568 -151.0000000000
1570 -150.0000000000
1588 -146.0000000000
1596 -135.0000000000
1652 -133.0000000000
1681 -131.0000000000
1783 -129.0000000000
1824 -127.0000000000
1854 -126.0000000000
1863 -125.0000000000
1876 -122.0000000000
1940 -120.0000000000
1947 -118.0000000000
1995 -116.0000000000
2006 -115.0000000000
2024 -114.0000000000
2057 -112.0000000000
2107 -107.0000000000
2155 -105.0000000000
2202 -103.0000000000
2213 -99.0000000000
2291 -97.0000000000
2309 -96.0000000000
2357 -95.0000000000
2385 -94.0000000000
2387 -93.0000000000
2416 -92.0000000000
2433 -91.0000000000
2468 -89.0000000000
2489 -88.0000000000
2536 -87.0000000000
2596 -86.0000000000
2603 -85.0000000000
2610 -84.0000000000
2632 -82.0000000000
2641 -81.0000000000
2788 -80.0000000000
2817 -79.0000000000
2848 -78.0000000000
2862 -72.0000000000
3068 -71.0000000000
3195 -68.0000000000
3306 -67.0000000000
3309 -64.0000000000
3323 -63.0000000000
3584 -62.0000000000
3626 -57.0000000000
3726 -56.0000000000
3747 -55.0000000000
3865 -51.0000000000
3915 -50.0000000000
3953 -48.0000000000
4106 -45.0000000000
4351 -43.0000000000
4428 -42.0000000000
4613 -41.0000000000
4682 -40.0000000000
4686 -39.0000000000
4768 -37.0000000000
4919 -36.0000000000
5193 -35.0000000000
5347 -34.0000000000
5524 -33.0000000000
5565 -32.0000000000
5598 -31.0000000000
5794 -30.0000000000
6490 -29.0000000000
6631 -28.0000000000
7008 -27.0000000000
7379 -24.0000000000
8543 -23.0000000000
8563 -22.0000000000
8994 -19.0000000000
9663 -18.0000000000
9833 -17.0000000000
9992 -16.0000000000
10010 -18.0000000000
evaluations raw_y
1 -290.0000000000
2 -287.0000000000
3 -281.0000000000
5 -275.0000000000
6 -272.0000000000
8 -238.0000000000
45 -224.0000000000
143 -221.0000000000
180 -218.0000000000
211 -215.0000000000
289 -206.0000000000
368 -204.0000000000
398 -202.0000000000
436 -196.0000000000
568 -193.0000000000
713 -192.0000000000
721 -191.0000000000
760 -187.0000000000
869 -185.0000000000
927 -184.0000000000
957 -180.0000000000
1001 -176.0000000000
1077 -175.0000000000
1111 -171.0000000000
1174 -165.0000000000
1264 -163.0000000000
1285 -157.0000000000
1367 -156.0000000000
1390 -154.0000000000
1409 -150.0000000000
1425 -144.0000000000
1548 -143.0000000000
1571 -140.0000000000
1606 -136.0000000000
1635 -134.0000000000
1655 -131.0000000000
1699 -129.0000000000
1719 -128.0000000000
1764 -127.0000000000
1768 -125.0000000000
1806 -122.0000000000
1843 -121.0000000000
1869 -119.0000000000
1924 -117.0000000000
1949 -114.0000000000
1962 -112.0000000000
1990 -110.0000000000
2009 -109.0000000000
2059 -106.0000000000
2079 -104.0000000000
2122 -100.0000000000
2167 -98.0000000000
2237 -97.0000000000
2287 -95.0000000000
2314 -94.0000000000
2359 -90.0000000000
2389 -89.0000000000
2713 -88.0000000000
2756 -87.0000000000
2773 -86.0000000000
2819 -85.0000000000
2861 -84.0000000000
2882 -83.0000000000
2985 -81.0000000000
3036 -80.0000000000
3078 -79.0000000000
3106 -75.0000000000
3248 -74.0000000000
3496 -72.0000000000
3540 -69.0000000000
3699 -64.0000000000
3892 -63.0000000000
3943 -62.0000000000
4008 -60.0000000000
4049 -59.0000000000
4080 -58.0000000000
4118 -57.0000000000
4160 -56.0000000000
4211 -54.0000000000
4229 -53.0000000000
4252 -52.0000000000
4371 -50.0000000000
4584 -49.0000000000
4598 -47.0000000000
4773 -46.0000000000
4908 -44.0000000000
4954 -43.0000000000
5082 -42.0000000000
5181 -41.0000000000
5285 -40.0000000000
5334 -38.0000000000
5375 -37.0000000000
6244 -36.0000000000
6502 -34.0000000000
7117 -33.0000000000
7539 -31.0000000000
8199 -30.0000000000
8405 -29.0000000000
8832 -28.0000000000
9110 -27.0000000000
9535 -26.0000000000
10010 -27.0000000000
evaluations raw_y
1 -289.0000000000
2 -278.0000000000
5 -269.0000000000
12 -266.0000000000
22 -261.0000000000
33 -255.0000000000
56 -252.0000000000
84 -247.0000000000
86 -246.0000000000
95 -245.0000000000
97 -234.0000000000
126 -231.0000000000
134 -226.0000000000
153 -223.0000000000
186 -222.0000000000
230 -220.0000000000
232 -218.0000000000
276 -212.0000000000
467 -211.0000000000
538 -201.0000000000
641 -196.0000000000
802 -195.0000000000
845 -192.0000000000
848 -191.0000000000
906 -190.0000000000
915 -188.0000000000
919 -187.0000000000
965 -185.0000000000
1011 -182.0000000000
1045 -181.0000000000
1109 -176.0000000000
1214 -175.0000000000
1217 -166.0000000000
1263 -165.0000000000
1355 -160.0000000000
1371 -157.0000000000
1460 -154.0000000000
1493 -152.0000000000
1513 -150.0000000000
1553 -149.0000000000
1574 -147.0000000000
1576 -145.0000000000
1582 -140.0000000000
1589 -137.0000000000
1623 -135.0000000000
1642 -134.0000000000
1646 -133.0000000000
1670 -130.0000000000
1671 -127.0000000000
1713 -125.0000000000
1721 -123.0000000000
1776 -122.0000000000
1797 -120.0000000000
1804 -114.0000000000
1891 -113.0000000000
1896 -112.0000000000
1945 -110.0000000000
2015 -108.0000000000
2019 -107.0000000000
2024 -106.0000000000
2079 -104.0000000000
2083 -103.0000000000
2107 -102.0000000000
2140 -100.0000000000
2165 -95.0000000000
2186 -94.0000000000
2228 -92.0000000000
2242 -91.0000000000
2299 -90.0000000000
2344 -89.0000000000
2403 -88.0000000000
2482 -87.0000000000
2538 -86.0000000000
2543 -85.0000000000
2577 -81.0000000000
2608 -79.0000000000
2618 -78.0000000000
2661 -77.0000000000
2672 -76.0000000000
2704 -75.0000000000
2822 -74.0000000000
2896 -72.0000000000
2981 -71.0000000000
3002 -69.0000000000
3089 -67.0000000000
3229 -65.0000000000
3279 -64.0000000000
3446 -62.0000000000
3564 -60.0000000000
3653 -59.0000000000
3663 -58.0000000000
3696 -57.0000000000
3839 -54.0000000000
3862 -53.0000000000
3973 -52.0000000000
4173 -51.0000000000
4267 -49.0000000000
4421 -48.0000000000
4423 -46.0000000000
4527 -45.0000000000
4564 -44.0000000000
4588 -43.0000000000
4893 -41.0000000000
5409 -40.0000000000
6031 -39.0000000000
6214 -38.0000000000
6492 -37.0000000000
6542 -36.0000000000
6886 -35.0000000000
6902 -34.0000000000
6943 -32.0000000000
7266 -30.0000000000
7387 -29.0000000000
7778 -28.0000000000
8699 -27.0000000000
8730 -25.0000000000
8807 -24.0000000000
9114 -23.0000000000
9178 -22.0000000000
9562 -21.0000000000
10010 -27.0000000000
evaluations raw_y
1 -297.0000000000
2 -296.0000000000
3 -274.0000000000
5 -272.0000000000
8 -271.0000000000
15 -264.0000000000
24 -258.0000000000
27 -253.0000000000
40 -243.0000000000
54 -239.0000000000
64 -238.0000000000
90 -237.0000000000
116 -234.0000000000
149 -232.0000000000
167 -231.0000000000
214 -228.0000000000
247 -225.0000000000
255 -220.0000000000
263 -218.0000000000
385 -216.0000000000
443 -214.0000000000
464 -213.0000000000
591 -206.0000000000
675 -203.0000000000
732 -201.0000000000
734 -197.0000000000
833 -193.0000000000
846 -190.0000000000
894 -189.0000000000
925 -187.0000000000
944 -180.0000000000
1015 -175.0000000000
1057 -174.0000000000
1093 -172.0000000000
1183 -169.0000000000
1251 -161.0000000000
1277 -160.0000000000
1295 -159.0000000000
1306 -156.0000000000
1404 -152.0000000000
1428 -150.0000000000
1472 -146.0000000000
1481 -144.0000000000
1543 -143.0000000000
1552 -139.0000000000
1628 -138.0000000000
1633 -137.0000000000
1646 -136.0000000000
1667 -134.0000000000
1679 -132.0000000000
1706 -131.0000000000
1743 -129.0000000000
1757 -128.0000000000
1771 -125.0000000000
1781 -124.0000000000
1814 -116.0000000000
1875 -114.0000000000
1896 -113.0000000000
1901 -112.0000000000
1910 -111.0000000000
1933 -110.0000000000
1986 -108.0000000000
1994 -106.0000000000
2004 -105.0000000000
2074 -102.0000000000
2175 -99.0000000000
2242 -95.0000000000
2313 -94.0000000000
2328 -93.0000000000
2348 -89.0000000000
2520 -88.0000000000
2545 -87.0000000000
2617 -86.0000000000
2647 -84.0000000000
2844 -83.0000000000
2858 -82.0000000000
2945 -81.0000000000
3002 -80.0000000000
3025 -78.0000000000
3078 -77.0000000000
3118 -76.0000000000
3192 -74.0000000000
3330 -73.0000000000
3377 -70.0000000000
3476 -69.0000000000
3606 -68.0000000000
3716 -67.0000000000
3766 -66.0000000000
3849 -65.0000000000
3957 -63.0000000000
4044 -62.0000000000
4173 -61.0000000000
4402 -60.0000000000
4418 -59.0000000000
4432 -58.0000000000
4517 -57.0000000000
4608 -56.0000000000
4681 -53.0000000000
4759 -52.0000000000
4815 -49.0000000000
4882 -44.0000000000
5035 -43.0000000000
5389 -42.0000000000
5508 -41.0000000000
5793 -40.0000000000
6094 -39.0000000000
6103 -37.0000000000
6366 -34.0000000000
6615 -33.0000000000
6625 -32.0000000000
6789 -31.0000000000
7028 -29.0000000000
7954 -27.0000000000
8323 -26.0000000000
8422 -23.0000000000
9044 -22.0000000000
9538 -21.0000000000
10010 -33.0000000000
evaluations raw_y
1 -266.0000000000
38 -263.0000000000
42 -262.0000000000
43 -259.0000000000
46 -256.0000000000
50 -252.0000000000
87 -246.0000000000
93 -243.0000000000
114 -242.0000000000
124 -238.0000000000
131 -236.0000000000
180 -230.0000000000
201 -224.0000000000
293 -222.0000000000
295 -215.0000000000
335 -212.0000000000
377 -209.0000000000
394 -206.0000000000
457 -205.0000000000
514 -204.0000000000
595 -197.0000000000
701 -196.0000000000
798 -195.0000000000
881 -188.0000000000
897 -183.0000000000
951 -180.0000000000
1163 -178.0000000000
1190 -177.0000000000
1241 -176.0000000000
1292 -173.0000000000
1304 -172.0000000000
1323 -166.0000000000
1372 -164.0000000000
1455 -162.0000000000
1486 -160.0000000000
1513 -159.0000000000
1518 -158.0000000000
1521 -157.0000000000
1538 -148.0000000000
1562 -147.0000000000
1609 -146.0000000000
1630 -141.0000000000
1636 -140.0000000000
1667 -139.0000000000
1674 -137.0000000000
1683 -134.0000000000
1708 -132.0000000000
1718 -130.0000000000
1738 -125.0000000000
1763 -122.0000000000
1785 -117.0000000000
1807 -116.0000000000
1846 -112.0000000000
1861 -110.0000000000
1906 -108.0000000000
1916 -107.0000000000
1969 -105.0000000000
2033 -102.0000000000
2042 -101.0000000000
2074 -96.0000000000
2097 -90.0000000000
2152 -89.0000000000
2322 -85.0000000000
2393 -83.0000000000
2398 -81.0000000000
2404 -80.0000000000
2433 -79.0000000000
2548 -77.0000000000
2858 -76.0000000000
2871 -75.0000000000
2909 -73.0000000000
2984 -71.0000000000
3014 -69.0000000000
3064 -66.0000000000
3168 -63.0000000000
3234 -60.0000000000
3397 -59.0000000000
3500 -58.0000000000
3592 -56.0000000000
3633 -55.0000000000
3672 -53.0000000000
3741 -52.0000000000
3920 -51.0000000000
4029 -49.0000000000
4112 -48.0000000000
4130 -47.0000000000
4435 -46.0000000000
4914 -42.0000000000
5075 -41.0000000000
5597 -40.0000000000
5757 -39.0000000000
6116 -38.0000000000
6177 -37.0000000000
6347 -36.0000000000
6366 -34.0000000000
6391 -29.0000000000
6659 -28.0000000000
6883 -27.0000000000
7052 -26.0000000000
7638 -25.0000000000
7837 -24.0000000000
7994 -22.0000000000
8365 -21.0000000000
8916 -20.0000000000
9141 -17.0000000000
10010 -29.0000000000
evaluations raw_y
1 -291.0000000000
8 -276.0000000000
14 -274.0000000000
20 -264.0000000000
37 -260.0000000000
42 -252.0000000000
63 -242.0000000000
117 -240.0000000000
127 -231.0000000000
133 -227.0000000000
213 -226.0000000000
227 -223.0000000000
232 -221.0000000000
253 -218.0000000000
292 -216.0000000000
322 -214.0000000000
382 -213.0000000000
411 -209.0000000000
654 -207.0000000000
677 -202.0000000000
728 -201.0000000000
732 -199.0000000000
750 -198.0000000000
777 -197.0000000000
835 -196.0000000000
837 -194.0000000000
858 -191.0000000000
933 -190.0000000000
957 -189.0000000000
1067 -186.0000000000
1086 -185.0000000000
1140 -180.0000000000
1198 -176.0000000000
1215 -175.0000000000
1228 -167.0000000000
1268 -166.0000000000
1317 -163.0000000000
1376 -162.0000000000
1408 -159.0000000000
1482 -157.0000000000
1509 -156.0000000000
1535 -152.0000000000
1559 -150.0000000000
1582 -149.0000000000
1603 -148.0000000000
1605 -145.0000000000
1611 -142.0000000000
1624 -140.0000000000
1654 -139.0000000000
1671 -138.0000000000
1698 -136.0000000000
1721 -135.0000000000
1738 -134.0000000000
1744 -131.0000000000
1778 -127.0000000000
1821 -126.0000000000
1849 -125.0000000000
1873 -123.0000000000
1881 -121.0000000000
1897 -120.0000000000
1902 -117.0000000000
1935 -115.0000000000
2022 -114.0000000000
2064 -112.0000000000
2083 -111.0000000000
2095 -108.0000000000
2101 -107.0000000000
2119 -105.0000000000
2173 -104.0000000000
2197 -103.0000000000
2225 -102.0000000000
2228 -101.0000000000
2245 -98.0000000000
2276 -96.0000000000
2410 -94.0000000000
2471 -93.0000000000
2493 -92.0000000000
2538 -89.0000000000
2555 -88.0000000000
2588 -87.0000000000
2602 -85.0000000000
2669 -81.0000000000
2713 -80.0000000000
2727 -79.0000000000
2804 -78.0000000000
2862 -76.0000000000
2937 -72.0000000000
2976 -68.0000000000
3018 -67.0000000000
3140 -66.0000000000
3269 -63.0000000000
3360 -61.0000000000
3375 -59.0000000000
3471 -56.0000000000
3481 -54.0000000000
3578 -51.0000000000
3744 -50.0000000000
3827 -48.0000000000
3899 -47.0000000000
3936 -44.0000000000
4083 -42.0000000000
4158 -39.0000000000
4674 -38.0000000000
4720 -36.0000000000
4842 -35.0000000000
4979 -34.0000000000
5272 -33.0000000000
5341 -30.0000000000
5983 -29.0000000000
6059 -28.0000000000
7094 -26.0000000000
8002 -25.0000000000
8241 -22.0000000000
9015 -21.0000000000
9502 -20.0000000000
9516 -18.0000000000
9836 -16.0000000000
10010 -21.0000000000
evaluations raw_y
1 -291.0000000000
2 -284.0000000000
5 -252.0000000000
24 -249.0000000000
45 -247.0000000000
58 -246.0000000000
75 -244.0000000000
102 -215.0000000000
154 -205.0000000000
315 -203.0000000000
397 -196.0000000000
473 -192.0000000000
545 -189.0000000000
691 -188.0000000000
734 -185.0000000000
847 -183.0000000000
878 -178.0000000000
1023 -176.0000000000
1110 -175.0000000000
1112 -173.0000000000
1166 -172.0000000000
1220 -167.0000000000
1257 -165.0000000000
1297 -164.0000000000
1312 -162.0000000000
1322 -159.0000000000
1342 -154.0000000000
1370 -153.0000000000
1372 -152.0000000000
1401 -150.0000000000
1439 -148.0000000000
1473 -147.0000000000
1500 -142.0000000000
1593 -139.0000000000
1619 -137.0000000000
1650 -135.0000000000
1660 -134.0000000000
1684 -132.0000000000
1690 -126.0000000000
1742 -124.0000000000
1752 -123.0000000000
1778 -121.0000000000
1817 -120.0000000000
1838 -118.0000000000
1866 -117.0000000000
1897 -116.0000000000
1911 -115.0000000000
1916 -114.0000000000
1929 -111.0000000000
1969 -110.0000000000
1983 -107.0000000000
2003 -106.0000000000
2056 -105.0000000000
2098 -101.0000000000
2146 -98.0000000000
2250 -96.0000000000
2264 -93.0000000000
2316 -92.0000000000
2363 -91.0000000000
2445 -90.0000000000
2472 -86.0000000000
2604 -84.0000000000
2670 -82.0000000000
2685 -81.0000000000
2728 -80.0000000000
2791 -77.0000000000
2825 -76.0000000000
2843 -74.0000000000
2871 -73.0000000000
2918 -70.0000000000
2956 -69.0000000000
2986 -67.0000000000
3071 -66.0000000000
3178 -65.0000000000
3211 -62.0000000000
3380 -61.0000000000
3395 -60.0000000000
3423 -58.0000000000
3583 -56.0000000000
3824 -55.0000000000
3882 -53.0000000000
3964 -52.0000000000
3982 -51.0000000000
3999 -49.0000000000
4107 -48.0000000000
4173 -46.0000000000
4228 -43.0000000000
4387 -40.0000000000
4812 -39.0000000000
4962 -37.0000000000
5565 -36.0000000000
5862 -34.0000000000
5956 -33.0000000000
6024 -31.0000000000
6223 -30.0000000000
6246 -29.0000000000
6455 -28.0000000000
6785 -26.0000000000
7013 -25.0000000000
7220 -24.0000000000
7714 -23.0000000000
9532 -19.0000000000
10010 -27.0000000000
evaluations raw_y
1 -266.0000000000
16 -264.0000000000
26 -254.0000000000
29 -253.0000000000
36 -249.0000000000
41 -247.0000000000
53 -246.0000000000
57 -245.0000000000
71 -240.0000000000
88 -236.0000000000
97 -235.0000000000
112 -234.0000000000
122 -225.0000000000
214 -220.0000000000
264 -214.0000000000
269 -205.0000000000
386 -202.0000000000
616 -198.0000000000
664 -193.0000000000
813 -189.0000000000
853 -188.0000000000
956 -184.0000000000
984 -183.0000000000
1027 -179.0000000000
1112 -172.0000000000
1229 -168.0000000000
1263 -167.0000000000
1281 -164.0000000000
1297 -162.0000000000
1301 -160.0000000000
1335 -157.0000000000
1379 -154.0000000000
1410 -153.0000000000
1435 -150.0000000000
1466 -149.0000000000
1473 -148.0000000000
1489 -146.0000000000
1510 -145.0000000000
1536 -143.0000000000
1587 -142.0000000000
1594 -138.0000000000
1603 -137.0000000000
1607 -135.0000000000
1641 -133.0000000000
1647 -130.0000000000
1687 -129.0000000000
1689 -128.0000000000
1719 -126.0000000000
1724 -124.0000000000
1778 -122.0000000000
1815 -120.0000000000
1821 -119.0000000000
1831 -117.0000000000
1844 -116.0000000000
1846 -111.0000000000
1895 -109.0000000000
1902 -108.0000000000
1962 -105.0000000000
2026 -104.0000000000
2047 -102.0000000000
2062 -100.0000000000
2068 -98.0000000000
2111 -97.0000000000
2171 -96.0000000000
2195 -95.0000000000
2199 -94.0000000000
2238 -92.0000000000
2258 -91.0000000000
2261 -90.0000000000
2329 -89.0000000000
2454 -88.0000000000
2552 -85.0000000000
2609 -83.0000000000
2720 -82.0000000000
2744 -81.0000000000
2801 -80.0000000000
2888 -79.0000000000
2963 -78.0000000000
2976 -75.0000000000
3027 -72.0000000000
3064 -71.0000000000
3085 -70.0000000000
3113 -67.0000000000
3143 -66.0000000000
3219 -64.0000000000
3264 -63.0000000000
3290 -62.0000000000
3332 -60.0000000000
3495 -59.0000000000
3541 -57.0000000000
3757 -56.0000000000
3839 -55.0000000000
3906 -53.0000000000
4029 -52.0000000000
4032 -51.0000000000
4291 -50.0000000000
4434 -49.0000000000
4507 -47.0000000000
4776 -45.0000000000
5038 -44.0000000000
5086 -43.0000000000
5283 -42.0000000000
6203 -40.0000000000
6302 -39.0000000000
6413 -36.0000000000
6673 -35.0000000000
6982 -34.0000000000
7099 -33.0000000000
7474 -32.0000000000
7765 -30.0000000000
8332 -29.0000000000
8803 -27.0000000000
9091 -26.0000000000
10010 -31.0000000000
evaluations raw_y
1 -266.0000000000
22 -257.0000000000
36 -255.0000000000
56 -253.0000000000
58 -242.0000000000
128 -240.0000000000
129 -237.0000000000
135 -231.0000000000
160 -229.0000000000
170 -223.0000000000
189 -222.0000000000
211 -220.0000000000
214 -218.0000000000
257 -217.0000000000
308 -212.0000000000
352 -205.0000000000
406 -202.0000000000
485 -198.0000000000
496 -195.0000000000
549 -194.0000000000
583 -190.0000000000
646 -189.0000000000
660 -181.0000000000
776 -176.0000000000
819 -172.0000000000
1069 -169.0000000000
1089 -165.0000000000
1213 -161.0000000000
1240 -156.0000000000
1247 -155.0000000000
1280 -151.0000000000
1299 -149.0000000000
1337 -148.0000000000
1353 -145.0000000000
1412 -144.0000000000
1484 -142.0000000000
1510 -140.0000000000
1537 -137.0000000000
1559 -134.0000000000
1596 -132.0000000000
1608 -130.0000000000
1609 -129.0000000000
1623 -122.0000000000
1696 -119.0000000000
1727 -114.0000000000
1754 -113.0000000000
1814 -112.0000000000
1854 -109.0000000000
1863 -108.0000000000
1940 -106.0000000000
1974 -103.0000000000
2038 -102.0000000000
2062 -100.0000000000
2068 -99.0000000000
2118 -98.0000000000
2120 -96.0000000000
2138 -94.0000000000
2235 -92.0000000000
2293 -91.0000000000
2329 -89.0000000000
2375 -88.0000000000
2383 -85.0000000000
2442 -82.0000000000
2492 -81.0000000000
2513 -79.0000000000
2655 -78.0000000000
2706 -76.0000000000
2875 -74.0000000000
2932 -73.0000000000
2941 -72.0000000000
2963 -71.0000000000
2994 -70.0000000000
2995 -68.0000000000
3028 -66.0000000000
3115 -64.0000000000
3313 -63.0000000000
3614 -62.0000000000
3640 -59.0000000000
3725 -58.0000000000
3739 -57.0000000000
3863 -56.0000000000
3877 -55.0000000000
4089 -54.0000000000
4177 -53.0000000000
4290 -52.0000000000
4376 -51.0000000000
4928 -50.0000000000
5169 -49.0000000000
5296 -48.0000000000
5348 -46.0000000000
5451 -45.0000000000
5806 -44.0000000000
5862 -43.0000000000
6328 -42.0000000000
6400 -41.0000000000
6431 -40.0000000000
6828 -39.0000000000
7153 -38.0000000000
7220 -37.0000000000
7221 -36.0000000000
7700 -35.0000000000
7964 -34.0000000000
8102 -33.0000000000
8350 -32.0000000000
8510 -30.0000000000
8562 -29.0000000000
9267 -28.0000000000
9326 -27.0000000000
9600 -26.0000000000
9755 -24.0000000000
10010 -35.0000000000
evaluations raw_y
1 -295.0000000000
2 -287.0000000000
3 -284.0000000000
4 -276.0000000000
8 -275.0000000000
12 -266.0000000000
29 -261.0000000000
46 -258.0000000000
50 -250.0000000000
75 -249.0000000000
88 -245.0000000000
96 -243.0000000000
97 -236.0000000000
150 -228.0000000000
194 -227.0000000000
216 -225.0000000000
236 -220.0000000000
323 -214.0000000000
352 -212.0000000000
383 -207.0000000000
399 -197.0000000000
517 -193.0000000000
553 -192.0000000000
608 -187.0000000000
824 -186.0000000000
830 -180.0000000000
913 -176.0000000000
946 -175.0000000000
1084 -173.0000000000
1112 -172.0000000000
1164 -168.0000000000
1224 -166.0000000000
1231 -165.0000000000
1287 -162.0000000000
1300 -158.0000000000
1302 -157.0000000000
1392 -149.0000000000
1412 -148.0000000000
1445 -146.0000000000
1461 -144.0000000000
1518 -142.0000000000
1531 -141.0000000000
1575 -140.0000000000
1584 -139.0000000000
1589 -138.0000000000
1604 -137.0000000000
1606 -135.0000000000
1607 -134.0000000000
1625 -132.0000000000
1678 -128.0000000000
1684 -125.0000000000
1737 -124.0000000000
1740 -123.0000000000
1749 -122.0000000000
1751 -121.0000000000
1769 -119.0000000000
1789 -118.0000000000
1826 -117.0000000000
1836 -112.0000000000
1858 -111.0000000000
1866 -106.0000000000
1906 -105.0000000000
1943 -104.0000000000
1964 -102.0000000000
1973 -101.0000000000
1981 -100.0000000000
2005 -97.0000000000
2010 -96.0000000000
2081 -94.0000000000
2201 -92.0000000000
2232 -91.0000000000
2275 -88.0000000000
2299 -85.0000000000
2376 -84.0000000000
2390 -82.0000000000
2458 -81.0000000000
2482 -79.0000000000
2539 -76.0000000000
2747 -75.0000000000
2867 -73.0000000000
2928 -72.0000000000
2985 -71.0000000000
3115 -67.0000000000
3206 -66.0000000000
3262 -65.0000000000
3273 -62.0000000000
3392 -61.0000000000
3446 -60.0000000000
3583 -59.0000000000
3632 -58.0000000000
3637 -56.0000000000
3842 -54.0000000000
3887 -53.0000000000
4010 -51.0000000000
4113 -50.0000000000
4199 -46.0000000000
4615 -45.0000000000
4659 -44.0000000000
4874 -42.0000000000
5238 -41.0000000000
5399 -39.0000000000
5499 -38.0000000000
6059 -37.0000000000
6347 -36.0000000000
6438 -35.0000000000
7039 -34.0000000000
7337 -29.0000000000
7905 -28.0000000000
8391 -27.0000000000
8516 -26.0000000000
8522 -25.0000000000
8805 -23.0000000000
9015 -22.0000000000
9817 -21.0000000000
9842 -19.0000000000
10010 -24.0000000000
evaluations raw_y
1 -273.0000000000
26 -268.0000000000
39 -263.0000000000
45 -261.0000000000
59 -252.0000000000
75 -248.0000000000
96 -243.0000000000
119 -239.0000000000
148 -237.0000000000
149 -230.0000000000
180 -225.0000000000
184 -224.0000000000
212 -219.0000000000
219 -218.0000000000
233 -216.0000000000
238 -209.0000000000
256 -208.0000000000
274 -202.0000000000
297 -198.0000000000
474 -196.0000000000
767 -195.0000000000
780 -188.0000000000
843 -187.0000000000
1027 -186.0000000000
1059 -183.0000000000
1081 -180.0000000000
1146 -176.0000000000
1208 -175.0000000000
1232 -169.0000000000
1298 -164.0000000000
1355 -159.0000000000
1454 -154.0000000000
1492 -152.0000000000
1502 -151.0000000000
1504 -149.0000000000
1533 -146.0000000000
1540 -142.0000000000
1577 -140.0000000000
1590 -139.0000000000
1601 -137.0000000000
1632 -135.0000000000
1647 -134.0000000000
1649 -131.0000000000
1665 -129.0000000000
1670 -127.0000000000
1677 -126.0000000000
1686 -120.0000000000
1742 -119.0000000000
1749 -117.0000000000
1816 -112.0000000000
1844 -111.0000000000
1860 -110.0000000000
1911 -107.0000000000
1955 -105.0000000000
1994 -103.0000000000
2002 -102.0000000000
2012 -101.0000000000
2024 -98.0000000000
2077 -96.0000000000
2124 -95.0000000000
2236 -92.0000000000
2329 -90.0000000000
2359 -89.0000000000
2398 -88.0000000000
2506 -86.0000000000
2604 -82.0000000000
2773 -79.0000000000
2837 -77.0000000000
2852 -76.0000000000
2914 -75.0000000000
2927 -69.0000000000
2992 -68.0000000000
3112 -67.0000000000
3164 -66.0000000000
3170 -65.0000000000
3335 -64.0000000000
3471 -62.0000000000
3573 -60.0000000000
3726 -59.0000000000
3753 -57.0000000000
3837 -56.0000000000
3915 -54.0000000000
4141 -49.0000000000
4421 -48.0000000000
4576 -47.0000000000
4686 -45.0000000000
4746 -44.0000000000
4811 -42.0000000000
4976 -41.0000000000
5382 -38.0000000000
5457 -37.0000000000
5559 -36.0000000000
5668 -35.0000000000
5702 -33.0000000000
6186 -32.0000000000
6290 -31.0000000000
7325 -30.0000000000
7904 -29.0000000000
8338 -28.0000000000
8404 -26.0000000000
9038 -25.0000000000
10010 -32.0000000000
evaluations raw_y
1 -306.0000000000
3 -282.0000000000
5 -268.0000000000
26 -267.0000000000
27 -266.0000000000
36 -244.0000000000
64 -242.0000000000
78 -240.0000000000
115 -239.0000000000
125 -236.0000000000
140 -231.0000000000
154 -226.0000000000
174 -211.0000000000
199 -210.0000000000
286 -205.0000000000
370 -204.0000000000
443 -203.0000000000
466 -199.0000000000
488 -198.0000000000
569 -196.0000000000
574 -194.0000000000
700 -193.0000000000
724 -190.0000000000
782 -187.0000000000
839 -186.0000000000
843 -175.0000000000
907 -172.0000000000
934 -171.0000000000
1066 -168.0000000000
1111 -167.0000000000
1133 -165.0000000000
1179 -163.0000000000
1215 -160.0000000000
1280 -159.0000000000
1286 -157.0000000000
1290 -155.0000000000
1300 -151.0000000000
1331 -149.0000000000
1336 -146.0000000000
1359 -145.0000000000
1446 -140.0000000000
1497 -138.0000000000
1525 -136.0000000000
1538 -133.0000000000
1570 -132.0000000000
1585 -131.0000000000
1628 -130.0000000000
1641 -129.0000000000
1659 -126.0000000000
1672 -125.0000000000
1678 -123.0000000000
1690 -119.0000000000
1730 -118.0000000000
1753 -116.0000000000
1755 -112.0000000000
1809 -110.0000000000
1842 -108.0000000000
1888 -106.0000000000
1989 -105.0000000000
2007 -103.0000000000
2047 -101.0000000000
2068 -100.0000000000
2080 -98.0000000000
2108 -95.0000000000
2190 -93.0000000000
2241 -92.0000000000
2244 -90.0000000000
2276 -89.0000000000
2289 -88.0000000000
2294 -87.0000000000
2362 -86.0000000000
2387 -80.0000000000
2418 -79.0000000000
2435 -78.0000000000
2447 -77.0000000000
2618 -76.0000000000
2668 -74.0000000000
2719 -72.0000000000
2809 -71.0000000000
2885 -69.0000000000
2963 -68.0000000000
3024 -67.0000000000
3056 -66.0000000000
3103 -64.0000000000
3243 -61.0000000000
3455 -58.0000000000
3518 -57.0000000000
3519 -55.0000000000
3584 -54.0000000000
3749 -51.0000000000
3980 -50.0000000000
4000 -47.0000000000
4282 -45.0000000000
4320 -43.0000000000
4760 -42.0000000000
5561 -41.0000000000
6114 -40.0000000000
6151 -39.0000000000
6235 -37.0000000000
6492 -36.0000000000
6604 -35.0000000000
6609 -34.0000000000
7294 -33.0000000000
7369 -32.0000000000
7596 -31.0000000000
7766 -30.0000000000
7899 -29.0000000000
7914 -28.0000000000
8050 -27.0000000000
8174 -26.0000000000
8411 -25.0000000000
8768 -24.0000000000
9753 -22.0000000000
10010 -32.0000000000
evaluations raw_y
1 -296.0000000000
2 -272.0000000000
11 -266.0000000000
29 -253.0000000000
76 -251.0000000000
86 -249.0000000000
100 -247.0000000000
106 -242.0000000000
144 -235.0000000000
170 -231.0000000000
192 -228.0000000000
199 -225.0000000000
248 -217.0000000000
307 -212.0000000000
424 -209.0000000000
451 -200.0000000000
523 -196.0000000000
693 -193.0000000000
728 -192.0000000000
751 -190.0000000000
804 -186.0000000000
861 -181.0000000000
888 -175.0000000000
1042 -173.0000000000
1070 -167.0000000000
1110 -166.0000000000
1150 -163.0000000000
1158 -160.0000000000
1255 -157.0000000000
1283 -156.0000000000
1355 -153.0000000000
1418 -147.0000000000
1506 -142.0000000000
1563 -141.0000000000
1573 -136.0000000000
1611 -135.0000000000
1628 -133.0000000000
1663 -129.0000000000
1695 -128.0000000000
1705 -127.0000000000
1720 -126.0000000000
1728 -125.0000000000
1742 -124.0000000000
1756 -123.0000000000
1766 -120.0000000000
1802 -116.0000000000
1833 -115.0000000000
1872 -114.0000000000
1909 -113.0000000000
1935 -109.0000000000
1982 -107.0000000000
2010 -105.0000000000
2061 -103.0000000000
2089 -102.0000000000
2101 -100.0000000000
2138 -99.0000000000
2170 -96.0000000000
2251 -95.0000000000
2271 -93.0000000000
2333 -92.0000000000
2347 -91.0000000000
2383 -90.0000000000
2389 -89.0000000000
2392 -88.0000000000
2440 -87.0000000000
2513 -83.0000000000
2556 -82.0000000000
2570 -80.0000000000
2643 -79.0000000000
2666 -78.0000000000
2719 -76.0000000000
2738 -73.0000000000
2750 -72.0000000000
2806 -71.0000000000
2826 -66.0000000000
2852 -65.0000000000
3607 -64.0000000000
3666 -62.0000000000
3856 -60.0000000000
3931 -58.0000000000
3969 -57.0000000000
4011 -56.0000000000
4064 -55.0000000000
4091 -53.0000000000
4184 -52.0000000000
4317 -50.0000000000
4562 -47.0000000000
4788 -46.0000000000
4793 -44.0000000000
5132 -41.0000000000
5914 -40.0000000000
5975 -39.0000000000
6202 -38.0000000000
6921 -37.0000000000
7246 -36.0000000000
7817 -33.0000000000
8069 -32.0000000000
8316 -31.0000000000
9528 -30.0000000000
9611 -29.0000000000
10010 -38.0000000000
evaluations raw_y
1 -284.0000000000
2 -281.0000000000
5 -275.0000000000
8 -272.0000000000
11 -264.0000000000
29 -253.0000000000
49 -249.0000000000
65 -247.0000000000
71 -243.0000000000
81 -235.0000000000
190 -234.0000000000
191 -232.0000000000
198 -231.0000000000
218 -229.0000000000
222 -222.0000000000
260 -215.0000000000
307 -212.0000000000
345 -209.0000000000
362 -205.0000000000
388 -204.0000000000
458 -202.0000000000
595 -200.0000000000
757 -199.0000000000
792 -194.0000000000
942 -193.0000000000
964 -190.0000000000
966 -189.0000000000
978 -187.0000000000
996 -185.0000000000
1003 -184.0000000000
1010 -183.0000000000
1045 -181.0000000000
1077 -180.0000000000
1100 -177.0000000000
1101 -176.0000000000
1136 -170.0000000000
1162 -169.0000000000
1192 -168.0000000000
1212 -166.0000000000
1270 -163.0000000000
1303 -157.0000000000
1335 -156.0000000000
1370 -151.0000000000
1375 -150.0000000000
1393 -142.0000000000
1464 -138.0000000000
1505 -136.0000000000
1524 -135.0000000000
1578 -133.0000000000
1613 -132.0000000000
1617 -129.0000000000
1661 -124.0000000000
1700 -121.0000000000
1734 -119.0000000000
1771 -117.0000000000
1819 -115.0000000000
1853 -112.0000000000
1895 -110.0000000000
1929 -103.0000000000
2015 -101.0000000000
2045 -100.0000000000
2073 -97.0000000000
2121 -95.0000000000
2197 -93.0000000000
2232 -91.0000000000
2283 -90.0000000000
2318 -89.0000000000
2369 -88.0000000000
2398 -87.0000000000
2400 -84.0000000000
2414 -83.0000000000
2426 -79.0000000000
2547 -76.0000000000
2600 -75.0000000000
2646 -72.0000000000
2753 -71.0000000000
2759 -70.0000000000
2823 -67.0000000000
2855 -66.0000000000
2868 -65.0000000000
2958 -63.0000000000
3029 -61.0000000000
3076 -60.0000000000
3138 -59.0000000000
3259 -58.0000000000
3265 -57.0000000000
3357 -55.0000000000
3649 -54.0000000000
3833 -53.0000000000
3887 -52.0000000000
3939 -50.0000000000
4056 -47.0000000000
4200 -46.0000000000
4282 -45.0000000000
4395 -44.0000000000
4646 -43.0000000000
4827 -42.0000000000
4894 -41.0000000000
5126 -40.0000000000
5424 -39.0000000000
5527 -38.0000000000
5574 -37.0000000000
6003 -36.0000000000
6045 -35.0000000000
6188 -34.0000000000
6217 -33.0000000000
6290 -32.0000000000
6641 -31.0000000000
6767 -30.0000000000
6868 -28.0000000000
7047 -27.0000000000
7319 -26.0000000000
7413 -25.0000000000
7750 -24.0000000000
8296 -23.0000000000
10010 -27.0000000000
evaluations raw_y
1 -289.0000000000
3 -284.0000000000
10 -270.0000000000
17 -261.0000000000
22 -260.0000000000
23 -259.0000000000
29 -257.0000000000
44 -245.0000000000
60 -242.0000000000
63 -240.0000000000
67 -233.0000000000
96 -222.0000000000
166 -215.0000000000
185 -214.0000000000
238 -212.0000000000
264 -209.0000000000
326 -199.0000000000
430 -196.0000000000
641 -194.0000000000
820 -193.0000000000
876 -185.0000000000
995 -183.0000000000
1043 -181.0000000000
1092 -180.0000000000
1097 -177.0000000000
1131 -176.0000000000
1154 -171.0000000000
1213 -170.0000000000
1217 -169.0000000000
1238 -165.0000000000
1276 -163.0000000000
1281 -161.0000000000
1301 -158.0000000000
1315 -157.0000000000
1345 -156.0000000000
1360 -155.0000000000
1371 -154.0000000000
1416 -149.0000000000
1437 -148.0000000000
1477 -140.0000000000
1519 -139.0000000000
1540 -134.0000000000
1556 -127.0000000000
1653 -125.0000000000
1678 -124.0000000000
1700 -120.0000000000
1732 -119.0000000000
1761 -117.0000000000
1778 -113.0000000000
1811 -111.0000000000
1820 -110.0000000000
1842 -109.0000000000
1848 -104.0000000000
1893 -103.0000000000
1964 -102.0000000000
1965 -101.0000000000
2030 -100.0000000000
2059 -98.0000000000
2167 -97.0000000000
2171 -96.0000000000
2208 -95.0000000000
2227 -93.0000000000
2281 -90.0000000000
2357 -89.0000000000
2387 -85.0000000000
2502 -81.0000000000
2599 -80.0000000000
2661 -79.0000000000
2736 -78.0000000000
2740 -77.0000000000
2742 -76.0000000000
2832 -75.0000000000
2848 -74.0000000000
2919 -73.0000000000
2930 -72.0000000000
2955 -69.0000000000
2997 -68.0000000000
3153 -67.0000000000
3166 -66.0000000000
3268 -65.0000000000
3297 -63.0000000000
3349 -62.0000000000
3413 -61.0000000000
3508 -60.0000000000
3650 -58.0000000000
3757 -57.0000000000
3781 -55.0000000000
3858 -54.0000000000
4119 -53.0000000000
4388 -52.0000000000
4540 -51.0000000000
4587 -49.0000000000
4678 -46.0000000000
4747 -45.0000000000
4894 -44.0000000000
4956 -41.0000000000
5325 -40.0000000000
5907 -39.0000000000
5934 -38.0000000000
5979 -37.0000000000
6080 -36.0000000000
6099 -34.0000000000
6136 -33.0000000000
6204 -32.0000000000
6900 -30.0000000000
6941 -29.0000000000
7396 -26.0000000000
8677 -24.0000000000
8908 -23.0000000000
9174 -22.0000000000
9365 -20.0000000000
9599 -18.0000000000
9732 -16.0000000000
10010 -22.0000000000
evaluations raw_y
1 -292.0000000000
4 -278.0000000000
13 -271.0000000000
26 -262.0000000000
31 -260.0000000000
41 -250.0000000000
62 -243.0000000000
100 -239.0000000000
109 -238.0000000000
122 -234.0000000000
137 -228.0000000000
141 -227.0000000000
203 -223.0000000000
209 -215.0000000000
216 -212.0000000000
226 -209.0000000000
336 -203.0000000000
459 -200.0000000000
482 -199.0000000000
490 -198.0000000000
503 -188.0000000000
637 -186.0000000000
807 -183.0000000000
841 -182.0000000000
916 -181.0000000000
1032 -178.0000000000
1120 -177.0000000000
1148 -174.0000000000
1168 -172.0000000000
1242 -169.0000000000
1302 -167.0000000000
1306 -162.0000000000
1366 -161.0000000000
1388 -159.0000000000
1402 -155.0000000000
1440 -152.0000000000
1480 -148.0000000000
1505 -147.0000000000
1524 -143.0000000000
1554 -142.0000000000
1569 -136.0000000000
1598 -134.0000000000
1633 -129.0000000000
1652 -127.0000000000
1678 -124.0000000000
1721 -122.0000000000
1763 -119.0000000000
1769 -118.0000000000
1836 -116.0000000000
1865 -115.0000000000
1920 -112.0000000000
1946 -111.0000000000
1958 -110.0000000000
2040 -109.0000000000
2047 -106.0000000000
2055 -104.0000000000
2121 -103.0000000000
2167 -102.0000000000
2177 -101.0000000000
2207 -100.0000000000
2236 -98.0000000000
2264 -96.0000000000
2291 -95.0000000000
2389 -93.0000000000
2405 -91.0000000000
2437 -89.0000000000
2562 -83.0000000000
2603 -82.0000000000
2630 -81.0000000000
2732 -79.0000000000
2754 -76.0000000000
2792 -75.0000000000
2844 -73.0000000000
2876 -72.0000000000
2906 -71.0000000000
2925 -69.0000000000
3026 -68.0000000000
3099 -67.0000000000
3296 -66.0000000000
3357 -65.0000000000
3436 -64.0000000000
3439 -62.0000000000
3557 -60.0000000000
3653 -59.0000000000
3684 -57.0000000000
3796 -55.0000000000
3941 -54.0000000000
3992 -53.0000000000
4020 -51.0000000000
4092 -48.0000000000
4267 -47.0000000000
4439 -46.0000000000
4492 -45.0000000000
4502 -44.0000000000
4639 -43.0000000000
4810 -42.0000000000
4902 -41.0000000000
4975 -39.0000000000
5117 -37.0000000000
5406 -35.0000000000
6269 -33.0000000000
6301 -32.0000000000
6346 -31.0000000000
6349 -28.0000000000
7485 -27.0000000000
8289 -25.0000000000
8541 -24.0000000000
8876 -23.0000000000
8913 -21.0000000000
9267 -20.0000000000
9606 -19.0000000000
10010 -25.0000000000
evaluations raw_y
1 -306.0000000000
3 -286.0000000000
4 -280.0000000000
12 -271.0000000000
16 -270.0000000000
32 -269.0000000000
42 -257.0000000000
67 -252.0000000000
86 -242.0000000000
88 -240.0000000000
117 -238.0000000000
140 -237.0000000000
179 -234.0000000000
185 -232.0000000000
191 -228.0000000000
211 -227.0000000000
217 -225.0000000000
240 -217.0000000000
257 -211.0000000000
338 -210.0000000000
359 -206.0000000000
467 -204.0000000000
541 -203.0000000000
551 -197.0000000000
582 -196.0000000000
598 -192.0000000000
739 -186.0000000000
827 -184.0000000000
850 -175.0000000000
968 -173.0000000000
1019 -172.0000000000
1151 -169.0000000000
1175 -167.0000000000
1193 -163.0000000000
1241 -161.0000000000
1277 -159.0000000000
1289 -157.0000000000
1328 -156.0000000000
1396 -153.0000000000
1453 -151.0000000000
1506 -150.0000000000
1513 -149.0000000000
1535 -148.0000000000
1572 -139.0000000000
1616 -137.0000000000
1662 -133.0000000000
1681 -130.0000000000
1715 -128.0000000000
1750 -127.0000000000
1778 -126.0000000000
1799 -125.0000000000
1810 -123.0000000000
1825 -122.0000000000
1860 -119.0000000000
1867 -118.0000000000
1904 -117.0000000000
1926 -115.0000000000
1934 -112.0000000000
2042 -111.0000000000
2069 -106.0000000000
2135 -105.0000000000
2189 -104.0000000000
2196 -102.0000000000
2234 -101.0000000000
2236 -100.0000000000
2290 -99.0000000000
2339 -97.0000000000
2379 -94.0000000000
2396 -92.0000000000
2429 -91.0000000000
2433 -88.0000000000
2464 -87.0000000000
2613 -84.0000000000
2676 -82.0000000000
2721 -80.0000000000
2757 -79.0000000000
2810 -76.0000000000
2922 -75.0000000000
3014 -74.0000000000
3085 -73.0000000000
3403 -72.0000000000
3515 -71.0000000000
3553 -68.0000000000
3683 -63.0000000000
3797 -60.0000000000
3985 -59.0000000000
4036 -58.0000000000
4149 -57.0000000000
4184 -54.0000000000
4425 -53.0000000000
4431 -50.0000000000
4702 -49.0000000000
4855 -48.0000000000
4903 -47.0000000000
4937 -46.0000000000
5194 -45.0000000000
5295 -44.0000000000
5537 -43.0000000000
5748 -42.0000000000
5867 -40.0000000000
6275 -39.0000000000
6522 -35.0000000000
7058 -34.0000000000
7671 -32.0000000000
7948 -31.0000000000
8352 -28.0000000000
8882 -27.0000000000
9178 -26.0000000000
9261 -25.0000000000
9880 -24.0000000000
10010 -31.0000000000
evaluations raw_y
1 -285.0000000000
3 -277.0000000000
4 -273.0000000000
21 -269.0000000000
24 -264.0000000000
26 -262.0000000000
40 -252.0000000000
58 -244.0000000000
98 -242.0000000000
112 -240.0000000000
140 -233.0000000000
157 -230.0000000000
163 -226.0000000000
171 -225.0000000000
212 -221.0000000000
343 -211.0000000000
457 -209.0000000000
476 -207.0000000000
550 -205.0000000000
570 -201.0000000000
692 -200.0000000000
902 -199.0000000000
912 -193.0000000000
1000 -192.0000000000
1013 -191.0000000000
1015 -189.0000000000
1039 -187.0000000000
1144 -185.0000000000
1162 -178.0000000000
1204 -174.0000000000
1277 -171.0000000000
1352 -167.0000000000
1383 -165.0000000000
1392 -160.0000000000
1428 -159.0000000000
1444 -157.0000000000
1498 -155.0000000000
1521 -154.0000000000
1538 -152.0000000000
1558 -150.0000000000
1572 -146.0000000000
1623 -142.0000000000
1644 -138.0000000000
1659 -134.0000000000
1736 -131.0000000000
1792 -130.0000000000
1795 -125.0000000000
1821 -123.0000000000
1868 -121.0000000000
1874 -118.0000000000
1896 -117.0000000000
1906 -114.0000000000
1911 -113.0000000000
1928 -112.0000000000
1970 -110.0000000000
2024 -108.0000000000
2078 -107.0000000000
2094 -105.0000000000
2114 -103.0000000000
2177 -102.0000000000
2266 -100.0000000000
2306 -98.0000000000
2334 -97.0000000000
2372 -96.0000000000
2425 -95.0000000000
2432 -94.0000000000
2468 -93.0000000000
2473 -89.0000000000
2520 -88.0000000000
2546 -87.0000000000
2590 -84.0000000000
2666 -83.0000000000
2682 -82.0000000000
2709 -80.0000000000
2757 -79.0000000000
2793 -78.0000000000
2869 -76.0000000000
2910 -75.0000000000
2983 -74.0000000000
3083 -73.0000000000
3214 -71.0000000000
3297 -70.0000000000
3328 -69.0000000000
3360 -67.0000000000
3528 -66.0000000000
3576 -65.0000000000
3650 -64.0000000000
3824 -63.0000000000
3847 -61.0000000000
3976 -58.0000000000
4049 -56.0000000000
4283 -55.0000000000
4436 -54.0000000000
4541 -52.0000000000
4607 -51.0000000000
4625 -50.0000000000
4672 -48.0000000000
4849 -46.0000000000
5058 -45.0000000000
5431 -44.0000000000
5518 -43.0000000000
5585 -41.0000000000
5861 -40.0000000000
5917 -39.0000000000
6013 -38.0000000000
6140 -36.0000000000
6312 -35.0000000000
6463 -34.0000000000
6495 -32.0000000000
6614 -30.0000000000
6988 -29.0000000000
8607 -28.0000000000
8996 -27.0000000000
9187 -26.0000000000
9957 -24.0000000000
10010 -42.0000000000
evaluations raw_y
1 -302.0000000000
2 -285.0000000000
3 -274.0000000000
10 -272.0000000000
16 -271.0000000000
24 -261.0000000000
46 -259.0000000000
50 -258.0000000000
62 -249.0000000000
65 -246.0000000000
85 -239.0000000000
121 -238.0000000000
126 -233.0000000000
221 -222.0000000000
258 -220.0000000000
299 -215.0000000000
378 -214.0000000000
381 -211.0000000000
492 -210.0000000000
529 -208.0000000000
569 -203.0000000000
603 -202.0000000000
631 -201.0000000000
671 -200.0000000000
734 -199.0000000000
774 -198.0000000000
789 -195.0000000000
825 -191.0000000000
897 -190.0000000000
926 -185.0000000000
1055 -180.0000000000
1100 -179.0000000000
1151 -175.0000000000
1175 -170.0000000000
1218 -169.0000000000
1221 -168.0000000000
1232 -163.0000000000
1247 -162.0000000000
1276 -157.0000000000
1299 -151.0000000000
1414 -148.0000000000
1460 -145.0000000000
1483 -143.0000000000
1536 -142.0000000000
1544 -141.0000000000
1551 -139.0000000000
1571 -137.0000000000
1577 -134.0000000000
1651 -132.0000000000
1696 -130.0000000000
1757 -128.0000000000
1804 -126.0000000000
1823 -124.0000000000
1826 -123.0000000000
1867 -120.0000000000
1874 -118.0000000000
1909 -117.0000000000
1928 -115.0000000000
1955 -114.0000000000
1983 -111.0000000000
2069 -109.0000000000
2088 -108.0000000000
2124 -107.0000000000
2133 -104.0000000000
2199 -102.0000000000
2203 -101.0000000000
2267 -100.0000000000
2277 -98.0000000000
2327 -95.0000000000
2404 -94.0000000000
2422 -93.0000000000
2432 -90.0000000000
2466 -88.0000000000
2551 -86.0000000000
2566 -85.0000000000
2651 -84.0000000000
2669 -83.0000000000
2726 -81.0000000000
2760 -80.0000000000
2826 -79.0000000000
2896 -78.0000000000
2941 -75.0000000000
3020 -73.0000000000
3062 -71.0000000000
3089 -70.0000000000
3105 -68.0000000000
3125 -67.0000000000
3196 -66.0000000000
3237 -63.0000000000
3377 -62.0000000000
3407 -61.0000000000
3426 -60.0000000000
3558 -59.0000000000
3581 -58.0000000000
3594 -56.0000000000
3703 -55.0000000000
3710 -54.0000000000
3721 -53.0000000000
3791 -50.0000000000
3959 -49.0000000000
4074 -48.0000000000
4397 -47.0000000000
4591 -46.0000000000
4743 -42.0000000000
4849 -40.0000000000
4869 -39.0000000000
5350 -38.0000000000
5771 -37.0000000000
6208 -36.0000000000
6243 -35.0000000000
6488 -34.0000000000
6674 -33.0000000000
6692 -31.0000000000
7153 -30.0000000000
7342 -28.0000000000
7457 -27.0000000000
7888 -25.0000000000
7973 -24.0000000000
8615 -23.0000000000
8942 -21.0000000000
9058 -20.0000000000
9171 -19.0000000000
9333 -18.0000000000
9975 -16.0000000000
10010 -25.0000000000
evaluations raw_y
1 -281.0000000000
3 -277.0000000000
19 -275.0000000000
23 -271.0000000000
26 -263.0000000000
45 -254.0000000000
53 -253.0000000000
61 -250.0000000000
92 -247.0000000000
101 -242.0000000000
152 -235.0000000000
166 -233.0000000000
199 -231.0000000000
214 -221.0000000000
287 -218.0000000000
306 -213.0000000000
310 -206.0000000000
403 -204.0000000000
504 -203.0000000000
532 -200.0000000000
551 -198.0000000000
569 -197.0000000000
575 -194.0000000000
693 -191.0000000000
760 -190.0000000000
802 -188.0000000000
883 -187.0000000000
892 -184.0000000000
953 -179.0000000000
1074 -176.0000000000
1081 -174.0000000000
1092 -171.0000000000
1216 -170.0000000000
1241 -168.0000000000
1247 -166.0000000000
1258 -165.0000000000
1268 -161.0000000000
1309 -158.0000000000
1361 -156.0000000000
1379 -153.0000000000
1397 -150.0000000000
1414 -149.0000000000
1434 -147.0000000000
1494 -140.0000000000
1544 -139.0000000000
1569 -137.0000000000
1575 -134.0000000000
1580 -131.0000000000
1612 -130.0000000000
1639 -125.0000000000
1664 -124.0000000000
1678 -123.0000000000
1683 -121.0000000000
1751 -120.0000000000
1755 -119.0000000000
1789 -118.0000000000
1804 -116.0000000000
1877 -115.0000000000
1913 -114.0000000000
1924 -111.0000000000
1948 -108.0000000000
1963 -106.0000000000
1968 -104.0000000000
2035 -103.0000000000
2049 -102.0000000000
2076 -98.0000000000
2175 -96.0000000000
2227 -95.0000000000
2287 -94.0000000000
2403 -93.0000000000
2417 -92.0000000000
2478 -89.0000000000
2490 -88.0000000000
2493 -87.0000000000
2586 -85.0000000000
2609 -84.0000000000
2705 -83.0000000000
2721 -81.0000000000
2778 -79.0000000000
2794 -76.0000000000
2823 -74.0000000000
2898 -72.0000000000
2899 -71.0000000000
3100 -70.0000000000
3159 -67.0000000000
3255 -66.0000000000
3306 -64.0000000000
3370 -63.0000000000
3387 -62.0000000000
3406 -58.0000000000
3610 -56.0000000000
3816 -55.0000000000
3858 -54.0000000000
3938 -53.0000000000
3962 -52.0000000000
4021 -50.0000000000
4109 -49.0000000000
4332 -48.0000000000
4383 -47.0000000000
4388 -45.0000000000
4474 -41.0000000000
5093 -40.0000000000
5308 -39.0000000000
6048 -38.0000000000
6154 -37.0000000000
6285 -36.0000000000
6466 -35.0000000000
6536 -33.0000000000
6713 -32.0000000000
6739 -31.0000000000
7271 -30.0000000000
7846 -28.0000000000
7909 -27.0000000000
8200 -26.0000000000
9641 -25.0000000000
10010 -31.0000000000
evaluations raw_y
1 -295.0000000000
2 -264.0000000000
21 -259.0000000000
60 -248.0000000000
63 -244.0000000000
110 -236.0000000000
116 -233.0000000000
137 -229.0000000000
154 -228.0000000000
172 -226.0000000000
220 -219.0000000000
293 -218.0000000000
309 -216.0000000000
355 -215.0000000000
407 -213.0000000000
487 -212.0000000000
491 -208.0000000000
611 -207.0000000000
616 -199.0000000000
707 -197.0000000000
741 -194.0000000000
760 -190.0000000000
855 -189.0000000000
897 -182.0000000000
995 -176.0000000000
1023 -174.0000000000
1133 -170.0000000000
1186 -169.0000000000
1209 -168.0000000000
1272 -167.0000000000
1331 -165.0000000000
1348 -158.0000000000
1376 -157.0000000000
1390 -156.0000000000
1430 -153.0000000000
1448 -152.0000000000
1482 -150.0000000000
1516 -148.0000000000
1520 -145.0000000000
1570 -136.0000000000
1641 -133.0000000000
1643 -129.0000000000
1683 -128.0000000000
1703 -127.0000000000
1720 -124.0000000000
1736 -122.0000000000
1753 -118.0000000000
1769 -115.0000000000
1823 -110.0000000000
1940 -108.0000000000
1945 -107.0000000000
1987 -106.0000000000
2016 -104.0000000000
2045 -102.0000000000
2057 -101.0000000000
2101 -100.0000000000
2114 -99.0000000000
2156 -98.0000000000
2178 -97.0000000000
2183 -96.0000000000
2265 -93.0000000000
2316 -92.0000000000
2365 -89.0000000000
2506 -88.0000000000
2536 -87.0000000000
2675 -86.0000000000
2746 -85.0000000000
2759 -84.0000000000
2794 -83.0000000000
2860 -81.0000000000
2936 -80.0000000000
2980 -79.0000000000
2982 -76.0000000000
3031 -75.0000000000
3059 -73.0000000000
3118 -69.0000000000
3192 -68.0000000000
3267 -66.0000000000
3455 -63.0000000000
3628 -62.0000000000
3661 -61.0000000000
3737 -59.0000000000
4002 -56.0000000000
4367 -54.0000000000
4475 -50.0000000000
4538 -49.0000000000
4573 -48.0000000000
4838 -47.0000000000
4972 -46.0000000000
5305 -45.0000000000
5760 -44.0000000000
5776 -42.0000000000
6064 -41.0000000000
6241 -40.0000000000
6252 -39.0000000000
6289 -38.0000000000
6409 -37.0000000000
6749 -36.0000000000
6845 -34.0000000000
7111 -33.0000000000
7639 -32.0000000000
8443 -31.0000000000
9068 -30.0000000000
9223 -29.0000000000
9561 -23.0000000000
9979 -22.0000000000
10010 -31.0000000000
evaluations raw_y
1 -289.0000000000
4 -267.0000000000
40 -265.0000000000
52 -259.0000000000
63 -257.0000000000
73 -252.0000000000
78 -245.0000000000
80 -243.0000000000
88 -240.0000000000
93 -237.0000000000
119 -230.0000000000
158 -228.0000000000
270 -227.0000000000
291 -226.0000000000
311 -225.0000000000
319 -223.0000000000
323 -220.0000000000
339 -218.0000000000
421 -216.0000000000
444 -210.0000000000
457 -206.0000000000
550 -203.0000000000
606 -202.0000000000
621 -200.0000000000
642 -195.0000000000
762 -194.0000000000
792 -190.0000000000
793 -188.0000000000
811 -185.0000000000
864 -183.0000000000
893 -181.0000000000
954 -179.0000000000
1060 -177.0000000000
1179 -176.0000000000
1210 -173.0000000000
1239 -172.0000000000
1247 -167.0000000000
1304 -165.0000000000
1333 -163.0000000000
1363 -161.0000000000
1393 -157.0000000000
1430 -156.0000000000
1452 -150.0000000000
1504 -147.0000000000
1538 -145.0000000000
1560 -144.0000000000
1572 -140.0000000000
1608 -136.0000000000
1620 -135.0000000000
1621 -134.0000000000
1625 -129.0000000000
1690 -123.0000000000
1709 -122.0000000000
1746 -120.0000000000
1803 -119.0000000000
1810 -115.0000000000
1842 -112.0000000000
1881 -110.0000000000
1909 -106.0000000000
1951 -105.0000000000
1971 -104.0000000000
1986 -103.0000000000
2016 -99.0000000000
2054 -98.0000000000
2084 -94.0000000000
2184 -93.0000000000
2220 -88.0000000000
2411 -87.0000000000
2430 -86.0000000000
2468 -85.0000000000
2485 -82.0000000000
2529 -81.0000000000
2536 -80.0000000000
2565 -79.0000000000
2614 -75.0000000000
2741 -70.0000000000
2775 -68.0000000000
2818 -67.0000000000
2946 -66.0000000000
3141 -64.0000000000
3185 -63.0000000000
3375 -61.0000000000
3517 -59.0000000000
3639 -58.0000000000
3810 -57.0000000000
4020 -55.0000000000
4389 -53.0000000000
4615 -51.0000000000
4720 -50.0000000000
5067 -49.0000000000
5167 -48.0000000000
5275 -47.0000000000
5416 -45.0000000000
5635 -44.0000000000
5709 -43.0000000000
5800 -40.0000000000
6232 -39.0000000000
6349 -38.0000000000
6369 -34.0000000000
6761 -33.0000000000
7007 -32.0000000000
7166 -31.0000000000
7428 -29.0000000000
8139 -28.0000000000
8563 -27.0000000000
8567 -25.0000000000
8861 -24.0000000000
10010 -30.0000000000
evaluations raw_y
1 -267.0000000000
20 -260.0000000000
45 -249.0000000000
65 -246.0000000000
78 -243.0000000000
87 -241.0000000000
104 -238.0000000000
129 -237.0000000000
170 -236.0000000000
182 -232.0000000000
209 -228.0000000000
220 -227.0000000000
228 -218.0000000000
318 -217.0000000000
326 -207.0000000000
403 -202.0000000000
502 -201.0000000000
519 -194.0000000000
756 -192.0000000000
765 -190.0000000000
825 -189.0000000000
848 -186.0000000000
930 -184.0000000000
953 -177.0000000000
998 -174.0000000000
1032 -173.0000000000
1158 -172.0000000000
1203 -163.0000000000
1254 -162.0000000000
1260 -161.0000000000
1274 -158.0000000000
1418 -157.0000000000
1433 -154.0000000000
1470 -153.0000000000
1481 -150.0000000000
1522 -144.0000000000
1569 -142.0000000000
1577 -139.0000000000
1634 -136.0000000000
1641 -135.0000000000
1657 -134.0000000000
1660 -132.0000000000
1695 -131.0000000000
1713 -130.0000000000
1717 -126.0000000000
1743 -125.0000000000
1755 -123.0000000000
1790 -121.0000000000
1805 -119.0000000000
1837 -118.0000000000
1850 -117.0000000000
1890 -116.0000000000
1914 -115.0000000000
1942 -114.0000000000
1948 -113.0000000000
1963 -112.0000000000
1968 -109.0000000000
2009 -108.0000000000
2044 -107.0000000000
2062 -106.0000000000
2151 -105.0000000000
2171 -102.0000000000
2192 -97.0000000000
2202 -95.0000000000
2232 -92.0000000000
2271 -91.0000000000
2348 -90.0000000000
2405 -89.0000000000
2540 -87.0000000000
2562 -85.0000000000
2582 -84.0000000000
2590 -81.0000000000
2595 -80.0000000000
2618 -78.0000000000
2654 -75.0000000000
2741 -72.0000000000
2861 -68.0000000000
2990 -65.0000000000
3176 -63.0000000000
3278 -61.0000000000
3442 -59.0000000000
3776 -58.0000000000
3941 -57.0000000000
3954 -56.0000000000
4022 -55.0000000000
4250 -54.0000000000
4313 -52.0000000000
4406 -50.0000000000
4447 -49.0000000000
4700 -48.0000000000
4715 -47.0000000000
4924 -46.0000000000
5177 -45.0000000000
5635 -44.0000000000
5983 -43.0000000000
6006 -41.0000000000
6039 -40.0000000000
6086 -37.0000000000
6129 -36.0000000000
6328 -35.0000000000
6340 -34.0000000000
6553 -32.0000000000
7114 -31.0000000000
9337 -29.0000000000
9503 -28.0000000000
9896 -25.0000000000
10010 -37.0000000000
evaluations raw_y
1 -306.0000000000
2 -274.0000000000
5 -269.0000000000
11 -262.0000000000
34 -260.0000000000
40 -253.0000000000
45 -249.0000000000
59 -246.0000000000
86 -233.0000000000
118 -229.0000000000
172 -222.0000000000
227 -221.0000000000
230 -220.0000000000
240 -219.0000000000
251 -218.0000000000
257 -216.0000000000
269 -215.0000000000
273 -214.0000000000
300 -212.0000000000
303 -208.0000000000
310 -205.0000000000
328 -203.0000000000
370 -202.0000000000
536 -197.0000000000
601 -196.0000000000
635 -194.0000000000
697 -193.0000000000
700 -189.0000000000
787 -185.0000000000
854 -184.0000000000
898 -182.0000000000
936 -181.0000000000
1023 -172.0000000000
1048 -166.0000000000
1124 -164.0000000000
1190 -162.0000000000
1207 -159.0000000000
1293 -156.0000000000
1352 -155.0000000000
1380 -143.0000000000
1447 -142.0000000000
1457 -140.0000000000
1473 -139.0000000000
1505 -138.0000000000
1556 -137.0000000000
1568 -136.0000000000
1594 -135.0000000000
1596 -134.0000000000
1616 -132.0000000000
1637 -131.0000000000
1669 -130.0000000000
1680 -125.0000000000
1697 -122.0000000000
1742 -120.0000000000
1754 -119.0000000000
1827 -117.0000000000
1839 -115.0000000000
1870 -112.0000000000
1899 -107.0000000000
1995 -105.0000000000
2010 -101.0000000000
2033 -100.0000000000
2062 -99.0000000000
2079 -98.0000000000
2127 -97.0000000000
2149 -96.0000000000
2167 -95.0000000000
2186 -94.0000000000
2202 -92.0000000000
2234 -91.0000000000
2258 -90.0000000000
2275 -88.0000000000
2403 -85.0000000000
2420 -83.0000000000
2461 -80.0000000000
2522 -79.0000000000
2595 -77.0000000000
2701 -75.0000000000
2736 -74.0000000000
2776 -73.0000000000
2796 -72.0000000000
2834 -68.0000000000
2887 -67.0000000000
2954 -66.0000000000
2994 -65.0000000000
3087 -64.0000000000
3105 -63.0000000000
3115 -61.0000000000
3184 -59.0000000000
3274 -58.0000000000
3363 -55.0000000000
3417 -54.0000000000
3515 -53.0000000000
3528 -52.0000000000
3550 -51.0000000000
3796 -50.0000000000
3801 -49.0000000000
3820 -48.0000000000
3924 -46.0000000000
3961 -45.0000000000
4039 -43.0000000000
4139 -42.0000000000
5513 -41.0000000000
5612 -39.0000000000
6290 -38.0000000000
6441 -37.0000000000
6466 -36.0000000000
6488 -35.0000000000
7002 -34.0000000000
7532 -33.0000000000
7647 -32.0000000000
8193 -29.0000000000
8357 -28.0000000000
8394 -27.0000000000
8498 -26.0000000000
8629 -23.0000000000
8907 -21.0000000000
9410 -20.0000000000
10010 -22.0000000000
evaluations raw_y
1 -277.0000000000
2 -275.0000000000
16 -273.0000000000
20 -272.0000000000
25 -265.0000000000
27 -263.0000000000
52 -261.0000000000
64 -251.0000000000
67 -243.0000000000
110 -239.0000000000
118 -233.0000000000
135 -231.0000000000
163 -228.0000000000
179 -225.0000000000
185 -223.0000000000
287 -220.0000000000
319 -217.0000000000
392 -216.0000000000
403 -214.0000000000
408 -213.0000000000
524 -205.0000000000
564 -197.0000000000
618 -193.0000000000
709 -188.0000000000
755 -183.0000000000
784 -178.0000000000
878 -177.0000000000
1118 -168.0000000000
1161 -165.0000000000
1179 -162.0000000000
1214 -161.0000000000
1263 -158.0000000000
1326 -154.0000000000
1402 -153.0000000000
1415 -148.0000000000
1439 -147.0000000000
1471 -146.0000000000
1492 -144.0000000000
1509 -143.0000000000
1559 -139.0000000000
1574 -136.0000000000
1593 -135.0000000000
1636 -134.0000000000
1650 -130.0000000000
1671 -127.0000000000
1720 -126.0000000000
1759 -123.0000000000
1812 -121.0000000000
1834 -118.0000000000
1970 -114.0000000000
1986 -113.0000000000
2017 -112.0000000000
2024 -111.0000000000
2045 -109.0000000000
2120 -101.0000000000
2162 -99.0000000000
2234 -98.0000000000
2238 -97.0000000000
2257 -96.0000000000
2290 -94.0000000000
2364 -90.0000000000
2457 -89.0000000000
2539 -88.0000000000
2564 -86.0000000000
2677 -85.0000000000
2699 -84.0000000000
2781 -83.0000000000
2864 -82.0000000000
2956 -80.0000000000
3013 -78.0000000000
3136 -76.0000000000
3212 -74.0000000000
3274 -70.0000000000
3409 -69.0000000000
3497 -67.0000000000
3770 -66.0000000000
3874 -65.0000000000
3912 -64.0000000000
4190 -63.0000000000
4207 -62.0000000000
4548 -60.0000000000
4685 -58.0000000000
4734 -57.0000000000
4779 -56.0000000000
4889 -54.0000000000
5150 -53.0000000000
5265 -51.0000000000
5311 -50.0000000000
5373 -48.0000000000
5594 -46.0000000000
5668 -45.0000000000
5859 -42.0000000000
6171 -40.0000000000
6299 -39.0000000000
6520 -38.0000000000
7619 -35.0000000000
8051 -34.0000000000
8346 -33.0000000000
8452 -32.0000000000
8737 -28.0000000000
9969 -27.0000000000
10010 -33.0000000000
evaluations raw_y
1 -292.0000000000
2 -276.0000000000
13 -275.0000000000
22 -269.0000000000
30 -265.0000000000
45 -264.0000000000
50 -261.0000000000
52 -246.0000000000
79 -243.0000000000
93 -237.0000000000
105 -232.0000000000
121 -230.0000000000
166 -222.0000000000
263 -220.0000000000
286 -218.0000000000
302 -216.0000000000
304 -215.0000000000
345 -214.0000000000
368 -212.0000000000
455 -211.0000000000
484 -209.0000000000
583 -203.0000000000
673 -202.0000000000
714 -201.0000000000
745 -200.0000000000
755 -198.0000000000
798 -196.0000000000
818 -191.0000000000
859 -186.0000000000
916 -182.0000000000
950 -179.0000000000
1004 -177.0000000000
1007 -172.0000000000
1233 -171.0000000000
1252 -167.0000000000
1254 -166.0000000000
1372 -163.0000000000
1376 -161.0000000000
1390 -159.0000000000
1441 -158.0000000000
1446 -155.0000000000
1498 -153.0000000000
1540 -152.0000000000
1543 -148.0000000000
1570 -147.0000000000
1577 -145.0000000000
1594 -144.0000000000
1595 -141.0000000000
1630 -139.0000000000
1667 -137.0000000000
1679 -129.0000000000
1732 -126.0000000000
1752 -125.0000000000
1776 -124.0000000000
1801 -122.0000000000
1819 -119.0000000000
1832 -118.0000000000
1856 -117.0000000000
1893 -114.0000000000
1914 -112.0000000000
1957 -111.0000000000
1986 -110.0000000000
1997 -109.0000000000
2051 -108.0000000000
2063 -104.0000000000
2136 -103.0000000000
2176 -100.0000000000
2203 -98.0000000000
2236 -94.0000000000
2286 -93.0000000000
2322 -89.0000000000
2456 -85.0000000000
2463 -82.0000000000
2528 -81.0000000000
2582 -80.0000000000
2625 -79.0000000000
2676 -77.0000000000
2689 -76.0000000000
2790 -73.0000000000
2889 -72.0000000000
3047 -71.0000000000
3242 -69.0000000000
3285 -68.0000000000
3311 -67.0000000000
3324 -66.0000000000
3467 -65.0000000000
3528 -64.0000000000
3586 -63.0000000000
3609 -62.0000000000
3673 -61.0000000000
3740 -58.0000000000
4191 -57.0000000000
4237 -56.0000000000
4480 -55.0000000000
4661 -54.0000000000
5270 -53.0000000000
5301 -52.0000000000
5347 -50.0000000000
5377 -48.0000000000
5485 -47.0000000000
5496 -45.0000000000
5605 -42.0000000000
6248 -41.0000000000
6344 -37.0000000000
6401 -36.0000000000
7137 -34.0000000000
7332 -31.0000000000
9447 -30.0000000000
9968 -29.0000000000
10010 -40.0000000000
evaluations raw_y
1 -280.0000000000
14 -269.0000000000
18 -262.0000000000
27 -260.0000000000
43 -256.0000000000
57 -249.0000000000
76 -244.0000000000
80 -243.0000000000
110 -226.0000000000
120 -223.0000000000
132 -219.0000000000
139 -217.0000000000
165 -216.0000000000
178 -206.0000000000
542 -202.0000000000
664 -200.0000000000
685 -190.0000000000
761 -189.0000000000
786 -182.0000000000
840 -181.0000000000
978 -178.0000000000
983 -177.0000000000
1072 -176.0000000000
1129 -170.0000000000
1160 -168.0000000000
1225 -166.0000000000
1234 -165.0000000000
1279 -164.0000000000
1296 -160.0000000000
1337 -158.0000000000
1346 -152.0000000000
1363 -151.0000000000
1405 -150.0000000000
1420 -146.0000000000
1470 -143.0000000000
1492 -142.0000000000
1511 -137.0000000000
1547 -133.0000000000
1581 -132.0000000000
1610 -131.0000000000
1626 -128.0000000000
1630 -127.0000000000
1661 -126.0000000000
1709 -125.0000000000
1736 -124.0000000000
1754 -123.0000000000
1801 -122.0000000000
1812 -121.0000000000
1826 -119.0000000000
1864 -118.0000000000
1870 -117.0000000000
1885 -116.0000000000
1894 -115.0000000000
1910 -114.0000000000
1918 -112.0000000000
1942 -111.0000000000
1967 -108.0000000000
2027 -105.0000000000
2078 -104.0000000000
2105 -102.0000000000
2142 -101.0000000000
2220 -97.0000000000
2358 -95.0000000000
2415 -92.0000000000
2481 -90.0000000000
2560 -89.0000000000
2615 -87.0000000000
2667 -85.0000000000
2702 -84.0000000000
2706 -83.0000000000
2719 -82.0000000000
2748 -81.0000000000
2776 -80.0000000000
2815 -79.0000000000
2847 -77.0000000000
2904 -74.0000000000
3019 -70.0000000000
3074 -69.0000000000
3117 -65.0000000000
3145 -63.0000000000
3191 -62.0000000000
3217 -61.0000000000
3326 -60.0000000000
3376 -57.0000000000
3410 -56.0000000000
3557 -55.0000000000
3589 -54.0000000000
3829 -53.0000000000
3847 -52.0000000000
3872 -51.0000000000
4040 -50.0000000000
4141 -49.0000000000
4168 -47.0000000000
4322 -46.0000000000
4391 -45.0000000000
4407 -43.0000000000
4659 -40.0000000000
5539 -38.0000000000
5767 -37.0000000000
5870 -36.0000000000
5907 -33.0000000000
6743 -32.0000000000
6962 -31.0000000000
7584 -30.0000000000
7648 -29.0000000000
7776 -27.0000000000
8133 -26.0000000000
8687 -24.0000000000
8983 -23.0000000000
9730 -22.0000000000
10010 -31.0000000000
evaluations raw_y
1 -284.0000000000
2 -275.0000000000
5 -272.0000000000
10 -270.0000000000
27 -267.0000000000
37 -264.0000000000
58 -260.0000000000
60 -257.0000000000
78 -252.0000000000
93 -245.0000000000
112 -244.0000000000
122 -240.0000000000
130 -235.0000000000
137 -234.0000000000
140 -230.0000000000
150 -225.0000000000
165 -217.0000000000
268 -214.0000000000
314 -212.0000000000
344 -203.0000000000
545 -202.0000000000
575 -198.0000000000
657 -197.0000000000
693 -193.0000000000
759 -184.0000000000
870 -181.0000000000
1025 -180.0000000000
1100 -179.0000000000
1117 -174.0000000000
1127 -173.0000000000
1153 -172.0000000000
1184 -170.0000000000
1222 -168.0000000000
1240 -166.0000000000
1245 -163.0000000000
1249 -157.0000000000
1302 -155.0000000000
1359 -154.0000000000
1455 -153.0000000000
1486 -152.0000000000
1499 -148.0000000000
1546 -146.0000000000
1547 -141.0000000000
1587 -139.0000000000
1609 -138.0000000000
1629 -134.0000000000
1667 -132.0000000000
1719 -131.0000000000
1735 -129.0000000000
1811 -127.0000000000
1834 -125.0000000000
1860 -122.0000000000
1889 -119.0000000000
1900 -117.0000000000
1946 -115.0000000000
1961 -114.0000000000
1967 -113.0000000000
1984 -111.0000000000
1997 -109.0000000000
2113 -108.0000000000
2122 -107.0000000000
2152 -106.0000000000
2154 -104.0000000000
2251 -103.0000000000
2271 -102.0000000000
2342 -101.0000000000
2378 -100.0000000000
2437 -99.0000000000
2470 -97.0000000000
2475 -94.0000000000
2528 -92.0000000000
2569 -90.0000000000
2602 -89.0000000000
2730 -85.0000000000
2766 -83.0000000000
2785 -82.0000000000
2839 -81.0000000000
2873 -79.0000000000
2923 -78.0000000000
2997 -76.0000000000
3022 -75.0000000000
3069 -74.0000000000
3184 -73.0000000000
3203 -71.0000000000
3244 -68.0000000000
3358 -64.0000000000
3536 -63.0000000000
3539 -61.0000000000
3610 -60.0000000000
3659 -56.0000000000
3683 -53.0000000000
3749 -51.0000000000
3857 -50.0000000000
3875 -49.0000000000
3924 -47.0000000000
4043 -45.0000000000
4318 -44.0000000000
4553 -43.0000000000
4562 -39.0000000000
4806 -38.0000000000
4812 -37.0000000000
5348 -36.0000000000
5783 -35.0000000000
5821 -34.0000000000
6290 -32.0000000000
6713 -31.0000000000
7155 -29.0000000000
7505 -28.0000000000
7545 -26.0000000000
8252 -25.0000000000
8584 -24.0000000000
8613 -23.0000000000
9317 -22.0000000000
10010 -28.0000000000
evaluations raw_y
1 -273.0000000000
10 -271.0000000000
24 -268.0000000000
27 -254.0000000000
46 -250.0000000000
71 -244.0000000000
86 -239.0000000000
87 -238.0000000000
100 -232.0000000000
139 -228.0000000000
174 -222.0000000000
184 -217.0000000000
271 -216.0000000000
292 -215.0000000000
317 -212.0000000000
324 -210.0000000000
404 -207.0000000000
462 -204.0000000000
472 -195.0000000000
625 -194.0000000000
639 -193.0000000000
669 -190.0000000000
742 -185.0000000000
794 -184.0000000000
827 -176.0000000000
942 -172.0000000000
1016 -171.0000000000
1183 -170.0000000000
1190 -169.0000000000
1210 -165.0000000000
1355 -163.0000000000
1367 -159.0000000000
1408 -158.0000000000
1418 -155.0000000000
1484 -151.0000000000
1514 -148.0000000000
1536 -145.0000000000
1538 -142.0000000000
1561 -139.0000000000
1592 -137.0000000000
1620 -136.0000000000
1660 -134.0000000000
1706 -133.0000000000
1724 -132.0000000000
1746 -131.0000000000
1752 -127.0000000000
1845 -125.0000000000
1851 -124.0000000000
1905 -121.0000000000
1948 -120.0000000000
1963 -119.0000000000
2003 -118.0000000000
2023 -115.0000000000
2065 -111.0000000000
2083 -110.0000000000
2116 -109.0000000000
2160 -108.0000000000
2167 -107.0000000000
2205 -106.0000000000
2213 -105.0000000000
2223 -104.0000000000
2236 -102.0000000000
2259 -101.0000000000
2262 -99.0000000000
2300 -98.0000000000
2327 -96.0000000000
2363 -95.0000000000
2371 -94.0000000000
2392 -90.0000000000
2451 -89.0000000000
2487 -86.0000000000
2529 -85.0000000000
2564 -84.0000000000
2602 -83.0000000000
2662 -82.0000000000
2668 -78.0000000000
2785 -76.0000000000
2847 -75.0000000000
2900 -73.0000000000
2976 -72.0000000000
3028 -71.0000000000
3068 -70.0000000000
3096 -68.0000000000
3186 -67.0000000000
3273 -66.0000000000
3375 -64.0000000000
3637 -63.0000000000
3658 -62.0000000000
3667 -59.0000000000
3706 -58.0000000000
3769 -56.0000000000
3924 -55.0000000000
3954 -54.0000000000
4036 -53.0000000000
4122 -52.0000000000
4587 -51.0000000000
4647 -50.0000000000
4745 -48.0000000000
4812 -47.0000000000
4963 -43.0000000000
5214 -42.0000000000
5215 -41.0000000000
5347 -40.0000000000
5593 -39.0000000000
5807 -37.0000000000
5891 -36.0000000000
5914 -35.0000000000
6140 -34.0000000000
6501 -33.0000000000
6597 -32.0000000000
6826 -31.0000000000
7450 -29.0000000000
7797 -28.0000000000
7962 -27.0000000000
8166 -26.0000000000
9471 -24.0000000000
10010 -31.0000000000
evaluations raw_y
1 -271.0000000000
25 -270.0000000000
30 -265.0000000000
34 -257.0000000000
45 -255.0000000000
65 -253.0000000000
78 -252.0000000000
80 -245.0000000000
103 -242.0000000000
135 -241.0000000000
160 -235.0000000000
169 -228.0000000000
219 -227.0000000000
255 -221.0000000000
264 -217.0000000000
290 -215.0000000000
355 -214.0000000000
375 -211.0000000000
393 -209.0000000000
402 -206.0000000000
451 -205.0000000000
471 -202.0000000000
489 -198.0000000000
584 -196.0000000000
605 -186.0000000000
617 -180.0000000000
763 -177.0000000000
982 -176.0000000000
1009 -175.0000000000
1029 -174.0000000000
1052 -172.0000000000
1115 -164.0000000000
1221 -163.0000000000
1235 -161.0000000000
1276 -160.0000000000
1326 -159.0000000000
1430 -157.0000000000
1444 -155.0000000000
1485 -154.0000000000
1516 -152.0000000000
1532 -150.0000000000
1534 -149.0000000000
1558 -145.0000000000
1578 -144.0000000000
1586 -142.0000000000
1620 -141.0000000000
1633 -139.0000000000
1663 -137.0000000000
1690 -135.0000000000
1695 -133.0000000000
1706 -131.0000000000
1719 -130.0000000000
1736 -128.0000000000
1764 -124.0000000000
1803 -121.0000000000
1822 -118.0000000000
1842 -116.0000000000
1896 -113.0000000000
1911 -110.0000000000
1915 -109.0000000000
1945 -108.0000000000
1951 -107.0000000000
1959 -104.0000000000
1989 -103.0000000000
1992 -102.0000000000
2003 -101.0000000000
2014 -99.0000000000
2034 -98.0000000000
2078 -96.0000000000
2112 -95.0000000000
2148 -94.0000000000
2184 -93.0000000000
2206 -90.0000000000
2228 -87.0000000000
2248 -86.0000000000
2346 -84.0000000000
2595 -83.0000000000
2648 -82.0000000000
2672 -81.0000000000
2692 -77.0000000000
2730 -76.0000000000
2767 -72.0000000000
2904 -71.0000000000
2960 -70.0000000000
3052 -68.0000000000
3101 -65.0000000000
3247 -63.0000000000
3369 -61.0000000000
3445 -60.0000000000
3550 -59.0000000000
3564 -58.0000000000
3611 -57.0000000000
3636 -55.0000000000
3681 -53.0000000000
3701 -52.0000000000
3846 -51.0000000000
3959 -50.0000000000
4083 -49.0000000000
4368 -48.0000000000
4493 -45.0000000000
4597 -43.0000000000
5066 -42.0000000000
5190 -39.0000000000
5321 -38.0000000000
5754 -37.0000000000
6492 -35.0000000000
7274 -34.0000000000
7316 -33.0000000000
7487 -32.0000000000
7841 -30.0000000000
7867 -29.0000000000
8775 -27.0000000000
9061 -26.0000000000
10010 -34.0000000000
