evaluations raw_y
1 2984.0000000000
5 3142.0000000000
30 3269.0000000000
63 3413.0000000000
78 3472.0000000000
91 3490.0000000000
106 3510.0000000000
118 3597.0000000000
137 3645.0000000000
151 3647.0000000000
154 3788.0000000000
165 3817.0000000000
190 3904.0000000000
262 3979.0000000000
308 4036.0000000000
320 4132.0000000000
360 4272.0000000000
543 4390.0000000000
629 4455.0000000000
641 4463.0000000000
730 4472.0000000000
854 4511.0000000000
870 4545.0000000000
932 4563.0000000000
941 4595.0000000000
975 4612.0000000000
1071 4653.0000000000
1098 4705.0000000000
1129 4784.0000000000
1163 4788.0000000000
1190 4800.0000000000
1247 4807.0000000000
1253 4812.0000000000
1285 4826.0000000000
1312 4828.0000000000
1464 4852.0000000000
1480 4861.0000000000
1485 4864.0000000000
1527 4870.0000000000
1541 4890.0000000000
1573 4908.0000000000
1625 4937.0000000000
1644 4952.0000000000
1719 4981.0000000000
1760 4989.0000000000
1890 4994.0000000000
1967 5004.0000000000
1994 5024.0000000000
2338 5033.0000000000
2367 5041.0000000000
2379 5050.0000000000
2396 4958.0000000000
evaluations raw_y
1 2571.0000000000
2 2717.0000000000
4 2797.0000000000
22 2837.0000000000
23 2992.0000000000
45 3170.0000000000
69 3195.0000000000
77 3207.0000000000
83 3216.0000000000
111 3321.0000000000
120 3389.0000000000
132 3557.0000000000
147 3584.0000000000
168 3617.0000000000
188 3755.0000000000
201 3767.0000000000
219 3770.0000000000
223 3778.0000000000
226 3826.0000000000
230 4026.0000000000
249 4060.0000000000
268 4140.0000000000
381 4213.0000000000
460 4292.0000000000
508 4416.0000000000
537 4487.0000000000
650 4495.0000000000
758 4534.0000000000
803 4545.0000000000
804 4552.0000000000
834 4577.0000000000
879 4592.0000000000
933 4719.0000000000
1094 4720.0000000000
1097 4821.0000000000
1214 4833.0000000000
1314 4862.0000000000
1345 4867.0000000000
1401 4896.0000000000
1440 4908.0000000000
1468 4934.0000000000
1586 4936.0000000000
1587 4957.0000000000
1641 4967.0000000000
1647 4998.0000000000
1729 5002.0000000000
1744 5009.0000000000
1835 5024.0000000000
1893 5041.0000000000
1980 5042.0000000000
2231 5050.0000000000
2234 4934.0000000000
evaluations raw_y
1 2566.0000000000
2 2644.0000000000
3 2993.0000000000
10 2996.0000000000
15 3068.0000000000
26 3127.0000000000
33 3198.0000000000
38 3204.0000000000
41 3413.0000000000
62 3431.0000000000
85 3486.0000000000
116 3694.0000000000
145 3790.0000000000
159 3793.0000000000
172 3819.0000000000
183 3883.0000000000
208 3964.0000000000
242 4047.0000000000
281 4097.0000000000
317 4103.0000000000
328 4110.0000000000
336 4138.0000000000
343 4168.0000000000
353 4231.0000000000
398 4267.0000000000
406 4271.0000000000
417 4390.0000000000
585 4460.0000000000
666 4469.0000000000
671 4475.0000000000
676 4526.0000000000
772 4558.0000000000
870 4654.0000000000
1010 4707.0000000000
1146 4708.0000000000
1191 4718.0000000000
1197 4725.0000000000
1230 4726.0000000000
1280 4757.0000000000
1317 4761.0000000000
1346 4782.0000000000
1364 4862.0000000000
1381 4884.0000000000
1396 4922.0000000000
1459 4923.0000000000
1479 4931.0000000000
1498 4935.0000000000
1519 4955.0000000000
1557 4960.0000000000
1618 4964.0000000000
1674 4975.0000000000
1716 4987.0000000000
1732 5013.0000000000
1759 5016.0000000000
2300 5031.0000000000
2334 5037.0000000000
2643 5050.0000000000
2648 4883.0000000000
evaluations raw_y
1 2087.0000000000
2 2505.0000000000
4 3031.0000000000
5 3167.0000000000
27 3192.0000000000
31 3256.0000000000
36 3300.0000000000
40 3673.0000000000
78 3686.0000000000
116 3709.0000000000
134 3936.0000000000
203 3939.0000000000
235 4066.0000000000
256 4144.0000000000
274 4184.0000000000
316 4210.0000000000
318 4224.0000000000
346 4279.0000000000
395 4297.0000000000
525 4422.0000000000
552 4461.0000000000
604 4483.0000000000
618 4529.0000000000
706 4590.0000000000
759 4651.0000000000
837 4684.0000000000
974 4697.0000000000
1018 4709.0000000000
1098 4773.0000000000
1109 4777.0000000000
1163 4790.0000000000
1292 4804.0000000000
1305 4806.0000000000
1331 4811.0000000000
1370 4813.0000000000
1409 4825.0000000000
1425 4851.0000000000
1509 4857.0000000000
1512 4858.0000000000
1526 4863.0000000000
1540 4898.0000000000
1552 4901.0000000000
1573 4905.0000000000
1594 4908.0000000000
1607 4914.0000000000
1652 4950.0000000000
1685 4975.0000000000
1701 4982.0000000000
1707 5018.0000000000
1718 5028.0000000000
1765 5032.0000000000
1771 5043.0000000000
1954 5046.0000000000
2377 5050.0000000000
2378 4923.0000000000
evaluations raw_y
1 2071.0000000000
2 2404.0000000000
5 3092.0000000000
39 3141.0000000000
66 3387.0000000000
85 3430.0000000000
94 3602.0000000000
121 3747.0000000000
155 3832.0000000000
177 3875.0000000000
219 3992.0000000000
377 3994.0000000000
383 4065.0000000000
402 4165.0000000000
428 4246.0000000000
440 4257.0000000000
480 4277.0000000000
494 4424.0000000000
574 4441.0000000000
639 4507.0000000000
694 4514.0000000000
744 4538.0000000000
803 4721.0000000000
850 4784.0000000000
954 4852.0000000000
1159 4876.0000000000
1224 4878.0000000000
1294 4966.0000000000
1405 4977.0000000000
1430 5010.0000000000
1446 5020.0000000000
1529 5034.0000000000
1757 5040.0000000000
1934 5042.0000000000
2174 5050.0000000000
2180 4986.0000000000
evaluations raw_y
1 2580.0000000000
2 2984.0000000000
10 3078.0000000000
22 3093.0000000000
25 3492.0000000000
60 3663.0000000000
101 3768.0000000000
115 4040.0000000000
240 4087.0000000000
277 4251.0000000000
318 4265.0000000000
350 4371.0000000000
461 4484.0000000000
638 4528.0000000000
672 4535.0000000000
706 4582.0000000000
720 4599.0000000000
898 4632.0000000000
915 4635.0000000000
972 4728.0000000000
1084 4738.0000000000
1112 4745.0000000000
1156 4802.0000000000
1207 4820.0000000000
1260 4840.0000000000
1280 4844.0000000000
1332 4856.0000000000
1345 4880.0000000000
1394 4915.0000000000
1458 4916.0000000000
1481 4929.0000000000
1512 4941.0000000000
1535 4954.0000000000
1546 4972.0000000000
1555 4994.0000000000
1587 5023.0000000000
1589 5032.0000000000
1593 5037.0000000000
1632 5050.0000000000
1640 4993.0000000000
evaluations raw_y
1 2307.0000000000
2 2396.0000000000
4 2627.0000000000
5 2780.0000000000
11 2806.0000000000
14 2964.0000000000
26 3116.0000000000
39 3301.0000000000
57 3350.0000000000
87 3453.0000000000
94 3530.0000000000
103 3595.0000000000
131 3604.0000000000
137 3668.0000000000
188 3965.0000000000
193 3966.0000000000
201 3999.0000000000
268 4012.0000000000
269 4072.0000000000
292 4104.0000000000
306 4173.0000000000
338 4174.0000000000
353 4182.0000000000
368 4264.0000000000
406 4285.0000000000
421 4289.0000000000
564 4380.0000000000
668 4386.0000000000
675 4432.0000000000
699 4522.0000000000
804 4534.0000000000
817 4537.0000000000
853 4584.0000000000
892 4617.0000000000
921 4620.0000000000
989 4701.0000000000
999 4706.0000000000
1003 4760.0000000000
1046 4788.0000000000
1109 4823.0000000000
1122 4877.0000000000
1265 4892.0000000000
1364 4982.0000000000
1393 4992.0000000000
1424 5010.0000000000
1460 5016.0000000000
1516 5042.0000000000
1659 5043.0000000000
1885 5050.0000000000
1892 5016.0000000000
evaluations raw_y
1 2572.0000000000
2 2814.0000000000
11 2825.0000000000
13 2855.0000000000
16 2925.0000000000
20 3145.0000000000
44 3154.0000000000
48 3187.0000000000
60 3272.0000000000
61 3304.0000000000
64 3523.0000000000
81 3553.0000000000
83 3667.0000000000
94 3706.0000000000
109 3944.0000000000
150 4015.0000000000
160 4036.0000000000
192 4114.0000000000
197 4122.0000000000
223 4206.0000000000
262 4212.0000000000
302 4223.0000000000
333 4361.0000000000
352 4396.0000000000
425 4398.0000000000
582 4422.0000000000
598 4460.0000000000
625 4533.0000000000
784 4595.0000000000
837 4602.0000000000
876 4605.0000000000
901 4646.0000000000
903 4678.0000000000
932 4687.0000000000
1056 4756.0000000000
1104 4763.0000000000
1131 4789.0000000000
1138 4816.0000000000
1144 4868.0000000000
1183 4878.0000000000
1195 4888.0000000000
1397 4946.0000000000
1445 4947.0000000000
1536 4958.0000000000
1537 4970.0000000000
1554 4985.0000000000
1616 5004.0000000000
1663 5016.0000000000
1844 5027.0000000000
1848 5029.0000000000
1862 5039.0000000000
1888 5040.0000000000
1903 5043.0000000000
2208 5050.0000000000
2216 4966.0000000000
evaluations raw_y
1 2555.0000000000
3 2767.0000000000
6 2865.0000000000
18 3009.0000000000
23 3020.0000000000
30 3086.0000000000
40 3102.0000000000
41 3277.0000000000
57 3354.0000000000
86 3443.0000000000
95 3463.0000000000
99 3683.0000000000
151 3919.0000000000
174 4147.0000000000
259 4157.0000000000
297 4442.0000000000
483 4474.0000000000
534 4486.0000000000
556 4521.0000000000
678 4527.0000000000
686 4529.0000000000
694 4552.0000000000
729 4571.0000000000
937 4600.0000000000
975 4613.0000000000
1005 4634.0000000000
1090 4655.0000000000
1098 4689.0000000000
1238 4716.0000000000
1298 4749.0000000000
1333 4750.0000000000
1347 4765.0000000000
1352 4769.0000000000
1369 4782.0000000000
1374 4822.0000000000
1431 4845.0000000000
1461 4846.0000000000
1484 4851.0000000000
1490 4885.0000000000
1538 4888.0000000000
1566 4900.0000000000
1574 4901.0000000000
1603 4909.0000000000
1610 4917.0000000000
1637 4929.0000000000
1652 4939.0000000000
1660 4942.0000000000
1693 4949.0000000000
1711 4953.0000000000
1717 4982.0000000000
1728 5004.0000000000
1754 5014.0000000000
1766 5023.0000000000
1767 5033.0000000000
2091 5036.0000000000
2239 5045.0000000000
2396 5050.0000000000
evaluations raw_y
1 2502.0000000000
2 3178.0000000000
22 3232.0000000000
32 3481.0000000000
63 3527.0000000000
76 3878.0000000000
127 4137.0000000000
190 4188.0000000000
220 4249.0000000000
238 4263.0000000000
293 4294.0000000000
487 4311.0000000000
490 4321.0000000000
517 4403.0000000000
534 4434.0000000000
548 4497.0000000000
600 4523.0000000000
625 4536.0000000000
736 4608.0000000000
796 4615.0000000000
800 4634.0000000000
809 4660.0000000000
869 4715.0000000000
912 4727.0000000000
952 4777.0000000000
1063 4807.0000000000
1107 4816.0000000000
1135 4826.0000000000
1266 4847.0000000000
1283 4852.0000000000
1291 4862.0000000000
1347 4892.0000000000
1375 4909.0000000000
1414 4924.0000000000
1441 4940.0000000000
1451 4948.0000000000
1518 4955.0000000000
1544 4962.0000000000
1586 4965.0000000000
1593 4969.0000000000
1595 4971.0000000000
1623 4978.0000000000
1632 4982.0000000000
1643 5003.0000000000
1681 5025.0000000000
1721 5029.0000000000
1744 5037.0000000000
1803 5042.0000000000
1925 5048.0000000000
2087 5050.0000000000
2090 5014.0000000000
