evaluations raw_y
1 0.0000000000
121 1.0000000000
291 3.0000000000
331 5.0000000000
367 7.0000000000
596 11.0000000000
646 13.0000000000
885 15.0000000000
979 16.0000000000
1180 17.0000000000
1497 18.0000000000
1509 19.0000000000
1681 22.0000000000
1708 23.0000000000
1868 25.0000000000
2038 29.0000000000
2048 30.0000000000
2174 35.0000000000
2314 36.0000000000
2380 39.0000000000
2410 40.0000000000
2555 42.0000000000
2573 43.0000000000
2687 46.0000000000
2724 47.0000000000
2761 51.0000000000
2789 53.0000000000
2842 57.0000000000
2907 60.0000000000
2910 61.0000000000
3002 62.0000000000
3013 63.0000000000
3279 67.0000000000
3332 69.0000000000
3371 70.0000000000
3471 71.0000000000
3483 72.0000000000
3722 75.0000000000
3741 77.0000000000
3949 78.0000000000
4113 80.0000000000
4120 84.0000000000
4180 88.0000000000
4222 89.0000000000
4312 91.0000000000
4405 92.0000000000
4492 97.0000000000
4527 98.0000000000
4993 100.0000000000
100001 99.0000000000
evaluations raw_y
1 1.0000000000
25 4.0000000000
37 5.0000000000
302 6.0000000000
347 7.0000000000
415 8.0000000000
505 9.0000000000
573 10.0000000000
594 11.0000000000
632 12.0000000000
642 16.0000000000
711 20.0000000000
987 23.0000000000
1002 24.0000000000
1275 25.0000000000
1278 28.0000000000
1330 29.0000000000
1340 31.0000000000
1353 33.0000000000
1496 35.0000000000
1526 39.0000000000
1588 40.0000000000
1734 42.0000000000
1832 43.0000000000
1881 45.0000000000
1925 49.0000000000
1944 50.0000000000
1970 51.0000000000
2160 53.0000000000
2234 54.0000000000
2247 55.0000000000
2297 56.0000000000
2357 57.0000000000
2421 59.0000000000
2848 60.0000000000
3063 63.0000000000
3078 64.0000000000
3287 70.0000000000
3454 74.0000000000
3963 75.0000000000
4103 76.0000000000
4239 78.0000000000
4468 79.0000000000
4739 82.0000000000
4783 92.0000000000
4790 97.0000000000
4795 98.0000000000
4988 99.0000000000
5063 100.0000000000
100001 50.0000000000
evaluations raw_y
1 0.0000000000
159 2.0000000000
254 3.0000000000
255 5.0000000000
652 8.0000000000
750 9.0000000000
861 12.0000000000
930 13.0000000000
943 14.0000000000
1055 15.0000000000
1076 18.0000000000
1128 20.0000000000
1222 21.0000000000
1424 22.0000000000
1465 25.0000000000
1490 26.0000000000
1536 34.0000000000
1548 44.0000000000
1959 46.0000000000
2059 49.0000000000
2310 50.0000000000
2316 53.0000000000
2544 54.0000000000
2592 55.0000000000
2814 56.0000000000
2859 59.0000000000
3121 60.0000000000
3132 62.0000000000
3148 65.0000000000
3495 66.0000000000
3496 68.0000000000
3560 71.0000000000
4119 72.0000000000
4124 73.0000000000
4146 75.0000000000
4499 76.0000000000
4538 77.0000000000
4600 79.0000000000
4638 81.0000000000
4827 82.0000000000
4832 85.0000000000
5119 95.0000000000
5143 97.0000000000
5286 100.0000000000
100001 6.0000000000
evaluations raw_y
1 0.0000000000
81 1.0000000000
105 2.0000000000
135 6.0000000000
321 7.0000000000
469 8.0000000000
494 9.0000000000
727 10.0000000000
739 11.0000000000
747 12.0000000000
752 14.0000000000
777 15.0000000000
1022 16.0000000000
1109 18.0000000000
1111 19.0000000000
1289 21.0000000000
1373 22.0000000000
1469 30.0000000000
1483 35.0000000000
1502 41.0000000000
1558 43.0000000000
1563 44.0000000000
1669 45.0000000000
2032 47.0000000000
2069 50.0000000000
2081 54.0000000000
2109 55.0000000000
2115 56.0000000000
2212 61.0000000000
2323 62.0000000000
2369 63.0000000000
2522 65.0000000000
2757 66.0000000000
2773 70.0000000000
2783 71.0000000000
2854 72.0000000000
3028 76.0000000000
3049 78.0000000000
3066 79.0000000000
3099 81.0000000000
3248 82.0000000000
3385 83.0000000000
3421 84.0000000000
3525 85.0000000000
3590 89.0000000000
3619 90.0000000000
4059 91.0000000000
4104 92.0000000000
4164 94.0000000000
4165 95.0000000000
4246 96.0000000000
4274 97.0000000000
4516 100.0000000000
100001 10.0000000000
evaluations raw_y
1 1.0000000000
38 3.0000000000
57 5.0000000000
210 6.0000000000
492 7.0000000000
524 10.0000000000
574 12.0000000000
608 13.0000000000
702 14.0000000000
788 16.0000000000
857 18.0000000000
1243 20.0000000000
1273 21.0000000000
1453 23.0000000000
1686 24.0000000000
1743 25.0000000000
1865 26.0000000000
1971 27.0000000000
2067 28.0000000000
2204 29.0000000000
2343 30.0000000000
2354 32.0000000000
2562 33.0000000000
2816 35.0000000000
2880 36.0000000000
2898 38.0000000000
2967 39.0000000000
2979 41.0000000000
3078 42.0000000000
3144 43.0000000000
3189 45.0000000000
3195 47.0000000000
3441 49.0000000000
3696 50.0000000000
3819 54.0000000000
3907 56.0000000000
3998 59.0000000000
4053 62.0000000000
4197 63.0000000000
4335 64.0000000000
4336 66.0000000000
4343 67.0000000000
4392 69.0000000000
4434 73.0000000000
4459 77.0000000000
4507 78.0000000000
4758 79.0000000000
4775 80.0000000000
4874 81.0000000000
5201 82.0000000000
5336 84.0000000000
5569 85.0000000000
5849 90.0000000000
5853 92.0000000000
5937 93.0000000000
6013 98.0000000000
6047 100.0000000000
100001 68.0000000000
evaluations raw_y
1 0.0000000000
120 2.0000000000
179 4.0000000000
343 5.0000000000
368 6.0000000000
524 7.0000000000
720 9.0000000000
770 10.0000000000
775 12.0000000000
901 14.0000000000
921 19.0000000000
966 25.0000000000
1183 26.0000000000
1231 28.0000000000
1459 29.0000000000
1520 30.0000000000
1531 33.0000000000
1615 34.0000000000
1661 37.0000000000
1779 38.0000000000
1805 39.0000000000
1818 41.0000000000
1832 42.0000000000
2024 43.0000000000
2094 44.0000000000
2242 45.0000000000
2473 46.0000000000
2530 47.0000000000
2532 50.0000000000
2570 51.0000000000
2648 55.0000000000
2697 56.0000000000
2740 57.0000000000
2760 62.0000000000
2762 65.0000000000
2855 67.0000000000
3011 72.0000000000
3138 77.0000000000
3190 80.0000000000
3352 81.0000000000
3386 82.0000000000
3387 84.0000000000
4095 88.0000000000
4180 90.0000000000
4254 91.0000000000
4555 95.0000000000
4673 96.0000000000
4869 97.0000000000
4897 98.0000000000
5022 99.0000000000
5080 100.0000000000
100001 58.0000000000
evaluations raw_y
1 0.0000000000
49 1.0000000000
164 2.0000000000
212 6.0000000000
242 10.0000000000
311 11.0000000000
499 13.0000000000
659 14.0000000000
782 20.0000000000
805 21.0000000000
970 22.0000000000
1106 23.0000000000
1208 28.0000000000
1233 33.0000000000
1314 34.0000000000
1356 35.0000000000
1445 36.0000000000
1578 37.0000000000
1627 43.0000000000
1776 47.0000000000
1854 48.0000000000
2072 51.0000000000
2126 52.0000000000
2240 55.0000000000
2338 57.0000000000
2389 61.0000000000
2930 63.0000000000
2933 69.0000000000
2983 79.0000000000
3082 82.0000000000
3326 86.0000000000
3500 87.0000000000
3982 89.0000000000
4013 90.0000000000
4161 91.0000000000
4267 92.0000000000
4427 95.0000000000
4501 96.0000000000
4758 100.0000000000
100001 74.0000000000
evaluations raw_y
1 3.0000000000
16 4.0000000000
107 5.0000000000
172 10.0000000000
246 16.0000000000
297 17.0000000000
328 18.0000000000
525 19.0000000000
896 21.0000000000
913 22.0000000000
1001 25.0000000000
1362 26.0000000000
1444 29.0000000000
1634 31.0000000000
1828 38.0000000000
2086 39.0000000000
2146 40.0000000000
2197 41.0000000000
2429 42.0000000000
2480 46.0000000000
2640 47.0000000000
2921 48.0000000000
2966 49.0000000000
3101 50.0000000000
3367 51.0000000000
3401 52.0000000000
3460 53.0000000000
3482 54.0000000000
3504 60.0000000000
3530 63.0000000000
3646 65.0000000000
3760 66.0000000000
3924 67.0000000000
3960 68.0000000000
4087 70.0000000000
4184 71.0000000000
4186 74.0000000000
4478 76.0000000000
4513 79.0000000000
4606 80.0000000000
4654 82.0000000000
4815 86.0000000000
4841 88.0000000000
5329 89.0000000000
5544 91.0000000000
5577 93.0000000000
5595 95.0000000000
5596 97.0000000000
5617 99.0000000000
6155 100.0000000000
100001 15.0000000000
evaluations raw_y
1 0.0000000000
47 1.0000000000
137 5.0000000000
381 6.0000000000
448 7.0000000000
551 9.0000000000
840 10.0000000000
848 11.0000000000
1024 16.0000000000
1191 18.0000000000
1282 23.0000000000
1330 26.0000000000
1502 31.0000000000
1523 35.0000000000
1539 39.0000000000
1687 44.0000000000
1693 45.0000000000
1810 47.0000000000
1944 49.0000000000
2062 50.0000000000
2086 52.0000000000
2094 53.0000000000
2141 56.0000000000
2154 60.0000000000
2172 62.0000000000
2218 64.0000000000
2329 66.0000000000
2388 69.0000000000
2401 72.0000000000
2411 74.0000000000
2555 75.0000000000
2562 76.0000000000
2638 77.0000000000
2831 80.0000000000
2864 82.0000000000
2958 83.0000000000
3053 85.0000000000
3154 86.0000000000
3216 87.0000000000
3268 88.0000000000
3347 89.0000000000
3433 90.0000000000
3467 92.0000000000
3517 93.0000000000
3561 95.0000000000
3739 98.0000000000
3760 100.0000000000
100001 18.0000000000
evaluations raw_y
1 1.0000000000
21 2.0000000000
241 3.0000000000
293 5.0000000000
504 7.0000000000
761 8.0000000000
834 12.0000000000
899 13.0000000000
958 14.0000000000
1183 15.0000000000
1216 16.0000000000
1296 17.0000000000
1324 20.0000000000
1358 22.0000000000
1377 25.0000000000
1382 29.0000000000
1426 33.0000000000
1484 35.0000000000
1564 37.0000000000
2045 38.0000000000
2069 41.0000000000
2078 45.0000000000
2113 51.0000000000
2367 52.0000000000
2450 55.0000000000
2553 56.0000000000
2810 58.0000000000
3069 61.0000000000
3203 65.0000000000
3213 67.0000000000
3426 68.0000000000
3639 69.0000000000
3651 70.0000000000
3830 72.0000000000
3869 74.0000000000
4131 75.0000000000
4154 76.0000000000
4223 77.0000000000
4442 79.0000000000
4475 81.0000000000
4481 82.0000000000
4488 83.0000000000
4606 86.0000000000
4677 88.0000000000
4818 89.0000000000
5173 91.0000000000
5188 92.0000000000
5276 94.0000000000
5318 98.0000000000
5426 100.0000000000
100001 28.0000000000
