evaluations raw_y
1 -0.4971130580
7 -0.4864479827
11 -0.4759726070
31 -0.4752596276
41 -0.4547396754
48 -0.4458136268
68 -0.4456458229
89 -0.4378654839
92 -0.4303189834
96 -0.4182388908
128 -0.4100144271
165 -0.4050625434
180 -0.4004199889
215 -0.3969209137
262 -0.3753549914
343 -0.3709310784
358 -0.3702505175
369 -0.3659282063
391 -0.3561648865
415 -0.3533115381
433 -0.3528565406
454 -0.3423460115
496 -0.3406460160
530 -0.3389755271
534 -0.3342315582
612 -0.3285139210
658 -0.3282382684
675 -0.3241264388
693 -0.3240000334
730 -0.3239195293
773 -0.3237931238
796 -0.3229910215
809 -0.3227841120
840 -0.3215538218
927 -0.3212222478
935 -0.3205077890
965 -0.3179936685
969 -0.3178672630
1004 -0.3152433785
1028 -0.3139825825
1034 -0.3127110742
1052 -0.3125080673
1093 -0.3122992332
1110 -0.3111144729
1113 -0.3086233867
1123 -0.3070203044
1268 -0.3070119193
1307 -0.3062422128
1426 -0.3009225770
1507 -0.3009141918
1526 -0.3001602792
1565 -0.3001518941
1730 -0.2994401973
1741 -0.2986862846
1819 -0.2986778995
1892 -0.2981080156
2311 -0.2958002651
100000 -0.2958002651
evaluations raw_y
1 -0.5094976607
4 -0.4971232946
22 -0.4872373177
31 -0.4614785221
69 -0.4594086057
93 -0.4462393564
114 -0.4372540978
135 -0.4359843054
142 -0.4172436751
165 -0.4126353791
218 -0.4070211402
220 -0.4023219170
253 -0.3830312524
335 -0.3802654013
342 -0.3774976966
351 -0.3711481536
379 -0.3707806593
399 -0.3693631867
420 -0.3685152953
426 -0.3611926678
445 -0.3558598835
460 -0.3558104305
490 -0.3527579386
544 -0.3501577229
568 -0.3480104386
591 -0.3450009711
675 -0.3441991300
706 -0.3435679784
719 -0.3379240168
742 -0.3352698868
776 -0.3350089894
781 -0.3319965831
827 -0.3308866201
828 -0.3301937017
864 -0.3297347467
896 -0.3254691408
962 -0.3251927100
986 -0.3217050478
1099 -0.3209032068
1289 -0.3185428767
1310 -0.3182188384
1569 -0.3177491711
1572 -0.3169473301
1672 -0.3161850323
1722 -0.3154069407
1941 -0.3149974974
1957 -0.3146659234
2420 -0.3128945444
5403 -0.3127767368
5532 -0.3112961706
5542 -0.3074175411
10811 -0.3055788562
47364 -0.3033619239
47383 -0.3021011279
54959 -0.3005125265
55229 -0.3003861210
55819 -0.2950664852
100000 -0.3035805076
evaluations raw_y
1 -0.4985400405
3 -0.4814931192
18 -0.4674227851
27 -0.4369015726
110 -0.4246538958
151 -0.4113296046
162 -0.3978262590
224 -0.3929105189
251 -0.3910174596
291 -0.3829042117
317 -0.3811720260
319 -0.3780118706
365 -0.3686074336
409 -0.3641478976
474 -0.3624005522
481 -0.3612584049
500 -0.3603531842
531 -0.3595012730
553 -0.3547469722
562 -0.3531558093
587 -0.3522753582
626 -0.3513852654
658 -0.3497838580
707 -0.3484690532
806 -0.3476116409
808 -0.3454813573
846 -0.3450715086
870 -0.3448647750
879 -0.3435969708
892 -0.3421071335
921 -0.3402981211
944 -0.3336447584
977 -0.3301969206
1049 -0.3276789408
1244 -0.3272047417
1251 -0.3240751648
1253 -0.3222507531
1493 -0.3204478007
1540 -0.3198881323
1547 -0.3193459758
1568 -0.3180851798
1740 -0.3173441625
4995 -0.3134660900
7429 -0.3121058924
7838 -0.3102348731
20938 -0.3101170656
21195 -0.3047578698
23691 -0.3041289800
41066 -0.3011807229
75497 -0.2998547250
100000 -0.3082502361
evaluations raw_y
1 -0.5466751763
2 -0.5091395198
3 -0.5073935697
6 -0.4831062366
7 -0.4755999684
12 -0.4731744489
30 -0.4721081056
32 -0.4320344894
67 -0.4083043933
141 -0.3995264651
192 -0.3965468375
203 -0.3888741786
239 -0.3869889360
268 -0.3812233432
285 -0.3749372179
333 -0.3697640159
340 -0.3668341753
395 -0.3568744165
403 -0.3544798284
408 -0.3542109840
424 -0.3520063192
483 -0.3484373829
485 -0.3469817666
518 -0.3436698156
537 -0.3426594165
557 -0.3385904899
592 -0.3336896538
616 -0.3334510325
632 -0.3316266208
650 -0.3311242475
668 -0.3310328656
694 -0.3288447991
724 -0.3260407488
783 -0.3257960313
821 -0.3244740157
894 -0.3237329984
918 -0.3211569948
1026 -0.3204159774
1039 -0.3178733973
1054 -0.3166431072
1112 -0.3163115331
1255 -0.3145085807
1510 -0.3144515179
1512 -0.3135075403
1604 -0.3130928950
1655 -0.3130358322
1762 -0.3124933601
1769 -0.3080705127
1790 -0.3073294953
1863 -0.3072724325
2173 -0.3066188674
12277 -0.3059910157
12326 -0.3027407949
14693 -0.2997925378
24111 -0.2982772775
55509 -0.2981594699
55628 -0.2964866023
55656 -0.2940717825
55665 -0.2928002742
100000 -0.3030351607
evaluations raw_y
1 -0.5250298926
2 -0.4919950512
4 -0.4772508003
12 -0.4526726122
17 -0.4482739585
81 -0.4478791645
84 -0.4373714789
121 -0.4250428684
123 -0.4173442335
182 -0.4080434431
194 -0.4041462361
207 -0.3887348092
212 -0.3840111369
273 -0.3808516643
297 -0.3648100036
320 -0.3589641822
363 -0.3546815221
371 -0.3443071846
473 -0.3429806910
498 -0.3374680289
522 -0.3359009071
533 -0.3355768689
564 -0.3349181305
565 -0.3347410424
582 -0.3340194260
586 -0.3327191061
618 -0.3321566873
635 -0.3290084966
734 -0.3279994847
784 -0.3273034339
797 -0.3209859500
876 -0.3199769382
883 -0.3195242501
892 -0.3185029436
927 -0.3173228081
930 -0.3150229496
952 -0.3123688196
990 -0.3116065218
1109 -0.3110366379
1158 -0.3108948250
1172 -0.3101325272
1178 -0.3095626433
1225 -0.3062632503
1279 -0.3050329602
1297 -0.3035589656
1375 -0.3032273916
1411 -0.3028629148
1487 -0.3022463325
1573 -0.3019147585
1807 -0.3018660808
1812 -0.3018576957
2004 -0.3011166783
5980 -0.2992779934
79235 -0.2958002651
100000 -0.3147937374
evaluations raw_y
1 -0.5248791564
2 -0.5036219699
8 -0.4835824054
14 -0.4307294156
38 -0.4201055683
80 -0.4192656340
127 -0.4122944757
140 -0.4122819296
165 -0.4043319127
199 -0.3944875796
213 -0.3895358623
253 -0.3885809395
271 -0.3778303420
350 -0.3680118739
402 -0.3666412355
421 -0.3646108280
428 -0.3620960336
444 -0.3606155101
447 -0.3593009611
477 -0.3538944702
515 -0.3471706818
542 -0.3462468247
558 -0.3451367307
624 -0.3430820829
668 -0.3421955616
688 -0.3413998579
704 -0.3401283496
738 -0.3399904472
778 -0.3395807873
788 -0.3351498399
811 -0.3349519209
824 -0.3338783316
825 -0.3321297278
866 -0.3318942881
887 -0.3242150960
987 -0.3193985102
994 -0.3188275894
1044 -0.3172453509
1097 -0.3151957510
1177 -0.3145791687
1193 -0.3127762163
1215 -0.3098761151
1280 -0.3088750748
1345 -0.3078660629
1347 -0.3070721223
1426 -0.3064555401
1469 -0.3044025725
1477 -0.3022605909
1500 -0.3016440086
1519 -0.3013124346
1607 -0.3006163838
1873 -0.2996073719
1984 -0.2983770818
3427 -0.2983686966
7651 -0.2965300117
9364 -0.2935817546
30089 -0.2920664943
100000 -0.2963637867
evaluations raw_y
1 -0.5394899782
2 -0.4484264882
3 -0.4432871962
27 -0.4424668816
46 -0.4281117139
79 -0.4256538924
125 -0.3973398123
210 -0.3958637736
216 -0.3874201592
254 -0.3834626499
281 -0.3829787652
301 -0.3755183911
311 -0.3698651480
323 -0.3677835581
357 -0.3553169922
389 -0.3551530913
435 -0.3478684875
448 -0.3476609641
497 -0.3404464329
538 -0.3401607688
631 -0.3396806488
653 -0.3394181523
658 -0.3373782769
675 -0.3363703368
702 -0.3350988285
862 -0.3338685383
901 -0.3327910781
908 -0.3315607879
933 -0.3312292139
979 -0.3312144083
985 -0.3294838832
1011 -0.3284064230
1051 -0.3275077068
1067 -0.3271761328
1121 -0.3254652373
1174 -0.3244641969
1238 -0.3239840769
1425 -0.3213299469
1622 -0.3212728841
1784 -0.3200804540
5029 -0.3185651937
5063 -0.3164839671
5146 -0.3119700794
8268 -0.3103814780
8647 -0.3102550726
9113 -0.3071933666
9131 -0.3052670108
9141 -0.3049354367
10251 -0.3030967518
17933 -0.3021798159
18660 -0.3019729064
19959 -0.2962704222
29185 -0.2947551619
51657 -0.2941262721
85936 -0.2928002742
100000 -0.3017424565
evaluations raw_y
1 -0.4758624801
7 -0.4517005494
10 -0.4389470012
60 -0.4299882251
133 -0.4248259279
134 -0.4079611706
167 -0.4046575221
212 -0.3966534438
217 -0.3917455535
236 -0.3802808757
287 -0.3708603101
328 -0.3708466426
342 -0.3559080350
380 -0.3515201734
393 -0.3493443525
396 -0.3445898839
490 -0.3435888435
521 -0.3405246190
537 -0.3367714418
575 -0.3341458751
614 -0.3325253566
641 -0.3300806102
681 -0.3292003794
695 -0.3272790183
703 -0.3260865881
795 -0.3247660256
860 -0.3246295633
879 -0.3241494433
906 -0.3215226986
942 -0.3208187183
971 -0.3202021360
1138 -0.3184257346
1169 -0.3171051721
1170 -0.3164885898
1266 -0.3149670514
1731 -0.3140501155
2161 -0.3139930527
2207 -0.3137861432
2320 -0.3137816981
2361 -0.3135118466
2362 -0.3080836590
3227 -0.3045593669
24566 -0.3044415594
100000 -0.3090720415
evaluations raw_y
1 -0.4954691854
4 -0.4834249950
10 -0.4627785123
51 -0.4421692895
78 -0.4374642517
142 -0.4360224569
162 -0.4330628558
164 -0.4269754185
198 -0.4263715811
209 -0.4253220250
216 -0.4232781907
218 -0.4224358128
231 -0.4132161666
254 -0.4115044848
261 -0.4095681536
271 -0.4013066747
297 -0.3975689270
300 -0.3971963433
318 -0.3862490170
349 -0.3681929391
437 -0.3655534545
506 -0.3644862376
542 -0.3632457040
580 -0.3609564592
588 -0.3605915740
596 -0.3580324808
601 -0.3569652640
624 -0.3557247303
629 -0.3512899862
648 -0.3502227694
675 -0.3450858275
742 -0.3427780770
758 -0.3424316975
780 -0.3415108161
792 -0.3411644365
839 -0.3388566861
868 -0.3384130515
939 -0.3333553586
1043 -0.3323543182
1160 -0.3317844343
1254 -0.3311678520
1320 -0.3311594669
1415 -0.3269615074
1434 -0.3269531223
1482 -0.3261834159
1551 -0.3261750307
1653 -0.3254423985
1656 -0.3254340134
1685 -0.3253769505
1690 -0.3239699163
1715 -0.3239128535
1720 -0.3232288989
1887 -0.3231718361
3297 -0.3215832347
3927 -0.3214568292
4080 -0.3161371934
7656 -0.3151948365
7679 -0.3125407065
7860 -0.3080268189
12315 -0.3061881340
19820 -0.3055592442
31714 -0.3016811717
42822 -0.3003551738
88259 -0.2974069167
100000 -0.3231071315
evaluations raw_y
1 -0.4904308620
3 -0.4741188294
29 -0.4733377299
31 -0.4502160775
63 -0.4365195584
97 -0.4235465533
178 -0.4232910240
194 -0.4191110936
201 -0.4051042691
212 -0.4044269976
244 -0.4035248493
281 -0.3966597870
301 -0.3951379310
306 -0.3922265267
342 -0.3880154762
351 -0.3857791368
367 -0.3795371271
404 -0.3773404999
412 -0.3766951864
466 -0.3736940609
469 -0.3733597683
473 -0.3733122805
475 -0.3607433242
517 -0.3601152050
574 -0.3592404843
575 -0.3483879501
602 -0.3471955200
656 -0.3457701453
674 -0.3428303342
804 -0.3378770717
833 -0.3352229417
916 -0.3344448501
1050 -0.3282801884
1075 -0.3251735994
1092 -0.3243955078
1251 -0.3240714696
1295 -0.3233091718
1374 -0.3225974750
1383 -0.3194499044
1435 -0.3177386010
1496 -0.3176518716
1526 -0.3168811887
1597 -0.3162646064
1711 -0.3147684378
1730 -0.3141518555
2126 -0.3140947927
2270 -0.3122918403
31372 -0.3107032389
31501 -0.3105768334
31684 -0.3052571976
47581 -0.3017329055
96262 -0.3004069076
100000 -0.3004069076
