evaluations raw_y
1 -221.0000000000
2 -210.0000000000
5 -205.0000000000
6 -191.0000000000
24 -190.0000000000
36 -189.0000000000
37 -188.0000000000
54 -185.0000000000
68 -172.0000000000
77 -169.0000000000
80 -161.0000000000
96 -160.0000000000
191 -157.0000000000
202 -155.0000000000
217 -152.0000000000
256 -150.0000000000
324 -149.0000000000
352 -147.0000000000
392 -143.0000000000
423 -140.0000000000
450 -137.0000000000
589 -134.0000000000
694 -133.0000000000
743 -130.0000000000
890 -129.0000000000
939 -120.0000000000
1037 -117.0000000000
1070 -115.0000000000
1104 -110.0000000000
1193 -108.0000000000
1213 -107.0000000000
1223 -104.0000000000
1370 -97.0000000000
1420 -96.0000000000
1426 -94.0000000000
1472 -91.0000000000
1518 -90.0000000000
1535 -89.0000000000
1560 -86.0000000000
1592 -85.0000000000
1604 -83.0000000000
1623 -81.0000000000
1627 -80.0000000000
1665 -79.0000000000
1677 -78.0000000000
1685 -77.0000000000
1696 -76.0000000000
1731 -73.0000000000
1752 -72.0000000000
1812 -71.0000000000
1837 -66.0000000000
1910 -64.0000000000
1934 -63.0000000000
1947 -61.0000000000
2039 -60.0000000000
2053 -58.0000000000
2096 -57.0000000000
2101 -56.0000000000
2103 -55.0000000000
2150 -54.0000000000
2167 -53.0000000000
2180 -52.0000000000
2181 -51.0000000000
2225 -50.0000000000
2231 -47.0000000000
2281 -46.0000000000
2351 -44.0000000000
2401 -43.0000000000
2470 -42.0000000000
2520 -41.0000000000
2615 -40.0000000000
2622 -37.0000000000
2739 -35.0000000000
2762 -34.0000000000
2778 -33.0000000000
2883 -32.0000000000
2927 -31.0000000000
3328 -30.0000000000
3377 -29.0000000000
3445 -28.0000000000
3726 -27.0000000000
3744 -26.0000000000
3873 -25.0000000000
4176 -24.0000000000
4318 -22.0000000000
4469 -21.0000000000
4612 -20.0000000000
4715 -19.0000000000
5305 -18.0000000000
5751 -17.0000000000
5807 -16.0000000000
6178 -15.0000000000
6316 -14.0000000000
6624 -13.0000000000
6626 -12.0000000000
6635 -11.0000000000
6713 -10.0000000000
7185 -9.0000000000
7263 -8.0000000000
7290 -6.0000000000
7552 -4.0000000000
7591 -3.0000000000
8586 -2.0000000000
8645 -1.0000000000
9002 375.0000000000
9051 377.0000000000
9115 396.0000000000
9326 398.0000000000
9566 400.0000000000
9875 402.0000000000
9902 407.0000000000
10010 -6.0000000000
evaluations raw_y
1 -218.0000000000
3 -217.0000000000
4 -212.0000000000
8 -211.0000000000
22 -204.0000000000
28 -196.0000000000
40 -195.0000000000
58 -188.0000000000
103 -187.0000000000
110 -174.0000000000
115 -173.0000000000
133 -171.0000000000
163 -170.0000000000
165 -169.0000000000
171 -168.0000000000
189 -160.0000000000
201 -158.0000000000
206 -157.0000000000
233 -155.0000000000
296 -149.0000000000
344 -145.0000000000
367 -143.0000000000
389 -131.0000000000
637 -128.0000000000
838 -122.0000000000
972 -121.0000000000
979 -115.0000000000
1023 -111.0000000000
1176 -110.0000000000
1230 -109.0000000000
1259 -108.0000000000
1285 -106.0000000000
1291 -105.0000000000
1320 -104.0000000000
1321 -103.0000000000
1345 -102.0000000000
1382 -101.0000000000
1383 -100.0000000000
1399 -94.0000000000
1437 -93.0000000000
1480 -92.0000000000
1498 -91.0000000000
1513 -89.0000000000
1516 -88.0000000000
1554 -87.0000000000
1555 -86.0000000000
1577 -84.0000000000
1591 -82.0000000000
1623 -81.0000000000
1651 -80.0000000000
1661 -77.0000000000
1712 -76.0000000000
1719 -73.0000000000
1772 -72.0000000000
1797 -70.0000000000
1831 -69.0000000000
1841 -68.0000000000
1873 -67.0000000000
1909 -65.0000000000
1916 -62.0000000000
2000 -61.0000000000
2019 -60.0000000000
2066 -59.0000000000
2087 -58.0000000000
2140 -57.0000000000
2229 -55.0000000000
2239 -54.0000000000
2327 -53.0000000000
2377 -51.0000000000
2395 -49.0000000000
2405 -48.0000000000
2420 -47.0000000000
2486 -46.0000000000
2518 -45.0000000000
2563 -44.0000000000
2601 -43.0000000000
2689 -42.0000000000
2715 -41.0000000000
2813 -38.0000000000
2881 -33.0000000000
2900 -32.0000000000
2919 -30.0000000000
3089 -29.0000000000
3133 -27.0000000000
3289 -26.0000000000
3482 -25.0000000000
3540 -24.0000000000
3585 -23.0000000000
3610 -22.0000000000
3640 -21.0000000000
3672 -20.0000000000
3775 -19.0000000000
3902 -18.0000000000
4098 -17.0000000000
4440 -16.0000000000
4655 -15.0000000000
5000 -14.0000000000
5531 -12.0000000000
6219 -11.0000000000
7179 -10.0000000000
7308 -9.0000000000
7377 -8.0000000000
7448 -7.0000000000
7767 -6.0000000000
8118 -5.0000000000
8231 -4.0000000000
8929 -3.0000000000
9117 -2.0000000000
9563 -1.0000000000
9833 356.0000000000
9968 376.0000000000
10010 -1.0000000000
evaluations raw_y
1 -213.0000000000
3 -198.0000000000
29 -189.0000000000
55 -187.0000000000
58 -175.0000000000
89 -172.0000000000
104 -171.0000000000
106 -170.0000000000
111 -169.0000000000
138 -168.0000000000
146 -166.0000000000
166 -164.0000000000
172 -160.0000000000
194 -157.0000000000
269 -156.0000000000
286 -150.0000000000
357 -149.0000000000
419 -141.0000000000
628 -139.0000000000
638 -128.0000000000
702 -126.0000000000
711 -122.0000000000
767 -120.0000000000
843 -119.0000000000
977 -118.0000000000
1040 -115.0000000000
1052 -112.0000000000
1210 -106.0000000000
1333 -105.0000000000
1361 -103.0000000000
1389 -100.0000000000
1441 -99.0000000000
1517 -98.0000000000
1521 -97.0000000000
1531 -95.0000000000
1536 -94.0000000000
1566 -92.0000000000
1570 -90.0000000000
1626 -86.0000000000
1670 -85.0000000000
1673 -84.0000000000
1679 -82.0000000000
1685 -81.0000000000
1703 -80.0000000000
1730 -78.0000000000
1756 -77.0000000000
1761 -76.0000000000
1794 -75.0000000000
1818 -74.0000000000
1862 -72.0000000000
1864 -71.0000000000
1887 -68.0000000000
2008 -66.0000000000
2051 -63.0000000000
2088 -62.0000000000
2133 -61.0000000000
2181 -59.0000000000
2242 -58.0000000000
2287 -56.0000000000
2310 -55.0000000000
2321 -53.0000000000
2388 -52.0000000000
2416 -51.0000000000
2468 -49.0000000000
2561 -47.0000000000
2611 -45.0000000000
2631 -43.0000000000
2695 -41.0000000000
2751 -37.0000000000
2920 -36.0000000000
2946 -35.0000000000
2997 -32.0000000000
3287 -30.0000000000
3346 -29.0000000000
3354 -28.0000000000
3618 -27.0000000000
3736 -26.0000000000
3872 -24.0000000000
3903 -23.0000000000
3939 -22.0000000000
4112 -21.0000000000
4136 -19.0000000000
4303 -18.0000000000
4458 -17.0000000000
4565 -16.0000000000
4638 -15.0000000000
4711 -14.0000000000
4759 -13.0000000000
4934 -12.0000000000
5025 -11.0000000000
5587 -10.0000000000
5771 -9.0000000000
5828 -8.0000000000
5947 -7.0000000000
5997 -6.0000000000
6346 -5.0000000000
6518 -3.0000000000
7454 -2.0000000000
7543 -1.0000000000
8211 389.0000000000
9962 396.0000000000
10000 401.0000000000
10010 -7.0000000000
evaluations raw_y
1 -201.0000000000
16 -198.0000000000
21 -192.0000000000
39 -188.0000000000
57 -182.0000000000
60 -180.0000000000
75 -174.0000000000
105 -171.0000000000
134 -169.0000000000
167 -163.0000000000
206 -162.0000000000
207 -159.0000000000
304 -153.0000000000
349 -150.0000000000
371 -148.0000000000
417 -145.0000000000
484 -143.0000000000
496 -137.0000000000
557 -134.0000000000
580 -133.0000000000
603 -132.0000000000
701 -131.0000000000
707 -130.0000000000
767 -126.0000000000
1124 -120.0000000000
1144 -119.0000000000
1177 -118.0000000000
1180 -116.0000000000
1223 -115.0000000000
1301 -112.0000000000
1318 -109.0000000000
1376 -107.0000000000
1404 -106.0000000000
1428 -105.0000000000
1528 -103.0000000000
1579 -102.0000000000
1586 -101.0000000000
1594 -100.0000000000
1608 -99.0000000000
1609 -96.0000000000
1632 -95.0000000000
1635 -91.0000000000
1679 -90.0000000000
1710 -89.0000000000
1716 -88.0000000000
1724 -87.0000000000
1729 -86.0000000000
1776 -85.0000000000
1807 -83.0000000000
1843 -81.0000000000
1894 -79.0000000000
1946 -75.0000000000
1984 -70.0000000000
2023 -69.0000000000
2026 -68.0000000000
2065 -66.0000000000
2074 -65.0000000000
2094 -64.0000000000
2178 -62.0000000000
2195 -61.0000000000
2251 -59.0000000000
2297 -58.0000000000
2347 -56.0000000000
2371 -55.0000000000
2408 -54.0000000000
2421 -50.0000000000
2466 -49.0000000000
2584 -47.0000000000
2627 -46.0000000000
2651 -43.0000000000
2762 -42.0000000000
2808 -41.0000000000
2810 -39.0000000000
2847 -38.0000000000
2862 -37.0000000000
2935 -36.0000000000
2996 -34.0000000000
3016 -32.0000000000
3042 -31.0000000000
3091 -30.0000000000
3237 -29.0000000000
3650 -28.0000000000
3683 -27.0000000000
3798 -26.0000000000
3979 -25.0000000000
4037 -24.0000000000
4279 -22.0000000000
4376 -19.0000000000
4452 -18.0000000000
4711 -17.0000000000
4726 -15.0000000000
5329 -14.0000000000
5515 -13.0000000000
5852 -12.0000000000
6019 -11.0000000000
6372 -10.0000000000
6552 -9.0000000000
6973 -8.0000000000
7125 -6.0000000000
7613 -5.0000000000
7714 -4.0000000000
8323 -3.0000000000
8337 -2.0000000000
8514 -1.0000000000
9835 379.0000000000
10010 -8.0000000000
evaluations raw_y
1 -232.0000000000
2 -213.0000000000
6 -208.0000000000
7 -207.0000000000
8 -200.0000000000
9 -199.0000000000
10 -191.0000000000
12 -186.0000000000
70 -175.0000000000
79 -173.0000000000
101 -168.0000000000
151 -167.0000000000
190 -165.0000000000
203 -157.0000000000
264 -154.0000000000
275 -152.0000000000
294 -147.0000000000
424 -146.0000000000
570 -143.0000000000
652 -142.0000000000
675 -140.0000000000
697 -136.0000000000
709 -135.0000000000
751 -134.0000000000
797 -133.0000000000
826 -131.0000000000
834 -130.0000000000
903 -124.0000000000
1053 -123.0000000000
1071 -122.0000000000
1164 -119.0000000000
1173 -116.0000000000
1191 -110.0000000000
1259 -103.0000000000
1364 -100.0000000000
1371 -99.0000000000
1418 -97.0000000000
1472 -96.0000000000
1522 -94.0000000000
1537 -93.0000000000
1559 -92.0000000000
1562 -90.0000000000
1595 -89.0000000000
1621 -88.0000000000
1625 -86.0000000000
1633 -85.0000000000
1643 -84.0000000000
1659 -82.0000000000
1685 -81.0000000000
1696 -79.0000000000
1719 -78.0000000000
1745 -76.0000000000
1768 -75.0000000000
1792 -74.0000000000
1812 -73.0000000000
1816 -71.0000000000
1830 -70.0000000000
1843 -69.0000000000
1880 -66.0000000000
1907 -65.0000000000
1959 -64.0000000000
1977 -62.0000000000
1987 -61.0000000000
2019 -58.0000000000
2039 -57.0000000000
2078 -56.0000000000
2098 -55.0000000000
2131 -53.0000000000
2172 -48.0000000000
2223 -47.0000000000
2262 -45.0000000000
2290 -43.0000000000
2344 -42.0000000000
2380 -41.0000000000
2441 -40.0000000000
2536 -39.0000000000
2631 -38.0000000000
2725 -37.0000000000
2775 -36.0000000000
2908 -35.0000000000
2944 -34.0000000000
2990 -33.0000000000
3124 -32.0000000000
3163 -31.0000000000
3254 -30.0000000000
3279 -29.0000000000
3433 -28.0000000000
3537 -25.0000000000
3620 -22.0000000000
3816 -20.0000000000
4059 -18.0000000000
4252 -17.0000000000
4272 -16.0000000000
4614 -15.0000000000
4649 -14.0000000000
4763 -13.0000000000
4895 -12.0000000000
5068 -11.0000000000
5377 -10.0000000000
5543 -9.0000000000
6162 -7.0000000000
6393 -5.0000000000
7514 -4.0000000000
7632 -1.0000000000
8567 384.0000000000
9317 390.0000000000
10010 -4.0000000000
evaluations raw_y
1 -242.0000000000
2 -201.0000000000
24 -196.0000000000
36 -189.0000000000
40 -180.0000000000
89 -177.0000000000
134 -172.0000000000
152 -170.0000000000
153 -164.0000000000
172 -154.0000000000
247 -153.0000000000
273 -149.0000000000
334 -146.0000000000
356 -143.0000000000
388 -142.0000000000
423 -141.0000000000
438 -138.0000000000
538 -135.0000000000
583 -134.0000000000
604 -133.0000000000
696 -132.0000000000
709 -131.0000000000
738 -125.0000000000
792 -122.0000000000
845 -121.0000000000
967 -120.0000000000
1052 -119.0000000000
1057 -114.0000000000
1083 -113.0000000000
1110 -110.0000000000
1181 -107.0000000000
1309 -99.0000000000
1371 -96.0000000000
1451 -95.0000000000
1491 -93.0000000000
1502 -92.0000000000
1547 -91.0000000000
1568 -89.0000000000
1600 -87.0000000000
1647 -82.0000000000
1671 -81.0000000000
1674 -80.0000000000
1696 -79.0000000000
1741 -77.0000000000
1762 -75.0000000000
1776 -74.0000000000
1795 -72.0000000000
1866 -70.0000000000
1930 -69.0000000000
1982 -68.0000000000
2060 -66.0000000000
2110 -64.0000000000
2151 -61.0000000000
2178 -60.0000000000
2185 -59.0000000000
2220 -57.0000000000
2247 -55.0000000000
2304 -53.0000000000
2314 -51.0000000000
2417 -50.0000000000
2481 -49.0000000000
2557 -48.0000000000
2572 -47.0000000000
2581 -45.0000000000
2608 -44.0000000000
2678 -42.0000000000
2779 -39.0000000000
2858 -38.0000000000
2944 -35.0000000000
3049 -34.0000000000
3131 -33.0000000000
3458 -32.0000000000
3554 -31.0000000000
3646 -29.0000000000
3801 -28.0000000000
3899 -27.0000000000
3907 -25.0000000000
3960 -24.0000000000
4102 -23.0000000000
4313 -21.0000000000
4655 -20.0000000000
4703 -19.0000000000
4862 -17.0000000000
4977 -16.0000000000
5093 -15.0000000000
5121 -14.0000000000
5240 -13.0000000000
5351 -12.0000000000
5448 -11.0000000000
5536 -10.0000000000
5995 -9.0000000000
7500 -6.0000000000
8061 -5.0000000000
8379 -4.0000000000
8807 -3.0000000000
8888 -1.0000000000
10010 -4.0000000000
evaluations raw_y
1 -223.0000000000
2 -204.0000000000
4 -202.0000000000
24 -201.0000000000
25 -192.0000000000
48 -191.0000000000
49 -182.0000000000
58 -167.0000000000
130 -166.0000000000
133 -165.0000000000
139 -162.0000000000
147 -153.0000000000
165 -151.0000000000
275 -150.0000000000
279 -148.0000000000
296 -145.0000000000
443 -144.0000000000
501 -143.0000000000
531 -141.0000000000
570 -132.0000000000
916 -124.0000000000
1057 -123.0000000000
1061 -122.0000000000
1074 -121.0000000000
1120 -116.0000000000
1138 -113.0000000000
1150 -108.0000000000
1241 -107.0000000000
1259 -105.0000000000
1318 -103.0000000000
1381 -102.0000000000
1394 -100.0000000000
1409 -99.0000000000
1422 -98.0000000000
1428 -97.0000000000
1454 -92.0000000000
1505 -91.0000000000
1539 -90.0000000000
1547 -88.0000000000
1572 -85.0000000000
1580 -83.0000000000
1584 -78.0000000000
1591 -77.0000000000
1624 -76.0000000000
1648 -75.0000000000
1675 -73.0000000000
1685 -72.0000000000
1769 -70.0000000000
1789 -65.0000000000
1808 -64.0000000000
1909 -63.0000000000
1925 -62.0000000000
1974 -61.0000000000
1984 -60.0000000000
2052 -57.0000000000
2089 -55.0000000000
2102 -52.0000000000
2198 -51.0000000000
2244 -50.0000000000
2283 -48.0000000000
2306 -47.0000000000
2339 -43.0000000000
2452 -41.0000000000
2601 -40.0000000000
2666 -38.0000000000
2724 -36.0000000000
2823 -35.0000000000
2901 -31.0000000000
2939 -30.0000000000
2978 -29.0000000000
3088 -28.0000000000
3121 -27.0000000000
3159 -26.0000000000
3273 -25.0000000000
3287 -23.0000000000
3390 -22.0000000000
3489 -20.0000000000
3505 -16.0000000000
3729 -15.0000000000
3798 -14.0000000000
3987 -13.0000000000
4045 -12.0000000000
4122 -11.0000000000
4130 -10.0000000000
4163 -9.0000000000
4299 -7.0000000000
4349 -5.0000000000
4524 -4.0000000000
5129 -3.0000000000
5839 -1.0000000000
6307 386.0000000000
6609 389.0000000000
6755 390.0000000000
7226 403.0000000000
7914 407.0000000000
8205 419.0000000000
10010 -8.0000000000
evaluations raw_y
1 -208.0000000000
2 -204.0000000000
6 -196.0000000000
23 -194.0000000000
25 -193.0000000000
28 -191.0000000000
32 -187.0000000000
43 -178.0000000000
99 -177.0000000000
117 -168.0000000000
126 -159.0000000000
178 -155.0000000000
256 -154.0000000000
306 -151.0000000000
465 -149.0000000000
477 -148.0000000000
543 -142.0000000000
586 -141.0000000000
655 -133.0000000000
722 -128.0000000000
897 -125.0000000000
906 -124.0000000000
923 -123.0000000000
947 -122.0000000000
1006 -121.0000000000
1031 -117.0000000000
1108 -116.0000000000
1180 -112.0000000000
1234 -111.0000000000
1248 -105.0000000000
1272 -102.0000000000
1312 -101.0000000000
1340 -100.0000000000
1376 -98.0000000000
1410 -95.0000000000
1457 -92.0000000000
1476 -88.0000000000
1492 -85.0000000000
1554 -83.0000000000
1557 -80.0000000000
1575 -79.0000000000
1607 -78.0000000000
1611 -77.0000000000
1645 -73.0000000000
1754 -72.0000000000
1782 -71.0000000000
1787 -68.0000000000
1821 -67.0000000000
1852 -66.0000000000
1858 -65.0000000000
1945 -64.0000000000
1965 -61.0000000000
2025 -60.0000000000
2088 -59.0000000000
2113 -58.0000000000
2118 -56.0000000000
2164 -55.0000000000
2214 -54.0000000000
2265 -51.0000000000
2286 -48.0000000000
2323 -46.0000000000
2379 -44.0000000000
2435 -42.0000000000
2455 -38.0000000000
2563 -36.0000000000
2812 -35.0000000000
2830 -34.0000000000
2859 -33.0000000000
2868 -32.0000000000
2869 -31.0000000000
2908 -30.0000000000
2910 -29.0000000000
2920 -28.0000000000
3031 -26.0000000000
3136 -25.0000000000
3211 -24.0000000000
3308 -23.0000000000
3452 -22.0000000000
3466 -21.0000000000
3520 -20.0000000000
3700 -19.0000000000
3770 -17.0000000000
4035 -14.0000000000
4102 -13.0000000000
4214 -12.0000000000
4239 -11.0000000000
4688 -10.0000000000
4841 -9.0000000000
4869 -8.0000000000
5269 -7.0000000000
5820 -5.0000000000
7236 -4.0000000000
7278 -3.0000000000
7525 -2.0000000000
7891 -1.0000000000
8176 359.0000000000
8431 368.0000000000
8549 380.0000000000
8657 393.0000000000
8775 402.0000000000
8830 404.0000000000
9284 409.0000000000
10010 -5.0000000000
evaluations raw_y
1 -217.0000000000
5 -213.0000000000
8 -212.0000000000
9 -210.0000000000
11 -206.0000000000
13 -205.0000000000
17 -204.0000000000
21 -200.0000000000
24 -197.0000000000
27 -192.0000000000
31 -189.0000000000
46 -184.0000000000
47 -179.0000000000
62 -177.0000000000
83 -173.0000000000
138 -172.0000000000
152 -168.0000000000
162 -165.0000000000
231 -152.0000000000
297 -150.0000000000
338 -146.0000000000
434 -144.0000000000
573 -143.0000000000
584 -142.0000000000
585 -139.0000000000
626 -138.0000000000
694 -137.0000000000
748 -134.0000000000
839 -131.0000000000
976 -130.0000000000
1010 -129.0000000000
1031 -126.0000000000
1034 -123.0000000000
1051 -121.0000000000
1101 -117.0000000000
1147 -115.0000000000
1173 -113.0000000000
1207 -109.0000000000
1220 -108.0000000000
1251 -104.0000000000
1310 -103.0000000000
1319 -101.0000000000
1348 -99.0000000000
1357 -96.0000000000
1374 -95.0000000000
1405 -93.0000000000
1453 -92.0000000000
1481 -90.0000000000
1503 -89.0000000000
1523 -86.0000000000
1573 -84.0000000000
1582 -82.0000000000
1608 -78.0000000000
1652 -77.0000000000
1662 -71.0000000000
1712 -70.0000000000
1757 -68.0000000000
1773 -67.0000000000
1789 -66.0000000000
1795 -65.0000000000
1820 -64.0000000000
1824 -62.0000000000
1848 -61.0000000000
1866 -58.0000000000
1995 -55.0000000000
2178 -54.0000000000
2189 -53.0000000000
2260 -51.0000000000
2265 -48.0000000000
2310 -46.0000000000
2330 -45.0000000000
2377 -44.0000000000
2404 -43.0000000000
2434 -41.0000000000
2549 -40.0000000000
2573 -39.0000000000
2674 -38.0000000000
2784 -37.0000000000
2944 -36.0000000000
3018 -35.0000000000
3090 -34.0000000000
3111 -33.0000000000
3155 -32.0000000000
3229 -31.0000000000
3418 -29.0000000000
3515 -28.0000000000
3536 -27.0000000000
3629 -26.0000000000
3734 -24.0000000000
4200 -21.0000000000
4549 -20.0000000000
4662 -18.0000000000
4904 -17.0000000000
4924 -14.0000000000
5119 -13.0000000000
5205 -12.0000000000
5240 -10.0000000000
5355 -9.0000000000
5682 -8.0000000000
6236 -7.0000000000
6514 -6.0000000000
6666 -5.0000000000
6866 -4.0000000000
7506 -3.0000000000
8055 -2.0000000000
8406 -1.0000000000
9060 393.0000000000
9337 395.0000000000
10010 -12.0000000000
evaluations raw_y
1 -236.0000000000
2 -210.0000000000
9 -208.0000000000
11 -205.0000000000
12 -199.0000000000
19 -196.0000000000
22 -188.0000000000
46 -182.0000000000
57 -180.0000000000
77 -179.0000000000
96 -174.0000000000
147 -173.0000000000
158 -171.0000000000
173 -169.0000000000
184 -167.0000000000
217 -164.0000000000
254 -162.0000000000
264 -154.0000000000
293 -151.0000000000
304 -150.0000000000
331 -148.0000000000
342 -147.0000000000
375 -144.0000000000
394 -139.0000000000
445 -137.0000000000
468 -136.0000000000
493 -134.0000000000
613 -133.0000000000
666 -126.0000000000
752 -124.0000000000
858 -122.0000000000
915 -119.0000000000
970 -118.0000000000
1189 -115.0000000000
1291 -114.0000000000
1316 -111.0000000000
1336 -108.0000000000
1353 -106.0000000000
1380 -105.0000000000
1412 -104.0000000000
1428 -101.0000000000
1471 -99.0000000000
1496 -98.0000000000
1505 -94.0000000000
1527 -93.0000000000
1550 -92.0000000000
1556 -91.0000000000
1571 -87.0000000000
1586 -86.0000000000
1601 -84.0000000000
1649 -83.0000000000
1672 -82.0000000000
1686 -81.0000000000
1693 -79.0000000000
1695 -78.0000000000
1724 -77.0000000000
1745 -76.0000000000
1848 -75.0000000000
1873 -69.0000000000
1921 -68.0000000000
1928 -67.0000000000
1941 -66.0000000000
1947 -64.0000000000
1959 -63.0000000000
2007 -60.0000000000
2059 -57.0000000000
2083 -56.0000000000
2101 -55.0000000000
2147 -53.0000000000
2171 -52.0000000000
2183 -51.0000000000
2201 -50.0000000000
2249 -48.0000000000
2257 -46.0000000000
2305 -45.0000000000
2387 -43.0000000000
2461 -41.0000000000
2550 -39.0000000000
2559 -38.0000000000
2633 -37.0000000000
2672 -33.0000000000
2712 -31.0000000000
2865 -29.0000000000
3025 -28.0000000000
3161 -27.0000000000
3196 -26.0000000000
3258 -25.0000000000
3316 -24.0000000000
3383 -22.0000000000
3765 -17.0000000000
4090 -16.0000000000
4437 -15.0000000000
4527 -14.0000000000
4597 -12.0000000000
4987 -11.0000000000
5368 -10.0000000000
5724 -8.0000000000
5855 -6.0000000000
6423 -5.0000000000
7029 -4.0000000000
7097 -3.0000000000
7188 -2.0000000000
7449 -1.0000000000
8819 387.0000000000
8906 394.0000000000
9124 406.0000000000
9891 412.0000000000
10010 -5.0000000000
evaluations raw_y
1 -223.0000000000
3 -202.0000000000
32 -180.0000000000
73 -177.0000000000
82 -174.0000000000
110 -173.0000000000
112 -172.0000000000
122 -171.0000000000
139 -162.0000000000
193 -159.0000000000
235 -158.0000000000
256 -157.0000000000
289 -153.0000000000
324 -152.0000000000
333 -149.0000000000
350 -147.0000000000
354 -144.0000000000
382 -139.0000000000
434 -136.0000000000
620 -134.0000000000
692 -130.0000000000
743 -126.0000000000
745 -119.0000000000
863 -116.0000000000
975 -115.0000000000
1043 -110.0000000000
1183 -107.0000000000
1212 -106.0000000000
1232 -105.0000000000
1292 -103.0000000000
1316 -102.0000000000
1320 -99.0000000000
1379 -97.0000000000
1436 -96.0000000000
1454 -95.0000000000
1474 -93.0000000000
1490 -92.0000000000
1540 -90.0000000000
1590 -89.0000000000
1641 -85.0000000000
1671 -82.0000000000
1675 -80.0000000000
1713 -78.0000000000
1759 -77.0000000000
1774 -76.0000000000
1794 -74.0000000000
1815 -69.0000000000
1893 -68.0000000000
1929 -66.0000000000
1952 -63.0000000000
2013 -62.0000000000
2057 -59.0000000000
2103 -58.0000000000
2143 -55.0000000000
2147 -54.0000000000
2175 -53.0000000000
2183 -49.0000000000
2256 -48.0000000000
2298 -47.0000000000
2331 -45.0000000000
2417 -44.0000000000
2440 -43.0000000000
2450 -42.0000000000
2488 -41.0000000000
2513 -38.0000000000
2527 -35.0000000000
2593 -32.0000000000
2747 -31.0000000000
2758 -30.0000000000
2821 -27.0000000000
2859 -26.0000000000
2990 -25.0000000000
3033 -23.0000000000
3151 -22.0000000000
3212 -21.0000000000
3283 -20.0000000000
3466 -19.0000000000
3613 -16.0000000000
3737 -15.0000000000
3828 -14.0000000000
3990 -13.0000000000
4635 -11.0000000000
5324 -10.0000000000
5496 -9.0000000000
5618 -8.0000000000
5644 -7.0000000000
5770 -6.0000000000
6154 -5.0000000000
6200 -4.0000000000
6518 -3.0000000000
8808 -2.0000000000
9558 -1.0000000000
9876 390.0000000000
10008 394.0000000000
10010 -5.0000000000
evaluations raw_y
1 -229.0000000000
2 -216.0000000000
3 -210.0000000000
10 -208.0000000000
18 -202.0000000000
27 -200.0000000000
39 -197.0000000000
41 -194.0000000000
44 -192.0000000000
57 -185.0000000000
71 -178.0000000000
133 -167.0000000000
175 -165.0000000000
185 -163.0000000000
214 -161.0000000000
237 -154.0000000000
287 -149.0000000000
325 -148.0000000000
342 -142.0000000000
399 -139.0000000000
461 -135.0000000000
463 -129.0000000000
674 -128.0000000000
687 -127.0000000000
776 -126.0000000000
788 -121.0000000000
951 -119.0000000000
1062 -118.0000000000
1070 -111.0000000000
1104 -105.0000000000
1248 -104.0000000000
1281 -97.0000000000
1393 -95.0000000000
1469 -94.0000000000
1485 -93.0000000000
1494 -91.0000000000
1516 -90.0000000000
1518 -88.0000000000
1546 -87.0000000000
1557 -83.0000000000
1580 -81.0000000000
1594 -80.0000000000
1619 -75.0000000000
1654 -74.0000000000
1695 -73.0000000000
1739 -71.0000000000
1794 -69.0000000000
1800 -68.0000000000
1815 -65.0000000000
1878 -63.0000000000
1893 -62.0000000000
1920 -61.0000000000
1975 -59.0000000000
2001 -58.0000000000
2093 -57.0000000000
2113 -55.0000000000
2166 -54.0000000000
2185 -53.0000000000
2254 -51.0000000000
2324 -49.0000000000
2330 -48.0000000000
2370 -47.0000000000
2453 -43.0000000000
2500 -42.0000000000
2528 -41.0000000000
2541 -40.0000000000
2617 -39.0000000000
2668 -37.0000000000
2671 -35.0000000000
2869 -34.0000000000
3130 -33.0000000000
3279 -32.0000000000
3438 -31.0000000000
3442 -29.0000000000
3590 -28.0000000000
3667 -26.0000000000
3735 -23.0000000000
3769 -21.0000000000
3934 -20.0000000000
3999 -18.0000000000
4140 -16.0000000000
4223 -15.0000000000
4402 -14.0000000000
4445 -13.0000000000
5345 -12.0000000000
5517 -11.0000000000
5954 -10.0000000000
5987 -8.0000000000
6109 -7.0000000000
6692 -6.0000000000
6868 -5.0000000000
7286 -3.0000000000
7586 -2.0000000000
7673 -1.0000000000
7738 371.0000000000
7843 378.0000000000
8037 383.0000000000
8155 391.0000000000
9162 393.0000000000
10010 -3.0000000000
evaluations raw_y
1 -210.0000000000
11 -207.0000000000
14 -195.0000000000
44 -182.0000000000
69 -178.0000000000
77 -177.0000000000
79 -176.0000000000
89 -174.0000000000
100 -171.0000000000
112 -166.0000000000
129 -165.0000000000
148 -159.0000000000
193 -158.0000000000
277 -155.0000000000
294 -150.0000000000
349 -149.0000000000
366 -145.0000000000
455 -135.0000000000
543 -133.0000000000
625 -132.0000000000
678 -128.0000000000
959 -123.0000000000
1082 -119.0000000000
1097 -117.0000000000
1320 -115.0000000000
1355 -114.0000000000
1417 -112.0000000000
1421 -100.0000000000
1515 -97.0000000000
1561 -96.0000000000
1579 -95.0000000000
1587 -94.0000000000
1600 -91.0000000000
1609 -90.0000000000
1635 -89.0000000000
1660 -87.0000000000
1686 -83.0000000000
1710 -81.0000000000
1755 -79.0000000000
1790 -77.0000000000
1819 -75.0000000000
1821 -72.0000000000
1823 -70.0000000000
1861 -69.0000000000
1874 -68.0000000000
1918 -66.0000000000
1952 -63.0000000000
1990 -62.0000000000
2002 -60.0000000000
2029 -55.0000000000
2071 -53.0000000000
2102 -51.0000000000
2151 -50.0000000000
2198 -49.0000000000
2215 -47.0000000000
2287 -45.0000000000
2298 -44.0000000000
2361 -43.0000000000
2422 -42.0000000000
2449 -41.0000000000
2457 -40.0000000000
2506 -39.0000000000
2613 -37.0000000000
2711 -35.0000000000
2753 -34.0000000000
2756 -33.0000000000
2769 -32.0000000000
2842 -30.0000000000
2981 -28.0000000000
3188 -27.0000000000
3203 -26.0000000000
3495 -25.0000000000
3533 -24.0000000000
3560 -23.0000000000
3579 -22.0000000000
3616 -20.0000000000
3631 -19.0000000000
3901 -18.0000000000
4292 -16.0000000000
4546 -15.0000000000
4819 -14.0000000000
4956 -13.0000000000
5059 -11.0000000000
5189 -10.0000000000
6532 -9.0000000000
7491 -6.0000000000
7675 -5.0000000000
8440 -4.0000000000
8984 -3.0000000000
9472 -1.0000000000
9592 369.0000000000
9745 370.0000000000
9786 375.0000000000
10010 -8.0000000000
evaluations raw_y
1 -211.0000000000
5 -188.0000000000
40 -183.0000000000
44 -180.0000000000
65 -177.0000000000
105 -174.0000000000
117 -163.0000000000
170 -160.0000000000
188 -157.0000000000
208 -155.0000000000
219 -154.0000000000
223 -148.0000000000
405 -147.0000000000
464 -146.0000000000
468 -145.0000000000
511 -141.0000000000
520 -138.0000000000
576 -135.0000000000
599 -134.0000000000
689 -131.0000000000
765 -130.0000000000
785 -129.0000000000
862 -126.0000000000
954 -125.0000000000
1024 -124.0000000000
1026 -120.0000000000
1081 -116.0000000000
1166 -112.0000000000
1173 -111.0000000000
1328 -110.0000000000
1383 -105.0000000000
1440 -104.0000000000
1453 -102.0000000000
1512 -100.0000000000
1518 -99.0000000000
1540 -97.0000000000
1571 -96.0000000000
1579 -95.0000000000
1595 -94.0000000000
1639 -93.0000000000
1662 -91.0000000000
1667 -89.0000000000
1681 -88.0000000000
1710 -87.0000000000
1714 -86.0000000000
1728 -82.0000000000
1766 -81.0000000000
1804 -79.0000000000
1808 -76.0000000000
1832 -75.0000000000
1867 -74.0000000000
1885 -71.0000000000
1907 -70.0000000000
1913 -68.0000000000
1956 -65.0000000000
2037 -64.0000000000
2057 -63.0000000000
2080 -62.0000000000
2102 -60.0000000000
2161 -59.0000000000
2172 -56.0000000000
2221 -55.0000000000
2309 -53.0000000000
2332 -52.0000000000
2346 -51.0000000000
2348 -50.0000000000
2385 -49.0000000000
2394 -48.0000000000
2440 -46.0000000000
2477 -45.0000000000
2525 -44.0000000000
2528 -43.0000000000
2562 -42.0000000000
2605 -40.0000000000
2616 -37.0000000000
2694 -36.0000000000
2725 -34.0000000000
2772 -32.0000000000
2835 -29.0000000000
2900 -27.0000000000
2990 -26.0000000000
3050 -24.0000000000
3450 -23.0000000000
3479 -22.0000000000
3540 -21.0000000000
3561 -19.0000000000
3567 -18.0000000000
3740 -17.0000000000
4193 -16.0000000000
4275 -14.0000000000
4291 -13.0000000000
5155 -12.0000000000
5385 -11.0000000000
5673 -10.0000000000
6245 -9.0000000000
6698 -7.0000000000
7696 -6.0000000000
8023 -5.0000000000
8396 -4.0000000000
8886 -3.0000000000
10010 -17.0000000000
evaluations raw_y
1 -223.0000000000
2 -214.0000000000
3 -209.0000000000
4 -197.0000000000
13 -196.0000000000
28 -194.0000000000
36 -191.0000000000
47 -187.0000000000
52 -181.0000000000
80 -180.0000000000
83 -176.0000000000
98 -172.0000000000
122 -169.0000000000
143 -166.0000000000
150 -161.0000000000
168 -160.0000000000
226 -154.0000000000
316 -152.0000000000
333 -151.0000000000
376 -144.0000000000
565 -142.0000000000
599 -137.0000000000
703 -135.0000000000
706 -133.0000000000
819 -126.0000000000
958 -123.0000000000
1004 -117.0000000000
1040 -116.0000000000
1145 -115.0000000000
1159 -112.0000000000
1202 -108.0000000000
1250 -99.0000000000
1300 -98.0000000000
1332 -97.0000000000
1346 -96.0000000000
1382 -95.0000000000
1403 -94.0000000000
1474 -92.0000000000
1485 -91.0000000000
1505 -85.0000000000
1587 -84.0000000000
1608 -82.0000000000
1629 -80.0000000000
1646 -76.0000000000
1696 -74.0000000000
1757 -72.0000000000
1771 -71.0000000000
1787 -69.0000000000
1805 -67.0000000000
1893 -66.0000000000
1918 -65.0000000000
1940 -64.0000000000
1949 -63.0000000000
1969 -62.0000000000
1988 -59.0000000000
2067 -58.0000000000
2104 -57.0000000000
2120 -55.0000000000
2141 -54.0000000000
2179 -53.0000000000
2218 -52.0000000000
2235 -50.0000000000
2345 -46.0000000000
2380 -44.0000000000
2496 -41.0000000000
2557 -40.0000000000
2584 -38.0000000000
2673 -37.0000000000
3026 -36.0000000000
3120 -35.0000000000
3146 -34.0000000000
3162 -31.0000000000
3312 -30.0000000000
3350 -29.0000000000
3383 -28.0000000000
3453 -26.0000000000
3697 -25.0000000000
3807 -23.0000000000
3840 -22.0000000000
4135 -20.0000000000
4362 -18.0000000000
4444 -17.0000000000
4579 -16.0000000000
4651 -15.0000000000
4654 -14.0000000000
4924 -11.0000000000
5425 -10.0000000000
5973 -9.0000000000
6302 -8.0000000000
6948 -7.0000000000
7187 -6.0000000000
7471 -5.0000000000
7941 -4.0000000000
8147 -3.0000000000
8192 -2.0000000000
8309 388.0000000000
10010 -5.0000000000
evaluations raw_y
1 -215.0000000000
3 -207.0000000000
5 -200.0000000000
7 -193.0000000000
32 -177.0000000000
41 -176.0000000000
75 -170.0000000000
96 -167.0000000000
142 -164.0000000000
152 -161.0000000000
165 -159.0000000000
209 -157.0000000000
226 -151.0000000000
239 -134.0000000000
517 -129.0000000000
841 -127.0000000000
874 -122.0000000000
953 -121.0000000000
968 -119.0000000000
976 -116.0000000000
1058 -115.0000000000
1068 -113.0000000000
1105 -112.0000000000
1227 -107.0000000000
1273 -105.0000000000
1300 -104.0000000000
1363 -103.0000000000
1407 -102.0000000000
1434 -100.0000000000
1515 -99.0000000000
1525 -98.0000000000
1542 -97.0000000000
1575 -96.0000000000
1583 -94.0000000000
1601 -91.0000000000
1635 -90.0000000000
1637 -89.0000000000
1652 -88.0000000000
1658 -87.0000000000
1667 -85.0000000000
1687 -83.0000000000
1749 -81.0000000000
1752 -80.0000000000
1768 -79.0000000000
1785 -78.0000000000
1796 -77.0000000000
1804 -76.0000000000
1813 -71.0000000000
1861 -70.0000000000
1888 -69.0000000000
1908 -68.0000000000
1963 -67.0000000000
1976 -65.0000000000
1989 -64.0000000000
2008 -63.0000000000
2033 -62.0000000000
2051 -60.0000000000
2059 -58.0000000000
2078 -57.0000000000
2141 -56.0000000000
2166 -54.0000000000
2182 -53.0000000000
2226 -50.0000000000
2255 -48.0000000000
2314 -46.0000000000
2318 -44.0000000000
2325 -43.0000000000
2388 -42.0000000000
2420 -40.0000000000
2552 -39.0000000000
2579 -37.0000000000
2677 -36.0000000000
2726 -35.0000000000
2755 -34.0000000000
2787 -33.0000000000
2828 -32.0000000000
3232 -31.0000000000
3310 -29.0000000000
3431 -28.0000000000
3492 -27.0000000000
3589 -25.0000000000
3618 -23.0000000000
4023 -22.0000000000
4122 -21.0000000000
4222 -20.0000000000
4459 -16.0000000000
4704 -14.0000000000
5158 -13.0000000000
5607 -12.0000000000
5779 -11.0000000000
6280 -10.0000000000
6326 -9.0000000000
7061 -8.0000000000
7319 -6.0000000000
7387 -5.0000000000
7813 -4.0000000000
8265 -3.0000000000
8474 -2.0000000000
9562 -1.0000000000
10010 -7.0000000000
evaluations raw_y
1 -210.0000000000
3 -206.0000000000
19 -205.0000000000
24 -197.0000000000
28 -194.0000000000
60 -187.0000000000
77 -180.0000000000
98 -177.0000000000
111 -170.0000000000
136 -159.0000000000
168 -157.0000000000
174 -151.0000000000
249 -148.0000000000
317 -139.0000000000
352 -138.0000000000
491 -131.0000000000
663 -126.0000000000
764 -122.0000000000
945 -119.0000000000
961 -115.0000000000
1167 -114.0000000000
1178 -106.0000000000
1306 -101.0000000000
1360 -99.0000000000
1383 -95.0000000000
1466 -91.0000000000
1493 -90.0000000000
1559 -88.0000000000
1646 -83.0000000000
1715 -82.0000000000
1736 -81.0000000000
1752 -80.0000000000
1772 -76.0000000000
1805 -75.0000000000
1822 -74.0000000000
1844 -72.0000000000
1885 -71.0000000000
1901 -65.0000000000
1958 -64.0000000000
1966 -62.0000000000
1983 -60.0000000000
2013 -59.0000000000
2049 -57.0000000000
2097 -56.0000000000
2115 -55.0000000000
2160 -54.0000000000
2197 -53.0000000000
2199 -52.0000000000
2220 -51.0000000000
2247 -50.0000000000
2302 -49.0000000000
2307 -48.0000000000
2336 -47.0000000000
2369 -46.0000000000
2373 -45.0000000000
2433 -41.0000000000
2502 -39.0000000000
2525 -38.0000000000
2545 -36.0000000000
2579 -35.0000000000
2640 -34.0000000000
2702 -29.0000000000
2808 -28.0000000000
2882 -26.0000000000
3045 -25.0000000000
3089 -24.0000000000
3188 -22.0000000000
3519 -21.0000000000
3673 -19.0000000000
3719 -18.0000000000
3969 -17.0000000000
4079 -16.0000000000
4140 -15.0000000000
4422 -14.0000000000
4768 -10.0000000000
5122 -9.0000000000
5450 -8.0000000000
6356 -7.0000000000
6854 -6.0000000000
7473 -5.0000000000
8216 -4.0000000000
8248 -3.0000000000
8320 -2.0000000000
10010 -7.0000000000
evaluations raw_y
1 -202.0000000000
5 -195.0000000000
19 -191.0000000000
24 -187.0000000000
26 -184.0000000000
53 -173.0000000000
65 -164.0000000000
122 -161.0000000000
185 -160.0000000000
189 -158.0000000000
195 -156.0000000000
205 -151.0000000000
290 -150.0000000000
321 -147.0000000000
357 -146.0000000000
385 -144.0000000000
429 -143.0000000000
438 -138.0000000000
561 -137.0000000000
625 -135.0000000000
667 -133.0000000000
697 -132.0000000000
735 -129.0000000000
772 -122.0000000000
845 -121.0000000000
988 -119.0000000000
1077 -113.0000000000
1220 -111.0000000000
1328 -107.0000000000
1357 -106.0000000000
1397 -105.0000000000
1437 -104.0000000000
1448 -101.0000000000
1493 -98.0000000000
1525 -96.0000000000
1535 -94.0000000000
1551 -93.0000000000
1558 -92.0000000000
1566 -88.0000000000
1590 -86.0000000000
1632 -83.0000000000
1652 -82.0000000000
1710 -81.0000000000
1716 -80.0000000000
1738 -78.0000000000
1767 -76.0000000000
1799 -73.0000000000
1810 -72.0000000000
1838 -71.0000000000
1850 -69.0000000000
1867 -67.0000000000
1924 -66.0000000000
1943 -63.0000000000
2008 -60.0000000000
2026 -59.0000000000
2092 -58.0000000000
2101 -57.0000000000
2110 -55.0000000000
2160 -54.0000000000
2190 -53.0000000000
2225 -52.0000000000
2286 -51.0000000000
2311 -49.0000000000
2375 -48.0000000000
2388 -47.0000000000
2406 -44.0000000000
2449 -43.0000000000
2488 -42.0000000000
2528 -41.0000000000
2574 -39.0000000000
2614 -38.0000000000
2704 -36.0000000000
2762 -35.0000000000
2832 -34.0000000000
2911 -33.0000000000
2926 -31.0000000000
3078 -30.0000000000
3094 -28.0000000000
3178 -27.0000000000
3204 -25.0000000000
3268 -23.0000000000
3408 -22.0000000000
3712 -21.0000000000
3764 -20.0000000000
3809 -19.0000000000
3860 -16.0000000000
4252 -13.0000000000
4501 -12.0000000000
4787 -11.0000000000
4992 -9.0000000000
5259 -8.0000000000
6009 -5.0000000000
6025 -4.0000000000
6275 -3.0000000000
6349 -2.0000000000
6448 -1.0000000000
8172 386.0000000000
8369 395.0000000000
9488 399.0000000000
10010 -4.0000000000
evaluations raw_y
1 -221.0000000000
3 -217.0000000000
4 -216.0000000000
8 -213.0000000000
11 -206.0000000000
14 -195.0000000000
22 -191.0000000000
31 -178.0000000000
56 -173.0000000000
65 -172.0000000000
135 -171.0000000000
171 -156.0000000000
189 -149.0000000000
313 -145.0000000000
378 -143.0000000000
388 -142.0000000000
507 -141.0000000000
518 -136.0000000000
604 -135.0000000000
620 -134.0000000000
688 -131.0000000000
768 -130.0000000000
779 -128.0000000000
975 -126.0000000000
1030 -123.0000000000
1076 -116.0000000000
1158 -115.0000000000
1165 -113.0000000000
1213 -107.0000000000
1261 -104.0000000000
1293 -99.0000000000
1323 -98.0000000000
1361 -97.0000000000
1389 -96.0000000000
1412 -95.0000000000
1438 -93.0000000000
1466 -92.0000000000
1477 -90.0000000000
1483 -87.0000000000
1534 -86.0000000000
1548 -84.0000000000
1561 -81.0000000000
1580 -80.0000000000
1610 -73.0000000000
1687 -71.0000000000
1699 -69.0000000000
1783 -67.0000000000
1845 -65.0000000000
1848 -64.0000000000
1911 -62.0000000000
1953 -60.0000000000
2010 -56.0000000000
2055 -51.0000000000
2133 -50.0000000000
2175 -47.0000000000
2208 -46.0000000000
2291 -45.0000000000
2326 -43.0000000000
2358 -42.0000000000
2376 -39.0000000000
2403 -38.0000000000
2487 -35.0000000000
2689 -34.0000000000
2735 -31.0000000000
2965 -30.0000000000
3018 -29.0000000000
3029 -27.0000000000
3061 -26.0000000000
3297 -24.0000000000
3397 -23.0000000000
3520 -21.0000000000
3674 -20.0000000000
3685 -19.0000000000
4068 -18.0000000000
4232 -16.0000000000
4315 -14.0000000000
4442 -13.0000000000
4603 -12.0000000000
4712 -11.0000000000
4775 -10.0000000000
5700 -9.0000000000
5945 -7.0000000000
6306 -6.0000000000
6901 -5.0000000000
7064 -4.0000000000
7282 -3.0000000000
7339 -2.0000000000
7971 376.0000000000
8358 378.0000000000
8363 389.0000000000
9234 391.0000000000
9312 401.0000000000
10010 -7.0000000000
evaluations raw_y
1 -204.0000000000
18 -198.0000000000
22 -195.0000000000
28 -188.0000000000
47 -187.0000000000
51 -183.0000000000
69 -176.0000000000
83 -169.0000000000
101 -165.0000000000
132 -162.0000000000
135 -155.0000000000
177 -147.0000000000
219 -144.0000000000
337 -142.0000000000
472 -139.0000000000
479 -138.0000000000
725 -137.0000000000
789 -132.0000000000
850 -130.0000000000
869 -129.0000000000
873 -127.0000000000
901 -126.0000000000
922 -124.0000000000
969 -123.0000000000
1040 -122.0000000000
1054 -115.0000000000
1169 -114.0000000000
1172 -113.0000000000
1185 -112.0000000000
1194 -107.0000000000
1232 -106.0000000000
1284 -105.0000000000
1382 -102.0000000000
1403 -101.0000000000
1452 -99.0000000000
1485 -96.0000000000
1544 -93.0000000000
1573 -92.0000000000
1577 -90.0000000000
1608 -89.0000000000
1625 -88.0000000000
1651 -86.0000000000
1674 -85.0000000000
1715 -83.0000000000
1727 -82.0000000000
1754 -79.0000000000
1809 -77.0000000000
1815 -75.0000000000
1842 -74.0000000000
1845 -71.0000000000
1868 -70.0000000000
1926 -67.0000000000
1929 -66.0000000000
1962 -64.0000000000
2007 -63.0000000000
2019 -60.0000000000
2060 -59.0000000000
2094 -58.0000000000
2177 -56.0000000000
2244 -55.0000000000
2298 -54.0000000000
2363 -53.0000000000
2404 -51.0000000000
2443 -50.0000000000
2476 -49.0000000000
2515 -48.0000000000
2548 -46.0000000000
2588 -44.0000000000
2626 -42.0000000000
2645 -39.0000000000
2783 -38.0000000000
2921 -37.0000000000
2995 -36.0000000000
3045 -35.0000000000
3102 -33.0000000000
3150 -32.0000000000
3329 -31.0000000000
3362 -30.0000000000
3419 -29.0000000000
3621 -27.0000000000
3716 -25.0000000000
3958 -24.0000000000
3977 -23.0000000000
4119 -21.0000000000
4171 -20.0000000000
4282 -19.0000000000
4285 -18.0000000000
4429 -17.0000000000
4467 -14.0000000000
4678 -12.0000000000
4937 -11.0000000000
4990 -9.0000000000
5320 -8.0000000000
5999 -7.0000000000
6050 -6.0000000000
7420 -4.0000000000
7559 -3.0000000000
8670 -2.0000000000
9134 381.0000000000
9249 384.0000000000
9267 396.0000000000
9273 400.0000000000
10010 -5.0000000000
evaluations raw_y
1 -206.0000000000
5 -204.0000000000
6 -200.0000000000
23 -199.0000000000
26 -191.0000000000
45 -189.0000000000
48 -186.0000000000
64 -184.0000000000
82 -181.0000000000
98 -178.0000000000
102 -172.0000000000
136 -171.0000000000
144 -168.0000000000
150 -160.0000000000
165 -146.0000000000
235 -142.0000000000
365 -140.0000000000
382 -139.0000000000
503 -131.0000000000
563 -129.0000000000
588 -128.0000000000
641 -127.0000000000
736 -123.0000000000
850 -121.0000000000
887 -120.0000000000
912 -110.0000000000
952 -106.0000000000
968 -103.0000000000
1058 -102.0000000000
1159 -97.0000000000
1265 -96.0000000000
1312 -95.0000000000
1334 -92.0000000000
1401 -91.0000000000
1469 -88.0000000000
1527 -87.0000000000
1583 -86.0000000000
1593 -85.0000000000
1631 -83.0000000000
1644 -82.0000000000
1729 -81.0000000000
1732 -78.0000000000
1762 -77.0000000000
1785 -76.0000000000
1824 -74.0000000000
1865 -73.0000000000
1872 -70.0000000000
1880 -69.0000000000
1955 -67.0000000000
1971 -66.0000000000
1998 -65.0000000000
2022 -64.0000000000
2070 -61.0000000000
2074 -60.0000000000
2099 -59.0000000000
2150 -57.0000000000
2187 -56.0000000000
2223 -53.0000000000
2255 -52.0000000000
2287 -49.0000000000
2447 -48.0000000000
2477 -47.0000000000
2533 -46.0000000000
2541 -45.0000000000
2663 -44.0000000000
2702 -40.0000000000
2757 -39.0000000000
2815 -36.0000000000
2833 -33.0000000000
2895 -32.0000000000
2902 -31.0000000000
2934 -29.0000000000
2973 -26.0000000000
3091 -25.0000000000
3154 -24.0000000000
3174 -23.0000000000
3273 -22.0000000000
3490 -21.0000000000
3498 -18.0000000000
3847 -17.0000000000
4171 -16.0000000000
4646 -15.0000000000
4703 -14.0000000000
4788 -12.0000000000
4986 -11.0000000000
4988 -9.0000000000
5115 -8.0000000000
5442 -7.0000000000
6166 -6.0000000000
6909 -5.0000000000
7194 -4.0000000000
7480 -3.0000000000
8300 -2.0000000000
9030 -1.0000000000
9187 401.0000000000
9743 402.0000000000
10010 -8.0000000000
evaluations raw_y
1 -215.0000000000
2 -208.0000000000
3 -207.0000000000
4 -205.0000000000
5 -200.0000000000
7 -195.0000000000
15 -193.0000000000
30 -189.0000000000
39 -183.0000000000
63 -181.0000000000
84 -174.0000000000
98 -168.0000000000
155 -166.0000000000
179 -163.0000000000
183 -161.0000000000
210 -157.0000000000
238 -155.0000000000
278 -150.0000000000
360 -148.0000000000
422 -146.0000000000
460 -145.0000000000
478 -143.0000000000
508 -142.0000000000
518 -135.0000000000
603 -134.0000000000
649 -133.0000000000
736 -128.0000000000
773 -126.0000000000
865 -124.0000000000
945 -122.0000000000
982 -119.0000000000
1105 -118.0000000000
1141 -116.0000000000
1157 -114.0000000000
1197 -113.0000000000
1216 -112.0000000000
1228 -111.0000000000
1299 -107.0000000000
1323 -104.0000000000
1383 -103.0000000000
1396 -100.0000000000
1414 -98.0000000000
1433 -97.0000000000
1480 -96.0000000000
1498 -95.0000000000
1524 -93.0000000000
1545 -91.0000000000
1577 -84.0000000000
1613 -82.0000000000
1659 -79.0000000000
1715 -78.0000000000
1752 -77.0000000000
1782 -76.0000000000
1783 -74.0000000000
1807 -70.0000000000
1839 -66.0000000000
1894 -64.0000000000
1926 -63.0000000000
1931 -61.0000000000
1938 -59.0000000000
1989 -56.0000000000
2006 -52.0000000000
2101 -51.0000000000
2168 -50.0000000000
2221 -48.0000000000
2224 -47.0000000000
2274 -45.0000000000
2351 -44.0000000000
2380 -43.0000000000
2394 -41.0000000000
2404 -40.0000000000
2409 -39.0000000000
2442 -38.0000000000
2471 -37.0000000000
2543 -35.0000000000
2560 -33.0000000000
2610 -32.0000000000
2628 -30.0000000000
2729 -29.0000000000
2766 -28.0000000000
2893 -26.0000000000
2996 -24.0000000000
3076 -23.0000000000
3132 -22.0000000000
3233 -20.0000000000
3463 -19.0000000000
3715 -18.0000000000
3831 -17.0000000000
3997 -16.0000000000
4009 -13.0000000000
4133 -12.0000000000
4148 -11.0000000000
4631 -9.0000000000
4739 -8.0000000000
4839 -7.0000000000
4954 -6.0000000000
5953 -5.0000000000
6434 -4.0000000000
6502 -3.0000000000
6844 -2.0000000000
7244 380.0000000000
7268 394.0000000000
7281 402.0000000000
8592 407.0000000000
10010 -6.0000000000
evaluations raw_y
1 -221.0000000000
3 -214.0000000000
11 -209.0000000000
12 -205.0000000000
18 -197.0000000000
22 -192.0000000000
25 -189.0000000000
31 -181.0000000000
42 -174.0000000000
80 -171.0000000000
104 -170.0000000000
158 -165.0000000000
188 -164.0000000000
225 -161.0000000000
259 -159.0000000000
286 -155.0000000000
404 -151.0000000000
433 -150.0000000000
496 -147.0000000000
497 -146.0000000000
508 -142.0000000000
549 -141.0000000000
603 -137.0000000000
622 -133.0000000000
835 -132.0000000000
863 -127.0000000000
953 -126.0000000000
1007 -121.0000000000
1043 -119.0000000000
1144 -115.0000000000
1148 -110.0000000000
1170 -107.0000000000
1271 -106.0000000000
1282 -105.0000000000
1330 -103.0000000000
1368 -102.0000000000
1380 -101.0000000000
1389 -99.0000000000
1404 -95.0000000000
1489 -93.0000000000
1497 -90.0000000000
1513 -89.0000000000
1527 -87.0000000000
1566 -85.0000000000
1595 -84.0000000000
1598 -83.0000000000
1625 -81.0000000000
1636 -79.0000000000
1647 -78.0000000000
1660 -74.0000000000
1678 -73.0000000000
1727 -72.0000000000
1744 -69.0000000000
1810 -66.0000000000
1858 -65.0000000000
1894 -63.0000000000
1899 -62.0000000000
1931 -61.0000000000
2014 -59.0000000000
2071 -56.0000000000
2109 -52.0000000000
2222 -51.0000000000
2418 -50.0000000000
2438 -49.0000000000
2455 -48.0000000000
2547 -46.0000000000
2699 -45.0000000000
2802 -43.0000000000
2825 -41.0000000000
3001 -39.0000000000
3056 -37.0000000000
3086 -36.0000000000
3105 -35.0000000000
3108 -34.0000000000
3139 -33.0000000000
3185 -32.0000000000
3214 -31.0000000000
3291 -30.0000000000
3328 -28.0000000000
3448 -27.0000000000
3667 -26.0000000000
3719 -25.0000000000
4011 -23.0000000000
4252 -22.0000000000
4420 -21.0000000000
4678 -20.0000000000
5324 -19.0000000000
5366 -16.0000000000
5374 -15.0000000000
5759 -14.0000000000
5928 -13.0000000000
5968 -12.0000000000
6294 -11.0000000000
6624 -10.0000000000
6742 -9.0000000000
7048 -7.0000000000
7373 -6.0000000000
8920 -5.0000000000
9153 -4.0000000000
10010 -14.0000000000
evaluations raw_y
1 -226.0000000000
2 -205.0000000000
20 -204.0000000000
21 -203.0000000000
25 -191.0000000000
43 -187.0000000000
76 -182.0000000000
93 -180.0000000000
101 -178.0000000000
112 -174.0000000000
132 -172.0000000000
149 -168.0000000000
151 -165.0000000000
173 -151.0000000000
223 -142.0000000000
339 -139.0000000000
424 -134.0000000000
464 -133.0000000000
565 -130.0000000000
750 -129.0000000000
767 -126.0000000000
813 -124.0000000000
833 -123.0000000000
838 -118.0000000000
1150 -116.0000000000
1168 -112.0000000000
1260 -111.0000000000
1272 -108.0000000000
1311 -107.0000000000
1354 -105.0000000000
1399 -99.0000000000
1453 -97.0000000000
1480 -95.0000000000
1482 -94.0000000000
1495 -93.0000000000
1519 -92.0000000000
1539 -91.0000000000
1562 -88.0000000000
1577 -87.0000000000
1590 -85.0000000000
1608 -82.0000000000
1637 -81.0000000000
1664 -77.0000000000
1702 -70.0000000000
1784 -69.0000000000
1787 -68.0000000000
1826 -67.0000000000
1842 -66.0000000000
1878 -65.0000000000
1917 -63.0000000000
1944 -62.0000000000
1980 -59.0000000000
2015 -57.0000000000
2067 -56.0000000000
2093 -54.0000000000
2147 -51.0000000000
2345 -50.0000000000
2353 -48.0000000000
2391 -45.0000000000
2463 -44.0000000000
2552 -42.0000000000
2564 -41.0000000000
2572 -40.0000000000
2589 -37.0000000000
2638 -36.0000000000
2703 -35.0000000000
2755 -34.0000000000
2835 -32.0000000000
2900 -31.0000000000
2970 -29.0000000000
3018 -28.0000000000
3196 -27.0000000000
3299 -26.0000000000
3640 -25.0000000000
3673 -24.0000000000
3685 -23.0000000000
3689 -22.0000000000
3808 -21.0000000000
3860 -20.0000000000
3878 -19.0000000000
3913 -16.0000000000
4447 -15.0000000000
4849 -13.0000000000
4928 -12.0000000000
5138 -11.0000000000
5331 -8.0000000000
5666 -7.0000000000
5735 -6.0000000000
6507 -5.0000000000
7308 -3.0000000000
8123 -2.0000000000
8449 -1.0000000000
8739 406.0000000000
8870 412.0000000000
9933 416.0000000000
10010 -3.0000000000
evaluations raw_y
1 -205.0000000000
2 -188.0000000000
46 -183.0000000000
48 -182.0000000000
60 -173.0000000000
117 -171.0000000000
125 -169.0000000000
141 -168.0000000000
205 -166.0000000000
207 -155.0000000000
226 -152.0000000000
272 -151.0000000000
308 -139.0000000000
528 -136.0000000000
576 -134.0000000000
668 -129.0000000000
828 -128.0000000000
876 -125.0000000000
927 -120.0000000000
1045 -119.0000000000
1126 -118.0000000000
1169 -114.0000000000
1205 -113.0000000000
1246 -111.0000000000
1266 -110.0000000000
1297 -106.0000000000
1337 -103.0000000000
1373 -102.0000000000
1404 -99.0000000000
1420 -98.0000000000
1462 -96.0000000000
1529 -95.0000000000
1547 -94.0000000000
1553 -93.0000000000
1563 -92.0000000000
1570 -90.0000000000
1589 -86.0000000000
1636 -84.0000000000
1638 -83.0000000000
1644 -82.0000000000
1707 -80.0000000000
1710 -79.0000000000
1717 -78.0000000000
1719 -77.0000000000
1741 -76.0000000000
1748 -75.0000000000
1761 -74.0000000000
1779 -73.0000000000
1792 -72.0000000000
1828 -71.0000000000
1839 -68.0000000000
1870 -66.0000000000
1891 -65.0000000000
1918 -64.0000000000
1959 -61.0000000000
1999 -60.0000000000
2012 -57.0000000000
2100 -55.0000000000
2142 -53.0000000000
2253 -52.0000000000
2354 -51.0000000000
2444 -50.0000000000
2515 -48.0000000000
2539 -46.0000000000
2567 -45.0000000000
2610 -42.0000000000
2695 -39.0000000000
2755 -36.0000000000
2834 -34.0000000000
2856 -32.0000000000
2980 -31.0000000000
3109 -30.0000000000
3270 -29.0000000000
3339 -28.0000000000
3519 -26.0000000000
3556 -25.0000000000
3702 -24.0000000000
3841 -23.0000000000
3904 -22.0000000000
3933 -21.0000000000
4740 -20.0000000000
5266 -19.0000000000
5268 -18.0000000000
5504 -17.0000000000
5664 -16.0000000000
5850 -12.0000000000
5880 -8.0000000000
5982 -7.0000000000
6220 -6.0000000000
6369 -5.0000000000
6838 -4.0000000000
7533 -3.0000000000
7692 -2.0000000000
7915 -1.0000000000
8249 391.0000000000
8715 396.0000000000
9205 403.0000000000
10010 -10.0000000000
evaluations raw_y
1 -202.0000000000
10 -197.0000000000
31 -192.0000000000
56 -184.0000000000
57 -178.0000000000
93 -176.0000000000
103 -169.0000000000
132 -167.0000000000
169 -165.0000000000
206 -159.0000000000
212 -156.0000000000
299 -151.0000000000
351 -145.0000000000
441 -144.0000000000
448 -139.0000000000
542 -137.0000000000
582 -134.0000000000
614 -131.0000000000
723 -126.0000000000
772 -118.0000000000
847 -113.0000000000
873 -105.0000000000
1020 -102.0000000000
1127 -97.0000000000
1295 -96.0000000000
1300 -95.0000000000
1363 -89.0000000000
1396 -88.0000000000
1461 -82.0000000000
1481 -81.0000000000
1503 -78.0000000000
1533 -77.0000000000
1570 -72.0000000000
1624 -71.0000000000
1632 -68.0000000000
1661 -67.0000000000
1686 -66.0000000000
1714 -64.0000000000
1773 -63.0000000000
1779 -62.0000000000
1796 -61.0000000000
1828 -59.0000000000
1860 -57.0000000000
1895 -56.0000000000
2017 -55.0000000000
2022 -53.0000000000
2026 -52.0000000000
2038 -51.0000000000
2082 -50.0000000000
2119 -49.0000000000
2163 -46.0000000000
2212 -45.0000000000
2275 -43.0000000000
2347 -41.0000000000
2382 -35.0000000000
2538 -34.0000000000
2545 -33.0000000000
2624 -32.0000000000
2635 -31.0000000000
2732 -30.0000000000
2815 -29.0000000000
2995 -28.0000000000
3053 -25.0000000000
3167 -24.0000000000
3273 -23.0000000000
3290 -21.0000000000
3364 -20.0000000000
3410 -19.0000000000
3552 -18.0000000000
3595 -16.0000000000
3618 -15.0000000000
3897 -14.0000000000
3929 -13.0000000000
4107 -11.0000000000
4652 -10.0000000000
4657 -9.0000000000
4712 -8.0000000000
5207 -7.0000000000
5501 -6.0000000000
6634 -5.0000000000
6686 -4.0000000000
7299 -3.0000000000
7747 -2.0000000000
8029 -1.0000000000
8996 373.0000000000
9046 379.0000000000
9276 383.0000000000
9907 386.0000000000
10010 -11.0000000000
evaluations raw_y
1 -212.0000000000
4 -200.0000000000
22 -192.0000000000
40 -174.0000000000
73 -172.0000000000
79 -171.0000000000
81 -166.0000000000
148 -165.0000000000
158 -162.0000000000
174 -159.0000000000
207 -144.0000000000
278 -143.0000000000
317 -139.0000000000
345 -133.0000000000
489 -129.0000000000
676 -126.0000000000
883 -125.0000000000
892 -122.0000000000
934 -121.0000000000
969 -116.0000000000
975 -114.0000000000
1211 -113.0000000000
1263 -111.0000000000
1322 -109.0000000000
1357 -106.0000000000
1381 -104.0000000000
1390 -97.0000000000
1486 -96.0000000000
1491 -95.0000000000
1527 -94.0000000000
1534 -92.0000000000
1537 -91.0000000000
1539 -90.0000000000
1545 -88.0000000000
1553 -87.0000000000
1564 -86.0000000000
1586 -82.0000000000
1669 -81.0000000000
1680 -77.0000000000
1735 -74.0000000000
1737 -72.0000000000
1752 -71.0000000000
1771 -69.0000000000
1827 -67.0000000000
1852 -66.0000000000
1863 -64.0000000000
1878 -62.0000000000
1883 -61.0000000000
1929 -59.0000000000
1967 -57.0000000000
2000 -56.0000000000
2025 -55.0000000000
2035 -54.0000000000
2052 -53.0000000000
2083 -52.0000000000
2168 -50.0000000000
2189 -49.0000000000
2209 -48.0000000000
2255 -47.0000000000
2257 -46.0000000000
2273 -45.0000000000
2303 -44.0000000000
2345 -43.0000000000
2433 -42.0000000000
2480 -41.0000000000
2504 -40.0000000000
2558 -39.0000000000
2577 -37.0000000000
2615 -36.0000000000
2641 -35.0000000000
2662 -34.0000000000
2732 -32.0000000000
2787 -31.0000000000
2925 -30.0000000000
3042 -29.0000000000
3063 -28.0000000000
3097 -27.0000000000
3145 -26.0000000000
3183 -25.0000000000
3485 -22.0000000000
3593 -21.0000000000
3615 -20.0000000000
3971 -19.0000000000
4123 -18.0000000000
4138 -17.0000000000
4265 -16.0000000000
4329 -14.0000000000
4455 -13.0000000000
4501 -11.0000000000
4756 -9.0000000000
6020 -8.0000000000
6098 -7.0000000000
6455 -6.0000000000
6530 -5.0000000000
7681 -4.0000000000
7883 -3.0000000000
8195 -2.0000000000
8364 -1.0000000000
8386 350.0000000000
8493 382.0000000000
8584 396.0000000000
9644 404.0000000000
10010 -10.0000000000
evaluations raw_y
1 -214.0000000000
4 -195.0000000000
28 -191.0000000000
29 -187.0000000000
57 -182.0000000000
82 -180.0000000000
88 -176.0000000000
98 -163.0000000000
238 -161.0000000000
284 -155.0000000000
360 -153.0000000000
415 -152.0000000000
418 -141.0000000000
494 -140.0000000000
557 -138.0000000000
587 -137.0000000000
652 -134.0000000000
739 -133.0000000000
782 -132.0000000000
844 -128.0000000000
870 -126.0000000000
904 -119.0000000000
1201 -117.0000000000
1227 -116.0000000000
1243 -113.0000000000
1265 -106.0000000000
1314 -105.0000000000
1352 -104.0000000000
1354 -102.0000000000
1358 -99.0000000000
1415 -98.0000000000
1432 -95.0000000000
1508 -93.0000000000
1516 -90.0000000000
1519 -89.0000000000
1558 -87.0000000000
1588 -84.0000000000
1641 -82.0000000000
1645 -81.0000000000
1660 -79.0000000000
1709 -77.0000000000
1741 -75.0000000000
1751 -74.0000000000
1767 -72.0000000000
1794 -71.0000000000
1808 -70.0000000000
1825 -69.0000000000
1826 -66.0000000000
1853 -65.0000000000
1899 -61.0000000000
1928 -60.0000000000
1943 -59.0000000000
1961 -58.0000000000
1979 -54.0000000000
2038 -51.0000000000
2096 -50.0000000000
2113 -49.0000000000
2133 -48.0000000000
2163 -46.0000000000
2183 -45.0000000000
2215 -44.0000000000
2284 -43.0000000000
2289 -42.0000000000
2367 -41.0000000000
2423 -40.0000000000
2459 -39.0000000000
2546 -37.0000000000
2595 -36.0000000000
2624 -33.0000000000
2650 -32.0000000000
2654 -31.0000000000
2754 -30.0000000000
2758 -29.0000000000
2814 -28.0000000000
2830 -27.0000000000
2871 -26.0000000000
2886 -25.0000000000
2964 -24.0000000000
3241 -23.0000000000
3645 -22.0000000000
3743 -21.0000000000
3825 -20.0000000000
4189 -18.0000000000
4279 -16.0000000000
4917 -15.0000000000
5376 -14.0000000000
5921 -13.0000000000
6451 -12.0000000000
6580 -11.0000000000
6680 -10.0000000000
6825 -9.0000000000
6858 -8.0000000000
6878 -7.0000000000
6937 -6.0000000000
7241 -5.0000000000
7321 -4.0000000000
8107 -3.0000000000
8618 -2.0000000000
8753 -1.0000000000
9078 390.0000000000
9242 400.0000000000
9675 401.0000000000
10010 -6.0000000000
evaluations raw_y
1 -214.0000000000
2 -199.0000000000
7 -191.0000000000
22 -186.0000000000
43 -184.0000000000
60 -177.0000000000
82 -173.0000000000
113 -172.0000000000
124 -171.0000000000
141 -168.0000000000
189 -163.0000000000
210 -159.0000000000
255 -158.0000000000
299 -149.0000000000
466 -148.0000000000
472 -143.0000000000
537 -141.0000000000
547 -132.0000000000
615 -128.0000000000
768 -127.0000000000
825 -122.0000000000
891 -121.0000000000
938 -120.0000000000
957 -115.0000000000
1023 -112.0000000000
1136 -110.0000000000
1166 -108.0000000000
1291 -107.0000000000
1334 -106.0000000000
1356 -105.0000000000
1402 -104.0000000000
1444 -100.0000000000
1463 -99.0000000000
1517 -98.0000000000
1553 -97.0000000000
1587 -96.0000000000
1598 -94.0000000000
1607 -92.0000000000
1643 -91.0000000000
1652 -90.0000000000
1660 -88.0000000000
1678 -83.0000000000
1756 -82.0000000000
1763 -81.0000000000
1787 -76.0000000000
1814 -75.0000000000
1852 -74.0000000000
1870 -73.0000000000
1883 -71.0000000000
1909 -68.0000000000
1912 -66.0000000000
1984 -63.0000000000
2095 -62.0000000000
2110 -60.0000000000
2140 -59.0000000000
2148 -58.0000000000
2170 -57.0000000000
2203 -56.0000000000
2246 -54.0000000000
2312 -53.0000000000
2346 -51.0000000000
2441 -50.0000000000
2515 -48.0000000000
2591 -47.0000000000
2595 -46.0000000000
2643 -45.0000000000
2662 -43.0000000000
2677 -42.0000000000
2704 -38.0000000000
2757 -36.0000000000
2872 -34.0000000000
2892 -33.0000000000
3025 -29.0000000000
3110 -28.0000000000
3163 -27.0000000000
3342 -25.0000000000
3450 -23.0000000000
3643 -22.0000000000
3766 -20.0000000000
3984 -19.0000000000
4006 -18.0000000000
4132 -17.0000000000
4243 -16.0000000000
4396 -15.0000000000
4762 -14.0000000000
4990 -12.0000000000
5137 -11.0000000000
5219 -10.0000000000
5329 -9.0000000000
5621 -8.0000000000
6158 -7.0000000000
6256 -6.0000000000
6392 -5.0000000000
6700 -3.0000000000
7620 -1.0000000000
8065 358.0000000000
8149 375.0000000000
8682 376.0000000000
10010 -3.0000000000
evaluations raw_y
1 -232.0000000000
2 -198.0000000000
21 -187.0000000000
42 -183.0000000000
43 -178.0000000000
67 -172.0000000000
81 -169.0000000000
115 -167.0000000000
117 -165.0000000000
135 -155.0000000000
175 -149.0000000000
178 -147.0000000000
240 -146.0000000000
270 -145.0000000000
308 -141.0000000000
385 -139.0000000000
463 -131.0000000000
563 -126.0000000000
934 -121.0000000000
995 -119.0000000000
1053 -115.0000000000
1100 -113.0000000000
1146 -111.0000000000
1250 -105.0000000000
1305 -102.0000000000
1367 -96.0000000000
1411 -95.0000000000
1438 -94.0000000000
1503 -93.0000000000
1546 -88.0000000000
1589 -84.0000000000
1641 -82.0000000000
1675 -81.0000000000
1683 -80.0000000000
1713 -78.0000000000
1750 -76.0000000000
1801 -75.0000000000
1822 -74.0000000000
1833 -73.0000000000
1837 -72.0000000000
1865 -70.0000000000
1898 -69.0000000000
1937 -67.0000000000
1967 -65.0000000000
2011 -63.0000000000
2022 -61.0000000000
2065 -60.0000000000
2071 -59.0000000000
2073 -58.0000000000
2132 -54.0000000000
2180 -53.0000000000
2223 -50.0000000000
2257 -48.0000000000
2266 -47.0000000000
2297 -46.0000000000
2355 -45.0000000000
2359 -44.0000000000
2397 -43.0000000000
2546 -41.0000000000
2688 -40.0000000000
2733 -39.0000000000
2816 -38.0000000000
2826 -37.0000000000
2854 -36.0000000000
2865 -35.0000000000
2957 -31.0000000000
3261 -30.0000000000
3289 -28.0000000000
3300 -27.0000000000
3305 -25.0000000000
3341 -24.0000000000
3374 -23.0000000000
3412 -22.0000000000
3445 -21.0000000000
3638 -18.0000000000
3989 -16.0000000000
4252 -15.0000000000
4318 -14.0000000000
4359 -13.0000000000
4499 -12.0000000000
4502 -11.0000000000
4666 -10.0000000000
4777 -9.0000000000
4794 -8.0000000000
4798 -6.0000000000
4919 -5.0000000000
5484 -4.0000000000
5518 -3.0000000000
5612 -2.0000000000
5943 -1.0000000000
6229 384.0000000000
6743 388.0000000000
8841 401.0000000000
10010 -5.0000000000
