evaluations raw_y
1 -362.0000000000
2 -359.0000000000
7 -356.0000000000
9 -353.0000000000
23 -343.0000000000
41 -339.0000000000
57 -332.0000000000
72 -323.0000000000
97 -318.0000000000
101 -307.0000000000
136 -304.0000000000
192 -297.0000000000
210 -292.0000000000
221 -283.0000000000
365 -282.0000000000
388 -281.0000000000
400 -280.0000000000
409 -279.0000000000
509 -278.0000000000
525 -270.0000000000
678 -267.0000000000
693 -266.0000000000
734 -263.0000000000
792 -261.0000000000
839 -259.0000000000
910 -257.0000000000
1009 -255.0000000000
1015 -249.0000000000
1080 -248.0000000000
1104 -243.0000000000
1120 -239.0000000000
1203 -236.0000000000
1234 -235.0000000000
1243 -230.0000000000
1277 -227.0000000000
1326 -226.0000000000
1341 -224.0000000000
1378 -223.0000000000
1390 -222.0000000000
1409 -218.0000000000
1454 -213.0000000000
1508 -210.0000000000
1527 -208.0000000000
1539 -207.0000000000
1574 -206.0000000000
1583 -205.0000000000
1601 -201.0000000000
1611 -199.0000000000
1652 -198.0000000000
1680 -195.0000000000
1696 -194.0000000000
1725 -193.0000000000
1759 -190.0000000000
1768 -186.0000000000
1816 -183.0000000000
1851 -182.0000000000
1855 -181.0000000000
1863 -179.0000000000
1873 -173.0000000000
1963 -168.0000000000
2002 -165.0000000000
2019 -164.0000000000
2037 -160.0000000000
2090 -159.0000000000
2114 -158.0000000000
2127 -156.0000000000
2168 -155.0000000000
2216 -152.0000000000
2221 -148.0000000000
2249 -146.0000000000
2341 -144.0000000000
2383 -141.0000000000
2396 -139.0000000000
2430 -137.0000000000
2439 -136.0000000000
2456 -135.0000000000
2474 -131.0000000000
2620 -130.0000000000
2653 -125.0000000000
2727 -123.0000000000
2869 -122.0000000000
2874 -121.0000000000
2910 -120.0000000000
2956 -119.0000000000
2992 -117.0000000000
3005 -115.0000000000
3072 -114.0000000000
3087 -113.0000000000
3157 -110.0000000000
3259 -109.0000000000
3273 -105.0000000000
3464 -102.0000000000
3644 -101.0000000000
3740 -95.0000000000
3843 -94.0000000000
3912 -93.0000000000
3996 -92.0000000000
4048 -91.0000000000
4538 -89.0000000000
4546 -88.0000000000
4664 -87.0000000000
4902 -86.0000000000
5566 -85.0000000000
5582 -82.0000000000
5687 -81.0000000000
5937 -80.0000000000
6007 -78.0000000000
6112 -76.0000000000
6142 -75.0000000000
6196 -72.0000000000
6504 -71.0000000000
6578 -68.0000000000
6959 -65.0000000000
7028 -63.0000000000
7046 -62.0000000000
7198 -61.0000000000
7312 -60.0000000000
7548 -59.0000000000
8213 -57.0000000000
9019 -54.0000000000
9840 -53.0000000000
10010 -64.0000000000
evaluations raw_y
1 -366.0000000000
3 -364.0000000000
5 -348.0000000000
17 -344.0000000000
18 -343.0000000000
25 -341.0000000000
33 -334.0000000000
57 -330.0000000000
84 -324.0000000000
104 -320.0000000000
105 -312.0000000000
132 -305.0000000000
141 -304.0000000000
152 -299.0000000000
166 -289.0000000000
252 -282.0000000000
330 -281.0000000000
354 -278.0000000000
430 -276.0000000000
466 -275.0000000000
519 -274.0000000000
524 -271.0000000000
661 -270.0000000000
681 -267.0000000000
730 -265.0000000000
758 -262.0000000000
810 -261.0000000000
920 -260.0000000000
932 -258.0000000000
980 -254.0000000000
1047 -248.0000000000
1105 -245.0000000000
1213 -242.0000000000
1226 -239.0000000000
1328 -237.0000000000
1352 -236.0000000000
1356 -233.0000000000
1402 -228.0000000000
1434 -226.0000000000
1465 -221.0000000000
1480 -212.0000000000
1531 -201.0000000000
1583 -200.0000000000
1618 -195.0000000000
1620 -191.0000000000
1647 -190.0000000000
1663 -189.0000000000
1695 -188.0000000000
1708 -187.0000000000
1753 -185.0000000000
1771 -184.0000000000
1779 -183.0000000000
1799 -182.0000000000
1809 -179.0000000000
1848 -178.0000000000
1869 -176.0000000000
1879 -175.0000000000
1886 -174.0000000000
1899 -173.0000000000
1904 -172.0000000000
1933 -169.0000000000
1958 -167.0000000000
1967 -165.0000000000
2030 -164.0000000000
2040 -162.0000000000
2065 -160.0000000000
2078 -159.0000000000
2107 -158.0000000000
2131 -155.0000000000
2180 -154.0000000000
2203 -149.0000000000
2226 -148.0000000000
2237 -147.0000000000
2258 -146.0000000000
2266 -142.0000000000
2299 -140.0000000000
2368 -139.0000000000
2419 -137.0000000000
2477 -133.0000000000
2569 -131.0000000000
2644 -129.0000000000
2708 -128.0000000000
2773 -124.0000000000
2891 -123.0000000000
2903 -119.0000000000
3011 -118.0000000000
3043 -117.0000000000
3045 -115.0000000000
3088 -114.0000000000
3129 -112.0000000000
3254 -109.0000000000
3311 -108.0000000000
3494 -107.0000000000
3647 -106.0000000000
3811 -105.0000000000
3990 -103.0000000000
4024 -101.0000000000
4097 -98.0000000000
4309 -96.0000000000
4362 -95.0000000000
4442 -94.0000000000
4444 -93.0000000000
4453 -92.0000000000
4495 -91.0000000000
4613 -90.0000000000
4749 -86.0000000000
4939 -85.0000000000
5266 -83.0000000000
5321 -82.0000000000
5362 -80.0000000000
5380 -79.0000000000
5438 -78.0000000000
5481 -75.0000000000
5667 -73.0000000000
5775 -72.0000000000
6123 -70.0000000000
6207 -68.0000000000
7044 -67.0000000000
7077 -66.0000000000
7613 -64.0000000000
7643 -62.0000000000
8231 -60.0000000000
8577 -59.0000000000
8630 -58.0000000000
9056 -57.0000000000
9155 -56.0000000000
9456 -54.0000000000
9869 -51.0000000000
10010 -66.0000000000
evaluations raw_y
1 -367.0000000000
2 -360.0000000000
5 -347.0000000000
30 -333.0000000000
51 -332.0000000000
93 -326.0000000000
108 -325.0000000000
124 -315.0000000000
154 -307.0000000000
179 -304.0000000000
186 -301.0000000000
212 -299.0000000000
213 -290.0000000000
233 -281.0000000000
281 -277.0000000000
331 -268.0000000000
415 -267.0000000000
432 -258.0000000000
546 -257.0000000000
671 -248.0000000000
751 -246.0000000000
844 -244.0000000000
926 -235.0000000000
1000 -234.0000000000
1024 -231.0000000000
1132 -230.0000000000
1213 -229.0000000000
1254 -226.0000000000
1274 -225.0000000000
1277 -224.0000000000
1284 -223.0000000000
1331 -221.0000000000
1365 -215.0000000000
1401 -213.0000000000
1422 -211.0000000000
1463 -210.0000000000
1480 -209.0000000000
1500 -207.0000000000
1504 -204.0000000000
1515 -202.0000000000
1570 -200.0000000000
1577 -198.0000000000
1588 -196.0000000000
1610 -195.0000000000
1619 -191.0000000000
1687 -188.0000000000
1701 -187.0000000000
1740 -184.0000000000
1775 -181.0000000000
1798 -180.0000000000
1811 -179.0000000000
1825 -178.0000000000
1870 -177.0000000000
1881 -175.0000000000
1904 -172.0000000000
1913 -170.0000000000
1948 -169.0000000000
2101 -167.0000000000
2113 -164.0000000000
2157 -163.0000000000
2166 -161.0000000000
2177 -159.0000000000
2199 -158.0000000000
2277 -157.0000000000
2308 -156.0000000000
2377 -155.0000000000
2379 -152.0000000000
2387 -149.0000000000
2420 -145.0000000000
2443 -144.0000000000
2471 -142.0000000000
2519 -141.0000000000
2536 -138.0000000000
2556 -137.0000000000
2579 -134.0000000000
2686 -133.0000000000
2720 -132.0000000000
2740 -131.0000000000
2744 -130.0000000000
2756 -129.0000000000
2908 -126.0000000000
2926 -125.0000000000
2967 -124.0000000000
2976 -121.0000000000
3015 -120.0000000000
3056 -119.0000000000
3125 -118.0000000000
3184 -113.0000000000
3218 -112.0000000000
3325 -111.0000000000
3508 -110.0000000000
3516 -107.0000000000
3764 -104.0000000000
3767 -101.0000000000
4014 -100.0000000000
4400 -99.0000000000
4503 -95.0000000000
4571 -94.0000000000
4667 -93.0000000000
4708 -87.0000000000
5014 -85.0000000000
5029 -81.0000000000
5648 -80.0000000000
5983 -79.0000000000
6021 -78.0000000000
6051 -77.0000000000
6134 -76.0000000000
6390 -74.0000000000
6621 -72.0000000000
6967 -70.0000000000
7086 -68.0000000000
7638 -66.0000000000
7657 -65.0000000000
7993 -64.0000000000
8242 -63.0000000000
9053 -62.0000000000
9823 -61.0000000000
9940 -60.0000000000
10010 -69.0000000000
evaluations raw_y
1 -347.0000000000
18 -345.0000000000
22 -343.0000000000
32 -339.0000000000
39 -338.0000000000
42 -331.0000000000
45 -329.0000000000
62 -315.0000000000
100 -313.0000000000
101 -306.0000000000
115 -303.0000000000
129 -302.0000000000
139 -298.0000000000
150 -289.0000000000
183 -287.0000000000
224 -282.0000000000
370 -280.0000000000
409 -278.0000000000
468 -276.0000000000
510 -273.0000000000
634 -272.0000000000
746 -269.0000000000
811 -267.0000000000
841 -266.0000000000
894 -257.0000000000
912 -256.0000000000
923 -255.0000000000
955 -253.0000000000
990 -252.0000000000
1138 -251.0000000000
1186 -249.0000000000
1213 -240.0000000000
1253 -237.0000000000
1297 -236.0000000000
1318 -235.0000000000
1342 -232.0000000000
1366 -229.0000000000
1417 -225.0000000000
1419 -222.0000000000
1433 -215.0000000000
1458 -214.0000000000
1509 -211.0000000000
1581 -207.0000000000
1592 -205.0000000000
1601 -204.0000000000
1605 -203.0000000000
1628 -202.0000000000
1629 -200.0000000000
1641 -197.0000000000
1677 -195.0000000000
1693 -191.0000000000
1704 -190.0000000000
1722 -189.0000000000
1736 -187.0000000000
1759 -186.0000000000
1782 -184.0000000000
1800 -180.0000000000
1822 -179.0000000000
1836 -177.0000000000
1841 -174.0000000000
1858 -171.0000000000
1880 -166.0000000000
1963 -163.0000000000
1982 -162.0000000000
2029 -160.0000000000
2045 -156.0000000000
2097 -155.0000000000
2147 -153.0000000000
2170 -152.0000000000
2193 -148.0000000000
2225 -145.0000000000
2244 -144.0000000000
2251 -143.0000000000
2259 -140.0000000000
2263 -138.0000000000
2293 -137.0000000000
2313 -135.0000000000
2398 -133.0000000000
2455 -132.0000000000
2487 -131.0000000000
2511 -130.0000000000
2530 -129.0000000000
2548 -128.0000000000
2625 -127.0000000000
2653 -125.0000000000
2692 -124.0000000000
2731 -122.0000000000
2853 -121.0000000000
2934 -118.0000000000
3089 -115.0000000000
3125 -114.0000000000
3182 -112.0000000000
3346 -111.0000000000
3362 -108.0000000000
3483 -107.0000000000
3537 -106.0000000000
3622 -105.0000000000
3755 -104.0000000000
3802 -100.0000000000
3920 -97.0000000000
4028 -96.0000000000
4345 -95.0000000000
4558 -93.0000000000
4685 -92.0000000000
4823 -91.0000000000
4981 -87.0000000000
5107 -86.0000000000
5153 -83.0000000000
5231 -82.0000000000
5410 -81.0000000000
5709 -80.0000000000
5891 -79.0000000000
6197 -78.0000000000
6557 -76.0000000000
6599 -74.0000000000
6734 -72.0000000000
7734 -71.0000000000
8107 -69.0000000000
8877 -68.0000000000
9344 -66.0000000000
9538 -65.0000000000
10010 -72.0000000000
evaluations raw_y
1 -352.0000000000
13 -348.0000000000
17 -347.0000000000
26 -344.0000000000
32 -341.0000000000
45 -332.0000000000
62 -321.0000000000
87 -303.0000000000
121 -298.0000000000
179 -295.0000000000
237 -293.0000000000
245 -288.0000000000
274 -286.0000000000
330 -284.0000000000
384 -282.0000000000
483 -279.0000000000
574 -277.0000000000
594 -276.0000000000
614 -273.0000000000
623 -270.0000000000
625 -257.0000000000
704 -253.0000000000
741 -251.0000000000
785 -248.0000000000
852 -246.0000000000
912 -244.0000000000
1003 -239.0000000000
1063 -234.0000000000
1302 -233.0000000000
1305 -230.0000000000
1330 -228.0000000000
1336 -227.0000000000
1340 -216.0000000000
1403 -214.0000000000
1420 -212.0000000000
1456 -211.0000000000
1459 -208.0000000000
1464 -206.0000000000
1488 -203.0000000000
1521 -199.0000000000
1547 -196.0000000000
1551 -195.0000000000
1582 -194.0000000000
1592 -193.0000000000
1600 -189.0000000000
1623 -186.0000000000
1641 -180.0000000000
1644 -178.0000000000
1678 -175.0000000000
1705 -174.0000000000
1777 -172.0000000000
1818 -171.0000000000
1841 -170.0000000000
1883 -168.0000000000
1892 -166.0000000000
1929 -164.0000000000
1946 -159.0000000000
1973 -158.0000000000
2052 -155.0000000000
2073 -154.0000000000
2087 -153.0000000000
2109 -150.0000000000
2143 -149.0000000000
2262 -147.0000000000
2332 -146.0000000000
2367 -145.0000000000
2378 -144.0000000000
2405 -142.0000000000
2460 -141.0000000000
2471 -138.0000000000
2500 -134.0000000000
2531 -132.0000000000
2541 -129.0000000000
2611 -128.0000000000
2760 -126.0000000000
2959 -125.0000000000
3008 -124.0000000000
3029 -122.0000000000
3126 -119.0000000000
3190 -115.0000000000
3600 -114.0000000000
3682 -112.0000000000
3715 -111.0000000000
3742 -110.0000000000
3919 -109.0000000000
3938 -108.0000000000
3969 -107.0000000000
4090 -105.0000000000
4237 -103.0000000000
4310 -102.0000000000
4353 -100.0000000000
4418 -99.0000000000
4430 -97.0000000000
4675 -96.0000000000
4797 -95.0000000000
4920 -94.0000000000
4968 -92.0000000000
5140 -91.0000000000
5520 -89.0000000000
5777 -86.0000000000
5815 -85.0000000000
6250 -83.0000000000
6631 -82.0000000000
6726 -81.0000000000
6759 -80.0000000000
6791 -78.0000000000
6817 -77.0000000000
6915 -75.0000000000
7040 -74.0000000000
7163 -73.0000000000
7171 -72.0000000000
7363 -70.0000000000
7402 -68.0000000000
7717 -67.0000000000
9001 -66.0000000000
9305 -64.0000000000
10010 -75.0000000000
evaluations raw_y
1 -350.0000000000
11 -346.0000000000
28 -335.0000000000
32 -333.0000000000
39 -324.0000000000
66 -321.0000000000
80 -314.0000000000
137 -313.0000000000
171 -305.0000000000
229 -304.0000000000
243 -292.0000000000
301 -288.0000000000
303 -284.0000000000
322 -281.0000000000
333 -280.0000000000
446 -277.0000000000
472 -274.0000000000
486 -271.0000000000
664 -265.0000000000
687 -261.0000000000
713 -258.0000000000
806 -251.0000000000
931 -249.0000000000
958 -245.0000000000
1084 -242.0000000000
1160 -241.0000000000
1173 -234.0000000000
1238 -232.0000000000
1255 -231.0000000000
1323 -222.0000000000
1440 -221.0000000000
1446 -220.0000000000
1447 -218.0000000000
1483 -216.0000000000
1532 -212.0000000000
1556 -210.0000000000
1571 -209.0000000000
1590 -208.0000000000
1625 -207.0000000000
1631 -204.0000000000
1645 -202.0000000000
1662 -199.0000000000
1688 -198.0000000000
1696 -195.0000000000
1705 -194.0000000000
1710 -193.0000000000
1731 -188.0000000000
1774 -187.0000000000
1804 -186.0000000000
1809 -181.0000000000
1860 -180.0000000000
1891 -176.0000000000
1919 -174.0000000000
1947 -173.0000000000
2000 -170.0000000000
2009 -167.0000000000
2021 -164.0000000000
2029 -163.0000000000
2066 -161.0000000000
2078 -159.0000000000
2105 -156.0000000000
2141 -155.0000000000
2156 -154.0000000000
2223 -152.0000000000
2275 -148.0000000000
2297 -143.0000000000
2307 -141.0000000000
2412 -140.0000000000
2429 -138.0000000000
2461 -136.0000000000
2475 -131.0000000000
2576 -130.0000000000
2618 -129.0000000000
2619 -128.0000000000
2650 -124.0000000000
2950 -122.0000000000
2957 -117.0000000000
3062 -116.0000000000
3184 -115.0000000000
3207 -112.0000000000
3232 -110.0000000000
3281 -107.0000000000
3353 -105.0000000000
3491 -104.0000000000
3515 -101.0000000000
3792 -100.0000000000
3902 -97.0000000000
3996 -95.0000000000
4116 -94.0000000000
4268 -93.0000000000
4528 -91.0000000000
4675 -90.0000000000
4786 -88.0000000000
5345 -87.0000000000
5435 -86.0000000000
5440 -85.0000000000
5498 -81.0000000000
5529 -80.0000000000
5593 -79.0000000000
5859 -78.0000000000
6018 -77.0000000000
6024 -75.0000000000
6062 -72.0000000000
6397 -69.0000000000
6770 -68.0000000000
7325 -67.0000000000
8157 -65.0000000000
8643 -64.0000000000
9118 -61.0000000000
9466 -60.0000000000
9665 -59.0000000000
9869 -58.0000000000
10010 -62.0000000000
evaluations raw_y
1 -352.0000000000
3 -347.0000000000
12 -332.0000000000
44 -321.0000000000
80 -314.0000000000
97 -311.0000000000
128 -303.0000000000
213 -300.0000000000
229 -297.0000000000
259 -294.0000000000
275 -291.0000000000
298 -288.0000000000
323 -283.0000000000
328 -280.0000000000
465 -274.0000000000
504 -273.0000000000
506 -265.0000000000
577 -264.0000000000
591 -260.0000000000
657 -257.0000000000
696 -250.0000000000
860 -247.0000000000
900 -245.0000000000
943 -243.0000000000
946 -237.0000000000
1042 -229.0000000000
1131 -227.0000000000
1194 -225.0000000000
1275 -223.0000000000
1337 -220.0000000000
1353 -216.0000000000
1403 -210.0000000000
1485 -205.0000000000
1513 -204.0000000000
1519 -202.0000000000
1522 -199.0000000000
1554 -198.0000000000
1562 -197.0000000000
1570 -194.0000000000
1589 -193.0000000000
1614 -189.0000000000
1646 -186.0000000000
1684 -185.0000000000
1695 -182.0000000000
1721 -181.0000000000
1731 -179.0000000000
1771 -177.0000000000
1780 -176.0000000000
1783 -174.0000000000
1790 -166.0000000000
1804 -165.0000000000
1849 -164.0000000000
1862 -163.0000000000
1888 -160.0000000000
1895 -154.0000000000
1954 -153.0000000000
1988 -149.0000000000
2006 -148.0000000000
2023 -146.0000000000
2098 -145.0000000000
2117 -144.0000000000
2124 -143.0000000000
2185 -141.0000000000
2232 -140.0000000000
2247 -138.0000000000
2284 -137.0000000000
2313 -134.0000000000
2411 -133.0000000000
2442 -131.0000000000
2492 -129.0000000000
2494 -127.0000000000
2591 -126.0000000000
2672 -125.0000000000
2704 -124.0000000000
2731 -118.0000000000
2779 -117.0000000000
2870 -116.0000000000
2910 -115.0000000000
2957 -114.0000000000
3013 -113.0000000000
3101 -111.0000000000
3134 -109.0000000000
3155 -108.0000000000
3189 -107.0000000000
3282 -106.0000000000
3439 -102.0000000000
3778 -101.0000000000
3868 -99.0000000000
3943 -97.0000000000
4193 -96.0000000000
4256 -95.0000000000
4393 -93.0000000000
4434 -92.0000000000
4721 -87.0000000000
4882 -86.0000000000
4901 -85.0000000000
5184 -84.0000000000
5195 -83.0000000000
5258 -82.0000000000
5512 -80.0000000000
5902 -79.0000000000
5964 -78.0000000000
5983 -77.0000000000
6157 -76.0000000000
6396 -75.0000000000
6615 -74.0000000000
6825 -73.0000000000
6992 -72.0000000000
7165 -69.0000000000
7523 -67.0000000000
7835 -66.0000000000
7946 -64.0000000000
8654 -63.0000000000
8712 -62.0000000000
8975 -61.0000000000
9032 -60.0000000000
9452 -59.0000000000
10010 -66.0000000000
evaluations raw_y
1 -376.0000000000
3 -362.0000000000
4 -344.0000000000
21 -336.0000000000
49 -330.0000000000
71 -329.0000000000
91 -325.0000000000
102 -321.0000000000
118 -320.0000000000
131 -318.0000000000
151 -316.0000000000
164 -313.0000000000
177 -310.0000000000
179 -309.0000000000
198 -305.0000000000
204 -299.0000000000
232 -296.0000000000
289 -295.0000000000
293 -290.0000000000
320 -287.0000000000
346 -286.0000000000
388 -285.0000000000
412 -284.0000000000
523 -280.0000000000
543 -278.0000000000
644 -274.0000000000
648 -272.0000000000
663 -267.0000000000
735 -265.0000000000
748 -258.0000000000
771 -252.0000000000
805 -250.0000000000
997 -249.0000000000
1041 -247.0000000000
1049 -245.0000000000
1058 -243.0000000000
1209 -242.0000000000
1240 -241.0000000000
1247 -232.0000000000
1314 -230.0000000000
1321 -222.0000000000
1362 -219.0000000000
1385 -218.0000000000
1464 -217.0000000000
1468 -213.0000000000
1499 -210.0000000000
1522 -209.0000000000
1533 -208.0000000000
1549 -203.0000000000
1559 -202.0000000000
1566 -200.0000000000
1588 -197.0000000000
1604 -196.0000000000
1610 -194.0000000000
1628 -192.0000000000
1662 -186.0000000000
1753 -184.0000000000
1772 -183.0000000000
1796 -181.0000000000
1826 -175.0000000000
1849 -172.0000000000
1852 -171.0000000000
1911 -170.0000000000
1929 -166.0000000000
1947 -165.0000000000
2007 -164.0000000000
2062 -162.0000000000
2082 -158.0000000000
2129 -157.0000000000
2138 -155.0000000000
2148 -154.0000000000
2182 -153.0000000000
2222 -151.0000000000
2255 -150.0000000000
2268 -149.0000000000
2271 -146.0000000000
2312 -145.0000000000
2352 -144.0000000000
2362 -143.0000000000
2375 -140.0000000000
2409 -135.0000000000
2424 -134.0000000000
2505 -133.0000000000
2596 -131.0000000000
2797 -130.0000000000
2894 -128.0000000000
2962 -122.0000000000
2973 -120.0000000000
3045 -118.0000000000
3102 -117.0000000000
3279 -109.0000000000
3369 -106.0000000000
3451 -105.0000000000
3542 -104.0000000000
3565 -100.0000000000
3856 -98.0000000000
3918 -97.0000000000
4451 -96.0000000000
4583 -94.0000000000
4797 -93.0000000000
4819 -91.0000000000
5073 -90.0000000000
5388 -89.0000000000
5462 -87.0000000000
5552 -86.0000000000
5680 -85.0000000000
5716 -83.0000000000
6115 -81.0000000000
6378 -78.0000000000
6647 -75.0000000000
7259 -74.0000000000
7555 -72.0000000000
7868 -71.0000000000
7896 -70.0000000000
7898 -68.0000000000
7994 -66.0000000000
8714 -65.0000000000
9007 -61.0000000000
9153 -60.0000000000
9716 -59.0000000000
9809 -58.0000000000
9910 -57.0000000000
10010 -63.0000000000
evaluations raw_y
1 -382.0000000000
2 -355.0000000000
4 -353.0000000000
7 -351.0000000000
11 -350.0000000000
28 -347.0000000000
40 -339.0000000000
42 -332.0000000000
81 -321.0000000000
101 -307.0000000000
112 -303.0000000000
113 -300.0000000000
136 -294.0000000000
166 -291.0000000000
266 -279.0000000000
370 -278.0000000000
413 -276.0000000000
449 -271.0000000000
524 -265.0000000000
543 -261.0000000000
597 -260.0000000000
612 -259.0000000000
617 -258.0000000000
813 -256.0000000000
831 -254.0000000000
892 -249.0000000000
1015 -244.0000000000
1105 -239.0000000000
1172 -234.0000000000
1193 -233.0000000000
1245 -232.0000000000
1366 -230.0000000000
1430 -224.0000000000
1451 -223.0000000000
1471 -222.0000000000
1477 -218.0000000000
1485 -217.0000000000
1516 -214.0000000000
1539 -212.0000000000
1565 -209.0000000000
1576 -207.0000000000
1605 -206.0000000000
1639 -205.0000000000
1654 -200.0000000000
1660 -197.0000000000
1692 -191.0000000000
1695 -190.0000000000
1714 -186.0000000000
1771 -184.0000000000
1799 -183.0000000000
1811 -181.0000000000
1833 -180.0000000000
1852 -178.0000000000
1882 -174.0000000000
1916 -172.0000000000
1968 -170.0000000000
1987 -166.0000000000
2008 -165.0000000000
2021 -163.0000000000
2042 -161.0000000000
2063 -159.0000000000
2091 -158.0000000000
2106 -157.0000000000
2143 -151.0000000000
2185 -149.0000000000
2210 -147.0000000000
2231 -144.0000000000
2278 -143.0000000000
2283 -140.0000000000
2500 -139.0000000000
2525 -136.0000000000
2577 -135.0000000000
2654 -132.0000000000
2677 -131.0000000000
2706 -129.0000000000
2734 -128.0000000000
2774 -127.0000000000
2778 -126.0000000000
2797 -124.0000000000
2872 -120.0000000000
2906 -119.0000000000
2921 -118.0000000000
2947 -116.0000000000
2964 -115.0000000000
3296 -111.0000000000
3340 -108.0000000000
3408 -105.0000000000
3570 -104.0000000000
3616 -101.0000000000
3671 -98.0000000000
3732 -97.0000000000
3803 -96.0000000000
3938 -95.0000000000
4085 -94.0000000000
4130 -92.0000000000
4245 -90.0000000000
4430 -88.0000000000
4638 -86.0000000000
4794 -84.0000000000
4984 -83.0000000000
5240 -80.0000000000
5347 -79.0000000000
5699 -78.0000000000
5875 -77.0000000000
6077 -76.0000000000
6268 -75.0000000000
6770 -73.0000000000
7495 -70.0000000000
7517 -68.0000000000
8144 -66.0000000000
8986 -65.0000000000
9364 -64.0000000000
9566 -63.0000000000
10010 -76.0000000000
evaluations raw_y
1 -355.0000000000
12 -338.0000000000
31 -333.0000000000
51 -324.0000000000
54 -320.0000000000
62 -318.0000000000
63 -310.0000000000
106 -307.0000000000
112 -304.0000000000
140 -301.0000000000
170 -293.0000000000
221 -288.0000000000
265 -279.0000000000
312 -274.0000000000
517 -271.0000000000
601 -267.0000000000
702 -260.0000000000
759 -257.0000000000
768 -256.0000000000
786 -255.0000000000
851 -251.0000000000
910 -249.0000000000
914 -241.0000000000
944 -238.0000000000
997 -236.0000000000
1011 -232.0000000000
1213 -227.0000000000
1258 -226.0000000000
1264 -225.0000000000
1290 -224.0000000000
1333 -219.0000000000
1347 -218.0000000000
1360 -216.0000000000
1381 -211.0000000000
1472 -210.0000000000
1478 -207.0000000000
1488 -205.0000000000
1517 -203.0000000000
1537 -202.0000000000
1546 -200.0000000000
1557 -198.0000000000
1577 -195.0000000000
1612 -191.0000000000
1648 -190.0000000000
1694 -188.0000000000
1702 -187.0000000000
1723 -186.0000000000
1744 -185.0000000000
1756 -182.0000000000
1793 -178.0000000000
1799 -176.0000000000
1823 -175.0000000000
1853 -173.0000000000
1870 -172.0000000000
1881 -170.0000000000
1923 -167.0000000000
1957 -163.0000000000
1996 -162.0000000000
2056 -161.0000000000
2060 -159.0000000000
2083 -158.0000000000
2099 -156.0000000000
2106 -155.0000000000
2117 -153.0000000000
2143 -152.0000000000
2148 -151.0000000000
2159 -144.0000000000
2187 -140.0000000000
2244 -139.0000000000
2268 -138.0000000000
2273 -137.0000000000
2323 -136.0000000000
2340 -134.0000000000
2412 -131.0000000000
2603 -128.0000000000
2669 -127.0000000000
2711 -122.0000000000
2919 -121.0000000000
2953 -120.0000000000
3056 -119.0000000000
3066 -117.0000000000
3137 -114.0000000000
3155 -113.0000000000
3205 -112.0000000000
3215 -110.0000000000
3252 -107.0000000000
3306 -106.0000000000
3416 -105.0000000000
3497 -100.0000000000
3563 -98.0000000000
3635 -97.0000000000
3757 -95.0000000000
3926 -91.0000000000
3990 -90.0000000000
4118 -87.0000000000
4161 -86.0000000000
4468 -84.0000000000
4559 -82.0000000000
4892 -80.0000000000
5111 -79.0000000000
5113 -78.0000000000
5146 -76.0000000000
5236 -74.0000000000
5319 -72.0000000000
5598 -70.0000000000
5957 -68.0000000000
6460 -65.0000000000
6755 -64.0000000000
6911 -63.0000000000
7301 -62.0000000000
7700 -61.0000000000
7739 -59.0000000000
7884 -57.0000000000
8882 -56.0000000000
9264 -55.0000000000
9902 -54.0000000000
10010 -61.0000000000
evaluations raw_y
1 -368.0000000000
2 -367.0000000000
4 -353.0000000000
13 -352.0000000000
21 -348.0000000000
31 -347.0000000000
33 -334.0000000000
39 -327.0000000000
61 -326.0000000000
80 -323.0000000000
92 -317.0000000000
100 -315.0000000000
147 -313.0000000000
165 -310.0000000000
173 -305.0000000000
187 -304.0000000000
244 -299.0000000000
317 -295.0000000000
330 -291.0000000000
360 -287.0000000000
370 -286.0000000000
411 -285.0000000000
446 -283.0000000000
483 -280.0000000000
559 -274.0000000000
594 -273.0000000000
612 -271.0000000000
631 -270.0000000000
643 -265.0000000000
709 -264.0000000000
721 -260.0000000000
730 -251.0000000000
852 -250.0000000000
920 -249.0000000000
1053 -248.0000000000
1139 -245.0000000000
1208 -244.0000000000
1236 -238.0000000000
1277 -229.0000000000
1327 -227.0000000000
1362 -225.0000000000
1462 -223.0000000000
1480 -220.0000000000
1502 -219.0000000000
1568 -214.0000000000
1600 -213.0000000000
1626 -212.0000000000
1632 -209.0000000000
1645 -205.0000000000
1669 -202.0000000000
1684 -201.0000000000
1697 -197.0000000000
1716 -196.0000000000
1719 -194.0000000000
1744 -191.0000000000
1768 -190.0000000000
1833 -185.0000000000
1855 -184.0000000000
1895 -183.0000000000
1904 -181.0000000000
1954 -179.0000000000
1975 -177.0000000000
1982 -174.0000000000
2009 -172.0000000000
2030 -170.0000000000
2046 -169.0000000000
2075 -168.0000000000
2089 -167.0000000000
2091 -166.0000000000
2098 -165.0000000000
2104 -162.0000000000
2114 -159.0000000000
2162 -157.0000000000
2208 -155.0000000000
2224 -154.0000000000
2258 -151.0000000000
2318 -149.0000000000
2367 -146.0000000000
2400 -140.0000000000
2446 -138.0000000000
2451 -135.0000000000
2573 -133.0000000000
2628 -132.0000000000
2727 -131.0000000000
2730 -130.0000000000
2832 -127.0000000000
2862 -125.0000000000
2952 -124.0000000000
2954 -122.0000000000
3055 -119.0000000000
3076 -117.0000000000
3099 -116.0000000000
3194 -115.0000000000
3282 -113.0000000000
3335 -111.0000000000
3369 -110.0000000000
3373 -109.0000000000
3467 -103.0000000000
3539 -101.0000000000
3587 -99.0000000000
3632 -95.0000000000
3700 -93.0000000000
3740 -91.0000000000
3799 -90.0000000000
3835 -89.0000000000
3887 -88.0000000000
4229 -87.0000000000
4716 -86.0000000000
4815 -85.0000000000
5021 -83.0000000000
5323 -82.0000000000
5904 -81.0000000000
6426 -77.0000000000
6472 -75.0000000000
6705 -74.0000000000
6748 -71.0000000000
7023 -70.0000000000
7112 -69.0000000000
7548 -67.0000000000
7578 -65.0000000000
7659 -64.0000000000
7965 -63.0000000000
10010 -71.0000000000
evaluations raw_y
1 -354.0000000000
2 -353.0000000000
4 -347.0000000000
21 -344.0000000000
24 -340.0000000000
26 -337.0000000000
32 -333.0000000000
39 -327.0000000000
68 -320.0000000000
80 -319.0000000000
96 -315.0000000000
97 -309.0000000000
131 -306.0000000000
139 -303.0000000000
154 -288.0000000000
286 -286.0000000000
289 -282.0000000000
323 -273.0000000000
456 -272.0000000000
497 -270.0000000000
671 -269.0000000000
734 -266.0000000000
748 -265.0000000000
798 -257.0000000000
850 -256.0000000000
880 -255.0000000000
900 -253.0000000000
910 -247.0000000000
930 -246.0000000000
1006 -243.0000000000
1043 -235.0000000000
1089 -232.0000000000
1112 -231.0000000000
1145 -228.0000000000
1242 -227.0000000000
1304 -220.0000000000
1335 -218.0000000000
1404 -213.0000000000
1461 -212.0000000000
1485 -210.0000000000
1517 -207.0000000000
1545 -204.0000000000
1554 -203.0000000000
1586 -201.0000000000
1618 -191.0000000000
1624 -189.0000000000
1668 -187.0000000000
1701 -185.0000000000
1732 -182.0000000000
1780 -178.0000000000
1791 -176.0000000000
1835 -169.0000000000
1870 -168.0000000000
1905 -167.0000000000
1914 -166.0000000000
1918 -165.0000000000
1920 -163.0000000000
1985 -159.0000000000
2034 -153.0000000000
2123 -151.0000000000
2146 -147.0000000000
2216 -146.0000000000
2236 -144.0000000000
2283 -143.0000000000
2402 -142.0000000000
2425 -137.0000000000
2432 -135.0000000000
2515 -134.0000000000
2602 -132.0000000000
2676 -130.0000000000
2729 -129.0000000000
2750 -127.0000000000
2767 -126.0000000000
2793 -125.0000000000
2874 -124.0000000000
2877 -123.0000000000
2949 -122.0000000000
3031 -121.0000000000
3034 -119.0000000000
3145 -118.0000000000
3177 -114.0000000000
3233 -112.0000000000
3266 -111.0000000000
3441 -109.0000000000
3492 -107.0000000000
3572 -106.0000000000
3680 -105.0000000000
3776 -102.0000000000
3846 -101.0000000000
3953 -100.0000000000
3990 -98.0000000000
4023 -96.0000000000
4031 -94.0000000000
4210 -93.0000000000
4270 -90.0000000000
4626 -88.0000000000
4824 -87.0000000000
4895 -86.0000000000
5072 -85.0000000000
5145 -84.0000000000
5576 -81.0000000000
5686 -78.0000000000
5782 -75.0000000000
5852 -73.0000000000
6309 -72.0000000000
6352 -70.0000000000
6686 -68.0000000000
6735 -66.0000000000
6973 -65.0000000000
7140 -64.0000000000
7284 -63.0000000000
7316 -61.0000000000
7535 -59.0000000000
7611 -57.0000000000
7765 -56.0000000000
8507 -55.0000000000
8873 -53.0000000000
8876 -52.0000000000
9186 -51.0000000000
9275 -49.0000000000
10010 -61.0000000000
evaluations raw_y
1 -372.0000000000
3 -369.0000000000
7 -350.0000000000
34 -349.0000000000
38 -324.0000000000
81 -323.0000000000
85 -321.0000000000
87 -320.0000000000
107 -316.0000000000
111 -314.0000000000
128 -307.0000000000
164 -306.0000000000
183 -298.0000000000
203 -288.0000000000
271 -272.0000000000
347 -270.0000000000
497 -267.0000000000
547 -265.0000000000
613 -264.0000000000
711 -262.0000000000
809 -259.0000000000
854 -256.0000000000
1008 -252.0000000000
1028 -245.0000000000
1054 -243.0000000000
1218 -242.0000000000
1234 -237.0000000000
1248 -235.0000000000
1285 -233.0000000000
1343 -231.0000000000
1379 -223.0000000000
1407 -220.0000000000
1448 -218.0000000000
1451 -215.0000000000
1487 -212.0000000000
1508 -208.0000000000
1542 -206.0000000000
1570 -205.0000000000
1588 -203.0000000000
1602 -202.0000000000
1615 -199.0000000000
1620 -198.0000000000
1641 -196.0000000000
1676 -192.0000000000
1681 -188.0000000000
1722 -186.0000000000
1726 -184.0000000000
1733 -183.0000000000
1744 -181.0000000000
1752 -177.0000000000
1767 -175.0000000000
1828 -174.0000000000
1848 -172.0000000000
1864 -171.0000000000
1905 -170.0000000000
1932 -169.0000000000
1934 -165.0000000000
1953 -164.0000000000
1975 -161.0000000000
1996 -160.0000000000
2050 -159.0000000000
2055 -157.0000000000
2059 -156.0000000000
2095 -152.0000000000
2174 -150.0000000000
2188 -149.0000000000
2193 -148.0000000000
2205 -147.0000000000
2242 -145.0000000000
2254 -139.0000000000
2281 -135.0000000000
2318 -132.0000000000
2328 -131.0000000000
2390 -127.0000000000
2484 -126.0000000000
2546 -125.0000000000
2565 -124.0000000000
2617 -121.0000000000
2701 -119.0000000000
2745 -118.0000000000
2806 -115.0000000000
3041 -114.0000000000
3101 -110.0000000000
3218 -109.0000000000
3356 -108.0000000000
3416 -107.0000000000
3452 -105.0000000000
3645 -103.0000000000
3938 -102.0000000000
4049 -101.0000000000
4112 -99.0000000000
4347 -98.0000000000
4508 -97.0000000000
4708 -96.0000000000
4771 -92.0000000000
5124 -91.0000000000
5210 -90.0000000000
5244 -87.0000000000
5685 -86.0000000000
5790 -82.0000000000
5820 -80.0000000000
6083 -78.0000000000
6837 -75.0000000000
6998 -73.0000000000
7532 -72.0000000000
8537 -71.0000000000
8842 -70.0000000000
9660 -69.0000000000
10010 -78.0000000000
evaluations raw_y
1 -381.0000000000
2 -352.0000000000
4 -349.0000000000
12 -348.0000000000
30 -346.0000000000
32 -344.0000000000
35 -335.0000000000
39 -330.0000000000
44 -329.0000000000
58 -324.0000000000
74 -323.0000000000
76 -319.0000000000
101 -314.0000000000
111 -313.0000000000
118 -307.0000000000
152 -303.0000000000
190 -302.0000000000
193 -301.0000000000
198 -292.0000000000
252 -288.0000000000
272 -283.0000000000
322 -278.0000000000
342 -277.0000000000
369 -274.0000000000
446 -273.0000000000
486 -263.0000000000
620 -262.0000000000
804 -259.0000000000
873 -254.0000000000
887 -252.0000000000
1036 -249.0000000000
1044 -240.0000000000
1082 -234.0000000000
1105 -232.0000000000
1119 -231.0000000000
1126 -230.0000000000
1162 -225.0000000000
1270 -218.0000000000
1350 -217.0000000000
1373 -213.0000000000
1481 -210.0000000000
1509 -206.0000000000
1555 -201.0000000000
1588 -198.0000000000
1646 -197.0000000000
1657 -194.0000000000
1680 -192.0000000000
1694 -191.0000000000
1697 -190.0000000000
1713 -187.0000000000
1722 -186.0000000000
1735 -185.0000000000
1749 -183.0000000000
1754 -178.0000000000
1769 -177.0000000000
1792 -175.0000000000
1812 -172.0000000000
1901 -171.0000000000
1922 -169.0000000000
1941 -168.0000000000
1962 -165.0000000000
1975 -164.0000000000
1990 -160.0000000000
2010 -159.0000000000
2040 -156.0000000000
2073 -152.0000000000
2102 -150.0000000000
2134 -146.0000000000
2174 -144.0000000000
2217 -143.0000000000
2266 -142.0000000000
2295 -141.0000000000
2387 -139.0000000000
2410 -132.0000000000
2444 -130.0000000000
2534 -128.0000000000
2575 -126.0000000000
2620 -124.0000000000
2703 -122.0000000000
2758 -121.0000000000
2779 -119.0000000000
2907 -118.0000000000
2991 -117.0000000000
3011 -116.0000000000
3064 -114.0000000000
3075 -113.0000000000
3160 -112.0000000000
3251 -111.0000000000
3367 -110.0000000000
3582 -107.0000000000
3673 -106.0000000000
3734 -104.0000000000
3950 -103.0000000000
4123 -102.0000000000
4127 -101.0000000000
4184 -100.0000000000
4254 -96.0000000000
4356 -95.0000000000
4410 -94.0000000000
4862 -93.0000000000
5015 -89.0000000000
5096 -87.0000000000
5266 -84.0000000000
5296 -83.0000000000
5338 -81.0000000000
5589 -78.0000000000
5817 -77.0000000000
5912 -73.0000000000
5942 -72.0000000000
6158 -71.0000000000
6427 -70.0000000000
6943 -69.0000000000
6952 -66.0000000000
7339 -64.0000000000
7795 -63.0000000000
7834 -60.0000000000
8094 -59.0000000000
8940 -58.0000000000
9230 -57.0000000000
9437 -56.0000000000
9465 -55.0000000000
9579 -54.0000000000
9767 -53.0000000000
9835 -51.0000000000
10010 -62.0000000000
evaluations raw_y
1 -396.0000000000
2 -380.0000000000
3 -372.0000000000
4 -366.0000000000
5 -359.0000000000
6 -353.0000000000
19 -344.0000000000
24 -335.0000000000
40 -331.0000000000
59 -329.0000000000
70 -320.0000000000
99 -319.0000000000
107 -304.0000000000
150 -302.0000000000
176 -291.0000000000
263 -290.0000000000
273 -280.0000000000
332 -279.0000000000
359 -271.0000000000
451 -270.0000000000
570 -264.0000000000
650 -263.0000000000
694 -262.0000000000
696 -258.0000000000
722 -253.0000000000
908 -241.0000000000
1013 -240.0000000000
1110 -239.0000000000
1162 -236.0000000000
1173 -233.0000000000
1196 -232.0000000000
1205 -229.0000000000
1265 -228.0000000000
1294 -222.0000000000
1340 -220.0000000000
1380 -217.0000000000
1449 -215.0000000000
1464 -212.0000000000
1500 -210.0000000000
1578 -205.0000000000
1590 -199.0000000000
1612 -195.0000000000
1633 -191.0000000000
1678 -190.0000000000
1691 -188.0000000000
1696 -186.0000000000
1719 -185.0000000000
1735 -183.0000000000
1744 -181.0000000000
1750 -180.0000000000
1754 -179.0000000000
1771 -178.0000000000
1801 -177.0000000000
1823 -175.0000000000
1840 -174.0000000000
1849 -173.0000000000
1866 -172.0000000000
1893 -171.0000000000
1912 -169.0000000000
1942 -168.0000000000
1991 -164.0000000000
2019 -158.0000000000
2046 -156.0000000000
2064 -155.0000000000
2065 -153.0000000000
2068 -148.0000000000
2113 -147.0000000000
2127 -146.0000000000
2202 -142.0000000000
2208 -141.0000000000
2243 -139.0000000000
2288 -138.0000000000
2304 -137.0000000000
2313 -134.0000000000
2384 -133.0000000000
2403 -131.0000000000
2462 -129.0000000000
2479 -128.0000000000
2544 -127.0000000000
2545 -126.0000000000
2565 -125.0000000000
2621 -124.0000000000
2633 -123.0000000000
2654 -122.0000000000
2677 -121.0000000000
2739 -119.0000000000
2759 -118.0000000000
2798 -113.0000000000
3096 -111.0000000000
3140 -109.0000000000
3180 -108.0000000000
3250 -106.0000000000
3259 -104.0000000000
3318 -99.0000000000
3417 -98.0000000000
3426 -97.0000000000
3447 -96.0000000000
3549 -95.0000000000
3675 -93.0000000000
3746 -92.0000000000
3874 -90.0000000000
3899 -89.0000000000
3947 -88.0000000000
4069 -86.0000000000
4113 -85.0000000000
4480 -84.0000000000
4573 -83.0000000000
5337 -82.0000000000
5655 -81.0000000000
5725 -79.0000000000
5809 -78.0000000000
5983 -77.0000000000
6171 -76.0000000000
6179 -75.0000000000
6704 -74.0000000000
7387 -70.0000000000
7909 -68.0000000000
8610 -66.0000000000
8775 -65.0000000000
8983 -64.0000000000
9177 -63.0000000000
10010 -66.0000000000
evaluations raw_y
1 -378.0000000000
4 -345.0000000000
18 -344.0000000000
44 -332.0000000000
57 -330.0000000000
62 -329.0000000000
69 -328.0000000000
83 -313.0000000000
135 -305.0000000000
163 -297.0000000000
186 -296.0000000000
200 -288.0000000000
309 -285.0000000000
328 -284.0000000000
372 -282.0000000000
386 -278.0000000000
411 -272.0000000000
478 -268.0000000000
494 -267.0000000000
509 -257.0000000000
790 -255.0000000000
893 -254.0000000000
911 -253.0000000000
932 -252.0000000000
1010 -250.0000000000
1016 -239.0000000000
1035 -234.0000000000
1094 -231.0000000000
1222 -230.0000000000
1225 -228.0000000000
1281 -227.0000000000
1294 -221.0000000000
1407 -218.0000000000
1433 -217.0000000000
1461 -215.0000000000
1471 -213.0000000000
1511 -210.0000000000
1513 -209.0000000000
1524 -205.0000000000
1559 -203.0000000000
1588 -201.0000000000
1636 -197.0000000000
1682 -191.0000000000
1735 -188.0000000000
1782 -185.0000000000
1792 -184.0000000000
1793 -183.0000000000
1825 -178.0000000000
1933 -173.0000000000
2018 -172.0000000000
2021 -170.0000000000
2116 -169.0000000000
2137 -168.0000000000
2146 -163.0000000000
2172 -159.0000000000
2212 -158.0000000000
2229 -157.0000000000
2232 -156.0000000000
2237 -151.0000000000
2312 -150.0000000000
2361 -149.0000000000
2389 -144.0000000000
2424 -142.0000000000
2502 -141.0000000000
2534 -139.0000000000
2549 -136.0000000000
2620 -135.0000000000
2624 -133.0000000000
2652 -129.0000000000
2711 -128.0000000000
2744 -125.0000000000
2809 -123.0000000000
2842 -122.0000000000
2864 -121.0000000000
2900 -119.0000000000
2912 -118.0000000000
2936 -117.0000000000
3208 -116.0000000000
3235 -112.0000000000
3334 -108.0000000000
3408 -107.0000000000
3438 -103.0000000000
3574 -101.0000000000
3722 -100.0000000000
3741 -98.0000000000
3789 -96.0000000000
3819 -95.0000000000
4016 -90.0000000000
4173 -88.0000000000
4368 -87.0000000000
4733 -85.0000000000
4818 -84.0000000000
5324 -83.0000000000
5435 -81.0000000000
5618 -80.0000000000
5761 -78.0000000000
5809 -76.0000000000
6037 -75.0000000000
6085 -71.0000000000
6114 -67.0000000000
6678 -64.0000000000
7101 -62.0000000000
7477 -61.0000000000
7635 -59.0000000000
8032 -58.0000000000
8799 -56.0000000000
8833 -55.0000000000
9027 -54.0000000000
10010 -60.0000000000
evaluations raw_y
1 -347.0000000000
23 -345.0000000000
27 -340.0000000000
51 -337.0000000000
54 -332.0000000000
62 -328.0000000000
69 -325.0000000000
81 -324.0000000000
88 -316.0000000000
116 -313.0000000000
140 -308.0000000000
171 -306.0000000000
183 -295.0000000000
268 -294.0000000000
278 -291.0000000000
294 -279.0000000000
438 -268.0000000000
552 -267.0000000000
566 -263.0000000000
599 -260.0000000000
616 -254.0000000000
644 -252.0000000000
711 -251.0000000000
837 -250.0000000000
879 -249.0000000000
907 -238.0000000000
1055 -237.0000000000
1108 -236.0000000000
1110 -234.0000000000
1207 -233.0000000000
1212 -232.0000000000
1251 -226.0000000000
1272 -225.0000000000
1320 -224.0000000000
1322 -223.0000000000
1351 -222.0000000000
1354 -218.0000000000
1383 -216.0000000000
1385 -214.0000000000
1410 -207.0000000000
1481 -206.0000000000
1516 -202.0000000000
1555 -201.0000000000
1571 -198.0000000000
1594 -197.0000000000
1615 -196.0000000000
1623 -195.0000000000
1634 -191.0000000000
1641 -190.0000000000
1645 -186.0000000000
1716 -184.0000000000
1720 -180.0000000000
1773 -178.0000000000
1798 -177.0000000000
1811 -176.0000000000
1817 -173.0000000000
1844 -172.0000000000
1857 -171.0000000000
1880 -170.0000000000
1899 -169.0000000000
1911 -166.0000000000
1968 -164.0000000000
1972 -163.0000000000
2021 -161.0000000000
2044 -158.0000000000
2136 -156.0000000000
2160 -155.0000000000
2192 -154.0000000000
2215 -153.0000000000
2295 -152.0000000000
2306 -150.0000000000
2340 -149.0000000000
2345 -148.0000000000
2464 -147.0000000000
2488 -142.0000000000
2505 -141.0000000000
2589 -140.0000000000
2598 -139.0000000000
2639 -133.0000000000
2725 -132.0000000000
2744 -128.0000000000
2852 -127.0000000000
2860 -126.0000000000
2867 -121.0000000000
2886 -119.0000000000
2918 -117.0000000000
2919 -116.0000000000
3018 -113.0000000000
3102 -111.0000000000
3171 -109.0000000000
3190 -108.0000000000
3257 -106.0000000000
3384 -105.0000000000
3427 -104.0000000000
3552 -103.0000000000
3627 -102.0000000000
3697 -101.0000000000
3715 -100.0000000000
3900 -99.0000000000
4131 -95.0000000000
4412 -91.0000000000
4467 -90.0000000000
4538 -89.0000000000
4690 -88.0000000000
4839 -86.0000000000
4992 -84.0000000000
5053 -83.0000000000
5370 -82.0000000000
5496 -79.0000000000
5552 -78.0000000000
5645 -76.0000000000
5832 -75.0000000000
6298 -74.0000000000
6562 -73.0000000000
6694 -71.0000000000
6812 -70.0000000000
6972 -68.0000000000
7053 -67.0000000000
7421 -66.0000000000
7811 -64.0000000000
8057 -63.0000000000
8990 -62.0000000000
9093 -59.0000000000
9675 -58.0000000000
9730 -56.0000000000
10010 -65.0000000000
evaluations raw_y
1 -378.0000000000
2 -377.0000000000
5 -364.0000000000
6 -356.0000000000
17 -355.0000000000
21 -352.0000000000
22 -341.0000000000
41 -336.0000000000
46 -334.0000000000
61 -319.0000000000
91 -318.0000000000
100 -317.0000000000
112 -314.0000000000
115 -313.0000000000
134 -312.0000000000
137 -308.0000000000
148 -300.0000000000
196 -297.0000000000
235 -293.0000000000
261 -288.0000000000
293 -286.0000000000
405 -284.0000000000
421 -280.0000000000
492 -275.0000000000
583 -273.0000000000
615 -266.0000000000
673 -264.0000000000
679 -252.0000000000
733 -250.0000000000
784 -245.0000000000
822 -240.0000000000
957 -233.0000000000
985 -232.0000000000
1071 -229.0000000000
1151 -228.0000000000
1254 -227.0000000000
1358 -225.0000000000
1435 -222.0000000000
1445 -218.0000000000
1469 -211.0000000000
1493 -210.0000000000
1525 -208.0000000000
1570 -203.0000000000
1605 -201.0000000000
1624 -199.0000000000
1647 -198.0000000000
1662 -195.0000000000
1683 -192.0000000000
1721 -191.0000000000
1738 -187.0000000000
1817 -186.0000000000
1824 -182.0000000000
1869 -181.0000000000
1886 -179.0000000000
1891 -176.0000000000
1908 -169.0000000000
1994 -168.0000000000
2060 -167.0000000000
2075 -164.0000000000
2122 -163.0000000000
2158 -162.0000000000
2159 -161.0000000000
2216 -160.0000000000
2239 -159.0000000000
2253 -158.0000000000
2279 -157.0000000000
2301 -156.0000000000
2311 -154.0000000000
2356 -152.0000000000
2364 -151.0000000000
2407 -149.0000000000
2417 -148.0000000000
2555 -144.0000000000
2596 -142.0000000000
2684 -140.0000000000
2769 -137.0000000000
2884 -135.0000000000
2944 -130.0000000000
3136 -129.0000000000
3182 -128.0000000000
3264 -126.0000000000
3367 -125.0000000000
3374 -120.0000000000
3482 -119.0000000000
3551 -118.0000000000
3632 -116.0000000000
3672 -113.0000000000
3797 -111.0000000000
3998 -110.0000000000
4016 -107.0000000000
4077 -106.0000000000
4144 -103.0000000000
4229 -102.0000000000
4281 -100.0000000000
4419 -99.0000000000
4493 -98.0000000000
4500 -94.0000000000
4625 -93.0000000000
4635 -91.0000000000
4795 -89.0000000000
5172 -87.0000000000
5277 -86.0000000000
5476 -84.0000000000
5535 -83.0000000000
5706 -82.0000000000
5779 -81.0000000000
6120 -80.0000000000
6230 -78.0000000000
6777 -77.0000000000
6936 -74.0000000000
7503 -71.0000000000
7856 -70.0000000000
8144 -67.0000000000
8313 -66.0000000000
8643 -64.0000000000
8924 -62.0000000000
9246 -61.0000000000
9692 -58.0000000000
10010 -74.0000000000
evaluations raw_y
1 -349.0000000000
6 -339.0000000000
50 -338.0000000000
51 -336.0000000000
58 -313.0000000000
113 -311.0000000000
121 -305.0000000000
172 -303.0000000000
202 -297.0000000000
253 -290.0000000000
323 -286.0000000000
331 -285.0000000000
407 -283.0000000000
426 -270.0000000000
510 -268.0000000000
562 -264.0000000000
695 -258.0000000000
818 -249.0000000000
898 -240.0000000000
1071 -239.0000000000
1139 -235.0000000000
1168 -233.0000000000
1184 -232.0000000000
1220 -228.0000000000
1225 -226.0000000000
1233 -221.0000000000
1264 -220.0000000000
1298 -218.0000000000
1308 -217.0000000000
1348 -215.0000000000
1369 -214.0000000000
1384 -213.0000000000
1393 -212.0000000000
1412 -211.0000000000
1427 -208.0000000000
1439 -207.0000000000
1459 -201.0000000000
1493 -200.0000000000
1497 -199.0000000000
1512 -196.0000000000
1523 -190.0000000000
1566 -189.0000000000
1570 -187.0000000000
1616 -186.0000000000
1638 -185.0000000000
1640 -184.0000000000
1651 -182.0000000000
1657 -180.0000000000
1676 -178.0000000000
1677 -177.0000000000
1703 -171.0000000000
1742 -169.0000000000
1788 -168.0000000000
1826 -167.0000000000
1828 -166.0000000000
1867 -163.0000000000
1900 -162.0000000000
1904 -161.0000000000
1935 -160.0000000000
1938 -158.0000000000
1947 -156.0000000000
2027 -155.0000000000
2058 -154.0000000000
2181 -152.0000000000
2189 -151.0000000000
2205 -150.0000000000
2239 -149.0000000000
2259 -148.0000000000
2279 -146.0000000000
2332 -144.0000000000
2358 -143.0000000000
2393 -142.0000000000
2415 -137.0000000000
2478 -135.0000000000
2587 -132.0000000000
2652 -129.0000000000
2764 -125.0000000000
2811 -124.0000000000
2849 -123.0000000000
2852 -122.0000000000
2910 -121.0000000000
2952 -120.0000000000
2968 -116.0000000000
3127 -115.0000000000
3263 -114.0000000000
3343 -113.0000000000
3579 -112.0000000000
3620 -111.0000000000
3667 -110.0000000000
3699 -108.0000000000
3720 -107.0000000000
3764 -106.0000000000
3765 -104.0000000000
3801 -100.0000000000
3867 -99.0000000000
4159 -95.0000000000
4268 -93.0000000000
4316 -92.0000000000
4363 -91.0000000000
4553 -90.0000000000
4755 -88.0000000000
4800 -86.0000000000
4946 -85.0000000000
5203 -84.0000000000
5251 -80.0000000000
5655 -79.0000000000
6079 -76.0000000000
6109 -74.0000000000
6399 -73.0000000000
6634 -72.0000000000
6903 -70.0000000000
6942 -68.0000000000
7107 -67.0000000000
7321 -63.0000000000
7388 -62.0000000000
7912 -61.0000000000
9040 -60.0000000000
9923 -59.0000000000
10010 -70.0000000000
evaluations raw_y
1 -373.0000000000
9 -368.0000000000
10 -354.0000000000
13 -346.0000000000
25 -341.0000000000
31 -336.0000000000
44 -332.0000000000
60 -328.0000000000
63 -305.0000000000
118 -304.0000000000
141 -297.0000000000
205 -296.0000000000
242 -292.0000000000
366 -283.0000000000
432 -280.0000000000
435 -279.0000000000
481 -270.0000000000
578 -264.0000000000
605 -263.0000000000
752 -262.0000000000
777 -256.0000000000
846 -255.0000000000
872 -252.0000000000
945 -251.0000000000
968 -248.0000000000
993 -247.0000000000
1057 -246.0000000000
1078 -244.0000000000
1181 -242.0000000000
1191 -240.0000000000
1195 -239.0000000000
1197 -238.0000000000
1269 -235.0000000000
1318 -230.0000000000
1387 -229.0000000000
1412 -227.0000000000
1445 -225.0000000000
1486 -218.0000000000
1528 -217.0000000000
1537 -211.0000000000
1602 -209.0000000000
1624 -201.0000000000
1642 -198.0000000000
1693 -197.0000000000
1717 -193.0000000000
1764 -191.0000000000
1770 -190.0000000000
1797 -189.0000000000
1823 -188.0000000000
1864 -183.0000000000
1875 -182.0000000000
1896 -179.0000000000
1929 -178.0000000000
1966 -175.0000000000
1998 -173.0000000000
2008 -170.0000000000
2039 -166.0000000000
2067 -165.0000000000
2083 -164.0000000000
2120 -162.0000000000
2137 -161.0000000000
2140 -158.0000000000
2174 -154.0000000000
2235 -152.0000000000
2280 -151.0000000000
2287 -149.0000000000
2289 -147.0000000000
2307 -146.0000000000
2348 -145.0000000000
2402 -143.0000000000
2430 -142.0000000000
2498 -139.0000000000
2574 -138.0000000000
2590 -136.0000000000
2612 -134.0000000000
2752 -129.0000000000
2820 -128.0000000000
2839 -126.0000000000
3049 -125.0000000000
3081 -122.0000000000
3162 -119.0000000000
3286 -116.0000000000
3322 -115.0000000000
3357 -112.0000000000
3392 -110.0000000000
3437 -108.0000000000
3563 -107.0000000000
3766 -106.0000000000
3800 -105.0000000000
3811 -101.0000000000
4126 -95.0000000000
4264 -94.0000000000
4294 -92.0000000000
4308 -88.0000000000
4382 -87.0000000000
4438 -86.0000000000
4581 -85.0000000000
4711 -82.0000000000
4869 -81.0000000000
5258 -80.0000000000
5376 -75.0000000000
5642 -74.0000000000
5736 -73.0000000000
5837 -71.0000000000
5923 -69.0000000000
6051 -68.0000000000
6078 -67.0000000000
6534 -65.0000000000
7401 -64.0000000000
7569 -62.0000000000
7686 -60.0000000000
7830 -59.0000000000
8066 -58.0000000000
8432 -57.0000000000
10010 -62.0000000000
evaluations raw_y
1 -385.0000000000
2 -373.0000000000
4 -368.0000000000
11 -366.0000000000
14 -362.0000000000
18 -343.0000000000
22 -342.0000000000
24 -341.0000000000
41 -337.0000000000
42 -330.0000000000
66 -327.0000000000
77 -326.0000000000
85 -319.0000000000
107 -318.0000000000
119 -314.0000000000
123 -306.0000000000
184 -300.0000000000
222 -298.0000000000
243 -295.0000000000
259 -293.0000000000
262 -286.0000000000
286 -283.0000000000
336 -281.0000000000
371 -277.0000000000
391 -275.0000000000
429 -272.0000000000
440 -270.0000000000
653 -265.0000000000
755 -264.0000000000
796 -262.0000000000
915 -253.0000000000
940 -242.0000000000
993 -241.0000000000
1066 -239.0000000000
1095 -237.0000000000
1134 -236.0000000000
1254 -226.0000000000
1268 -224.0000000000
1316 -223.0000000000
1339 -221.0000000000
1359 -219.0000000000
1386 -217.0000000000
1434 -215.0000000000
1438 -213.0000000000
1463 -209.0000000000
1502 -208.0000000000
1538 -203.0000000000
1571 -201.0000000000
1582 -200.0000000000
1594 -196.0000000000
1632 -192.0000000000
1732 -191.0000000000
1734 -190.0000000000
1740 -188.0000000000
1779 -186.0000000000
1796 -185.0000000000
1802 -182.0000000000
1835 -181.0000000000
1860 -180.0000000000
1909 -178.0000000000
1942 -177.0000000000
1964 -173.0000000000
2003 -172.0000000000
2065 -169.0000000000
2097 -168.0000000000
2147 -162.0000000000
2199 -156.0000000000
2220 -155.0000000000
2255 -153.0000000000
2258 -152.0000000000
2279 -145.0000000000
2326 -143.0000000000
2360 -142.0000000000
2369 -139.0000000000
2401 -138.0000000000
2410 -136.0000000000
2472 -135.0000000000
2509 -133.0000000000
2575 -132.0000000000
2644 -129.0000000000
2660 -127.0000000000
2707 -126.0000000000
2723 -125.0000000000
2748 -123.0000000000
2790 -122.0000000000
2849 -121.0000000000
2897 -119.0000000000
2916 -117.0000000000
2982 -116.0000000000
3001 -113.0000000000
3223 -111.0000000000
3277 -110.0000000000
3313 -108.0000000000
3466 -106.0000000000
3496 -105.0000000000
3525 -102.0000000000
3532 -101.0000000000
3590 -97.0000000000
3654 -96.0000000000
3754 -95.0000000000
3998 -92.0000000000
4157 -91.0000000000
4179 -90.0000000000
4258 -86.0000000000
4501 -85.0000000000
4508 -84.0000000000
4692 -82.0000000000
4811 -80.0000000000
4840 -79.0000000000
4907 -76.0000000000
4924 -75.0000000000
5018 -74.0000000000
5575 -73.0000000000
6009 -72.0000000000
6203 -67.0000000000
6349 -66.0000000000
7090 -63.0000000000
7204 -62.0000000000
7381 -61.0000000000
7459 -59.0000000000
7766 -58.0000000000
8224 -57.0000000000
8465 -56.0000000000
8807 -55.0000000000
9554 -54.0000000000
10010 -66.0000000000
evaluations raw_y
1 -372.0000000000
3 -361.0000000000
8 -337.0000000000
28 -330.0000000000
42 -329.0000000000
70 -328.0000000000
71 -313.0000000000
153 -303.0000000000
187 -302.0000000000
204 -280.0000000000
361 -275.0000000000
528 -271.0000000000
544 -268.0000000000
578 -255.0000000000
772 -252.0000000000
890 -250.0000000000
953 -249.0000000000
957 -248.0000000000
976 -244.0000000000
1086 -243.0000000000
1235 -242.0000000000
1262 -240.0000000000
1288 -238.0000000000
1321 -235.0000000000
1332 -231.0000000000
1354 -226.0000000000
1379 -225.0000000000
1393 -223.0000000000
1397 -220.0000000000
1441 -217.0000000000
1464 -216.0000000000
1465 -215.0000000000
1484 -210.0000000000
1500 -209.0000000000
1526 -208.0000000000
1527 -203.0000000000
1566 -201.0000000000
1585 -199.0000000000
1596 -195.0000000000
1600 -192.0000000000
1636 -191.0000000000
1646 -190.0000000000
1663 -188.0000000000
1714 -184.0000000000
1743 -181.0000000000
1775 -180.0000000000
1785 -179.0000000000
1788 -176.0000000000
1819 -174.0000000000
1848 -173.0000000000
1857 -172.0000000000
1861 -171.0000000000
1871 -169.0000000000
1888 -167.0000000000
1899 -164.0000000000
1938 -162.0000000000
2022 -160.0000000000
2044 -159.0000000000
2090 -158.0000000000
2108 -154.0000000000
2151 -152.0000000000
2184 -150.0000000000
2224 -147.0000000000
2239 -146.0000000000
2271 -145.0000000000
2369 -144.0000000000
2423 -139.0000000000
2481 -136.0000000000
2573 -134.0000000000
2652 -132.0000000000
2670 -131.0000000000
2744 -130.0000000000
2755 -128.0000000000
2759 -127.0000000000
2817 -125.0000000000
2876 -123.0000000000
2880 -122.0000000000
3003 -121.0000000000
3076 -120.0000000000
3110 -118.0000000000
3182 -117.0000000000
3369 -116.0000000000
3450 -115.0000000000
3459 -112.0000000000
3479 -111.0000000000
3528 -110.0000000000
3548 -109.0000000000
3624 -108.0000000000
3630 -107.0000000000
3730 -105.0000000000
3751 -104.0000000000
3757 -99.0000000000
4049 -98.0000000000
4139 -93.0000000000
4315 -91.0000000000
4327 -90.0000000000
5201 -89.0000000000
5234 -88.0000000000
5530 -87.0000000000
5607 -86.0000000000
5634 -83.0000000000
5663 -79.0000000000
5818 -78.0000000000
6587 -76.0000000000
7225 -75.0000000000
7517 -73.0000000000
7899 -71.0000000000
8002 -69.0000000000
8189 -68.0000000000
8317 -67.0000000000
9186 -65.0000000000
9466 -64.0000000000
9573 -63.0000000000
10010 -70.0000000000
evaluations raw_y
1 -378.0000000000
3 -371.0000000000
4 -365.0000000000
7 -364.0000000000
10 -346.0000000000
14 -345.0000000000
21 -335.0000000000
24 -333.0000000000
33 -314.0000000000
66 -313.0000000000
76 -311.0000000000
84 -305.0000000000
103 -304.0000000000
115 -300.0000000000
165 -299.0000000000
201 -288.0000000000
306 -282.0000000000
329 -279.0000000000
416 -278.0000000000
525 -277.0000000000
606 -276.0000000000
619 -267.0000000000
693 -266.0000000000
747 -265.0000000000
764 -264.0000000000
779 -262.0000000000
828 -258.0000000000
919 -256.0000000000
939 -254.0000000000
981 -253.0000000000
1048 -252.0000000000
1059 -250.0000000000
1098 -248.0000000000
1180 -247.0000000000
1219 -239.0000000000
1244 -235.0000000000
1251 -232.0000000000
1266 -231.0000000000
1277 -230.0000000000
1308 -228.0000000000
1314 -225.0000000000
1347 -223.0000000000
1353 -222.0000000000
1403 -221.0000000000
1431 -215.0000000000
1478 -214.0000000000
1479 -208.0000000000
1533 -207.0000000000
1536 -205.0000000000
1551 -204.0000000000
1572 -202.0000000000
1633 -200.0000000000
1644 -199.0000000000
1698 -198.0000000000
1707 -196.0000000000
1720 -194.0000000000
1732 -192.0000000000
1752 -191.0000000000
1761 -189.0000000000
1775 -188.0000000000
1784 -186.0000000000
1786 -185.0000000000
1825 -184.0000000000
1831 -182.0000000000
1863 -181.0000000000
1883 -179.0000000000
1917 -177.0000000000
1932 -176.0000000000
1939 -175.0000000000
1963 -174.0000000000
1967 -170.0000000000
2003 -169.0000000000
2034 -168.0000000000
2040 -167.0000000000
2047 -166.0000000000
2102 -164.0000000000
2111 -159.0000000000
2156 -158.0000000000
2164 -157.0000000000
2256 -155.0000000000
2266 -153.0000000000
2275 -152.0000000000
2291 -150.0000000000
2309 -145.0000000000
2370 -142.0000000000
2405 -140.0000000000
2448 -138.0000000000
2480 -137.0000000000
2535 -135.0000000000
2582 -134.0000000000
2616 -132.0000000000
2675 -131.0000000000
2715 -126.0000000000
2746 -124.0000000000
2754 -118.0000000000
2976 -117.0000000000
3073 -116.0000000000
3139 -113.0000000000
3230 -111.0000000000
3256 -110.0000000000
3286 -109.0000000000
3389 -108.0000000000
3467 -106.0000000000
3767 -105.0000000000
3832 -103.0000000000
3845 -102.0000000000
3966 -100.0000000000
4185 -99.0000000000
4199 -98.0000000000
4324 -97.0000000000
4364 -96.0000000000
4423 -92.0000000000
4471 -89.0000000000
4507 -87.0000000000
4615 -84.0000000000
4854 -83.0000000000
4991 -81.0000000000
5056 -80.0000000000
5104 -79.0000000000
5420 -78.0000000000
5637 -75.0000000000
6055 -73.0000000000
6232 -72.0000000000
6301 -71.0000000000
6305 -70.0000000000
6496 -69.0000000000
6558 -68.0000000000
6573 -66.0000000000
7089 -65.0000000000
7132 -64.0000000000
7488 -63.0000000000
8425 -62.0000000000
8581 -60.0000000000
8884 -59.0000000000
9062 -55.0000000000
10010 -56.0000000000
evaluations raw_y
1 -382.0000000000
2 -379.0000000000
3 -363.0000000000
6 -336.0000000000
36 -331.0000000000
46 -325.0000000000
103 -323.0000000000
113 -320.0000000000
115 -317.0000000000
129 -311.0000000000
151 -310.0000000000
155 -309.0000000000
164 -308.0000000000
187 -307.0000000000
209 -305.0000000000
233 -297.0000000000
285 -287.0000000000
365 -280.0000000000
549 -273.0000000000
613 -264.0000000000
633 -261.0000000000
898 -259.0000000000
936 -256.0000000000
961 -251.0000000000
1031 -246.0000000000
1084 -245.0000000000
1113 -242.0000000000
1116 -237.0000000000
1243 -235.0000000000
1305 -233.0000000000
1319 -228.0000000000
1338 -226.0000000000
1434 -225.0000000000
1444 -224.0000000000
1496 -214.0000000000
1512 -213.0000000000
1524 -209.0000000000
1544 -208.0000000000
1576 -206.0000000000
1588 -204.0000000000
1609 -200.0000000000
1632 -199.0000000000
1660 -198.0000000000
1683 -195.0000000000
1690 -192.0000000000
1703 -191.0000000000
1731 -189.0000000000
1738 -188.0000000000
1740 -186.0000000000
1793 -185.0000000000
1801 -180.0000000000
1803 -177.0000000000
1866 -176.0000000000
1877 -174.0000000000
1894 -173.0000000000
1900 -171.0000000000
1929 -169.0000000000
1996 -168.0000000000
2018 -167.0000000000
2023 -166.0000000000
2043 -164.0000000000
2075 -162.0000000000
2106 -159.0000000000
2181 -156.0000000000
2249 -155.0000000000
2291 -151.0000000000
2312 -150.0000000000
2340 -147.0000000000
2366 -146.0000000000
2430 -144.0000000000
2537 -142.0000000000
2597 -141.0000000000
2675 -140.0000000000
2749 -139.0000000000
2771 -136.0000000000
2870 -130.0000000000
2924 -127.0000000000
2949 -122.0000000000
2979 -121.0000000000
3135 -120.0000000000
3307 -119.0000000000
3430 -115.0000000000
3529 -114.0000000000
3600 -109.0000000000
3742 -108.0000000000
3803 -105.0000000000
3918 -104.0000000000
3968 -99.0000000000
4097 -97.0000000000
4327 -95.0000000000
4558 -94.0000000000
4578 -90.0000000000
4739 -89.0000000000
4863 -87.0000000000
4973 -86.0000000000
5172 -85.0000000000
5474 -82.0000000000
5647 -80.0000000000
5673 -79.0000000000
5710 -78.0000000000
5734 -76.0000000000
5880 -75.0000000000
6075 -72.0000000000
6470 -70.0000000000
7010 -69.0000000000
8781 -67.0000000000
8906 -66.0000000000
9382 -63.0000000000
9761 -59.0000000000
10010 -68.0000000000
evaluations raw_y
1 -379.0000000000
3 -370.0000000000
7 -358.0000000000
16 -343.0000000000
25 -325.0000000000
52 -322.0000000000
81 -319.0000000000
92 -316.0000000000
114 -315.0000000000
147 -313.0000000000
153 -305.0000000000
169 -302.0000000000
197 -296.0000000000
295 -292.0000000000
397 -288.0000000000
454 -286.0000000000
485 -278.0000000000
510 -276.0000000000
609 -275.0000000000
621 -271.0000000000
726 -269.0000000000
835 -267.0000000000
855 -266.0000000000
916 -265.0000000000
935 -262.0000000000
1051 -253.0000000000
1122 -249.0000000000
1166 -248.0000000000
1197 -246.0000000000
1225 -242.0000000000
1389 -241.0000000000
1410 -235.0000000000
1422 -234.0000000000
1440 -233.0000000000
1443 -232.0000000000
1447 -230.0000000000
1463 -220.0000000000
1504 -219.0000000000
1507 -217.0000000000
1533 -212.0000000000
1567 -207.0000000000
1580 -205.0000000000
1623 -204.0000000000
1646 -202.0000000000
1653 -199.0000000000
1667 -198.0000000000
1678 -196.0000000000
1719 -195.0000000000
1724 -193.0000000000
1737 -192.0000000000
1741 -190.0000000000
1748 -189.0000000000
1755 -188.0000000000
1806 -186.0000000000
1819 -184.0000000000
1821 -180.0000000000
1867 -178.0000000000
1876 -177.0000000000
1898 -175.0000000000
1947 -173.0000000000
1964 -172.0000000000
1986 -168.0000000000
2008 -163.0000000000
2022 -162.0000000000
2045 -161.0000000000
2080 -158.0000000000
2159 -157.0000000000
2222 -155.0000000000
2259 -151.0000000000
2292 -143.0000000000
2339 -137.0000000000
2474 -135.0000000000
2560 -134.0000000000
2663 -128.0000000000
2761 -127.0000000000
2819 -126.0000000000
2843 -125.0000000000
2885 -124.0000000000
2926 -123.0000000000
2928 -120.0000000000
2972 -116.0000000000
3203 -115.0000000000
3229 -113.0000000000
3290 -112.0000000000
3306 -110.0000000000
3437 -108.0000000000
3507 -107.0000000000
3827 -105.0000000000
3907 -103.0000000000
4177 -102.0000000000
4389 -98.0000000000
4521 -96.0000000000
4556 -95.0000000000
4573 -94.0000000000
4679 -93.0000000000
4758 -90.0000000000
4817 -89.0000000000
4973 -88.0000000000
5195 -87.0000000000
5392 -83.0000000000
5472 -79.0000000000
5519 -78.0000000000
5566 -77.0000000000
5609 -75.0000000000
5631 -73.0000000000
6340 -71.0000000000
6459 -69.0000000000
6561 -68.0000000000
6714 -67.0000000000
7128 -66.0000000000
8036 -65.0000000000
8329 -63.0000000000
8490 -61.0000000000
8886 -60.0000000000
9373 -58.0000000000
9583 -55.0000000000
10010 -64.0000000000
evaluations raw_y
1 -365.0000000000
2 -352.0000000000
3 -342.0000000000
7 -331.0000000000
60 -315.0000000000
76 -314.0000000000
111 -307.0000000000
130 -303.0000000000
150 -296.0000000000
168 -295.0000000000
204 -293.0000000000
240 -289.0000000000
251 -286.0000000000
271 -284.0000000000
317 -277.0000000000
343 -275.0000000000
388 -271.0000000000
768 -269.0000000000
798 -268.0000000000
822 -263.0000000000
904 -253.0000000000
982 -246.0000000000
986 -239.0000000000
1101 -236.0000000000
1120 -231.0000000000
1205 -227.0000000000
1278 -221.0000000000
1321 -219.0000000000
1355 -216.0000000000
1403 -215.0000000000
1414 -211.0000000000
1462 -208.0000000000
1498 -204.0000000000
1543 -201.0000000000
1581 -198.0000000000
1598 -195.0000000000
1619 -189.0000000000
1673 -186.0000000000
1685 -185.0000000000
1708 -183.0000000000
1720 -179.0000000000
1752 -178.0000000000
1769 -176.0000000000
1782 -172.0000000000
1785 -170.0000000000
1836 -165.0000000000
1855 -164.0000000000
1886 -162.0000000000
1955 -161.0000000000
1987 -160.0000000000
2002 -156.0000000000
2043 -155.0000000000
2068 -154.0000000000
2123 -153.0000000000
2136 -151.0000000000
2137 -149.0000000000
2178 -147.0000000000
2245 -143.0000000000
2254 -142.0000000000
2262 -138.0000000000
2351 -136.0000000000
2359 -135.0000000000
2399 -134.0000000000
2432 -133.0000000000
2437 -132.0000000000
2471 -131.0000000000
2567 -129.0000000000
2599 -126.0000000000
2619 -125.0000000000
2694 -124.0000000000
2699 -123.0000000000
2743 -120.0000000000
2807 -117.0000000000
2884 -116.0000000000
2915 -115.0000000000
3010 -114.0000000000
3030 -113.0000000000
3045 -112.0000000000
3134 -109.0000000000
3225 -106.0000000000
3320 -105.0000000000
3359 -104.0000000000
3483 -103.0000000000
3531 -101.0000000000
3682 -100.0000000000
3737 -99.0000000000
3812 -97.0000000000
3856 -96.0000000000
3896 -94.0000000000
3986 -92.0000000000
4064 -91.0000000000
4269 -88.0000000000
4354 -86.0000000000
4497 -85.0000000000
4605 -84.0000000000
4615 -82.0000000000
4656 -78.0000000000
4785 -75.0000000000
5055 -74.0000000000
5261 -73.0000000000
5502 -72.0000000000
5882 -71.0000000000
5964 -70.0000000000
6867 -69.0000000000
7106 -64.0000000000
7450 -62.0000000000
9408 -61.0000000000
9609 -60.0000000000
10010 -69.0000000000
evaluations raw_y
1 -378.0000000000
2 -367.0000000000
4 -346.0000000000
7 -342.0000000000
22 -338.0000000000
23 -336.0000000000
26 -334.0000000000
45 -330.0000000000
62 -328.0000000000
72 -318.0000000000
94 -317.0000000000
106 -314.0000000000
112 -306.0000000000
173 -300.0000000000
229 -298.0000000000
278 -290.0000000000
344 -283.0000000000
368 -282.0000000000
550 -273.0000000000
701 -272.0000000000
716 -268.0000000000
728 -264.0000000000
780 -260.0000000000
801 -252.0000000000
831 -250.0000000000
959 -247.0000000000
963 -242.0000000000
1043 -235.0000000000
1086 -230.0000000000
1174 -229.0000000000
1302 -226.0000000000
1374 -221.0000000000
1409 -210.0000000000
1451 -207.0000000000
1519 -206.0000000000
1545 -205.0000000000
1565 -204.0000000000
1587 -203.0000000000
1608 -202.0000000000
1622 -201.0000000000
1633 -200.0000000000
1638 -199.0000000000
1643 -198.0000000000
1672 -195.0000000000
1680 -190.0000000000
1738 -189.0000000000
1766 -188.0000000000
1771 -186.0000000000
1824 -183.0000000000
1872 -181.0000000000
1915 -179.0000000000
1944 -178.0000000000
1972 -174.0000000000
2002 -173.0000000000
2043 -171.0000000000
2050 -169.0000000000
2105 -167.0000000000
2115 -165.0000000000
2143 -161.0000000000
2162 -160.0000000000
2189 -159.0000000000
2235 -158.0000000000
2264 -153.0000000000
2331 -152.0000000000
2367 -149.0000000000
2421 -148.0000000000
2450 -147.0000000000
2464 -145.0000000000
2501 -142.0000000000
2522 -141.0000000000
2588 -139.0000000000
2611 -137.0000000000
2664 -135.0000000000
2674 -134.0000000000
2732 -131.0000000000
2777 -127.0000000000
2807 -126.0000000000
2887 -124.0000000000
3008 -123.0000000000
3094 -122.0000000000
3137 -120.0000000000
3240 -118.0000000000
3279 -117.0000000000
3295 -116.0000000000
3302 -112.0000000000
3398 -111.0000000000
3402 -110.0000000000
3444 -107.0000000000
3481 -106.0000000000
3520 -101.0000000000
3641 -100.0000000000
3790 -98.0000000000
3892 -97.0000000000
3936 -95.0000000000
4193 -93.0000000000
4301 -92.0000000000
4421 -90.0000000000
4473 -88.0000000000
4702 -85.0000000000
4976 -82.0000000000
5334 -81.0000000000
5391 -78.0000000000
5825 -77.0000000000
6336 -75.0000000000
6363 -74.0000000000
6406 -73.0000000000
6475 -72.0000000000
6548 -70.0000000000
6786 -67.0000000000
6843 -66.0000000000
7313 -65.0000000000
7443 -62.0000000000
7531 -61.0000000000
7584 -60.0000000000
7848 -58.0000000000
8492 -57.0000000000
8552 -56.0000000000
9314 -55.0000000000
9405 -54.0000000000
10010 -63.0000000000
evaluations raw_y
1 -399.0000000000
2 -373.0000000000
3 -361.0000000000
9 -350.0000000000
21 -342.0000000000
31 -341.0000000000
39 -334.0000000000
45 -319.0000000000
78 -314.0000000000
90 -312.0000000000
110 -298.0000000000
133 -296.0000000000
154 -290.0000000000
209 -289.0000000000
266 -287.0000000000
359 -282.0000000000
380 -280.0000000000
537 -277.0000000000
593 -276.0000000000
632 -274.0000000000
674 -269.0000000000
749 -265.0000000000
775 -261.0000000000
816 -259.0000000000
936 -255.0000000000
947 -250.0000000000
1034 -244.0000000000
1046 -236.0000000000
1062 -234.0000000000
1116 -232.0000000000
1119 -227.0000000000
1158 -226.0000000000
1197 -225.0000000000
1243 -224.0000000000
1265 -223.0000000000
1292 -221.0000000000
1338 -216.0000000000
1354 -206.0000000000
1419 -202.0000000000
1475 -201.0000000000
1556 -198.0000000000
1587 -197.0000000000
1603 -196.0000000000
1608 -195.0000000000
1645 -194.0000000000
1660 -193.0000000000
1666 -191.0000000000
1686 -189.0000000000
1697 -187.0000000000
1720 -182.0000000000
1734 -180.0000000000
1775 -179.0000000000
1780 -177.0000000000
1824 -173.0000000000
1883 -172.0000000000
1891 -171.0000000000
1894 -169.0000000000
1931 -168.0000000000
1956 -166.0000000000
1971 -165.0000000000
1996 -161.0000000000
2059 -160.0000000000
2110 -156.0000000000
2195 -151.0000000000
2253 -150.0000000000
2336 -149.0000000000
2365 -148.0000000000
2388 -147.0000000000
2402 -146.0000000000
2432 -143.0000000000
2529 -141.0000000000
2532 -138.0000000000
2612 -134.0000000000
2767 -133.0000000000
2789 -132.0000000000
2858 -130.0000000000
2920 -128.0000000000
2929 -126.0000000000
2987 -124.0000000000
3035 -123.0000000000
3043 -121.0000000000
3092 -114.0000000000
3134 -113.0000000000
3146 -112.0000000000
3149 -111.0000000000
3194 -109.0000000000
3380 -107.0000000000
3560 -106.0000000000
3582 -105.0000000000
3601 -103.0000000000
3791 -102.0000000000
3804 -101.0000000000
3809 -99.0000000000
3919 -94.0000000000
4291 -91.0000000000
4400 -89.0000000000
4500 -88.0000000000
4741 -87.0000000000
4845 -85.0000000000
5032 -80.0000000000
5161 -79.0000000000
5500 -78.0000000000
5612 -77.0000000000
5938 -76.0000000000
6055 -75.0000000000
6240 -74.0000000000
6418 -73.0000000000
6695 -71.0000000000
7920 -70.0000000000
7978 -69.0000000000
8371 -68.0000000000
8375 -67.0000000000
8446 -66.0000000000
8757 -65.0000000000
10010 -73.0000000000
evaluations raw_y
1 -347.0000000000
16 -338.0000000000
28 -335.0000000000
56 -322.0000000000
63 -316.0000000000
101 -315.0000000000
104 -314.0000000000
105 -313.0000000000
117 -308.0000000000
146 -306.0000000000
150 -303.0000000000
162 -300.0000000000
174 -293.0000000000
220 -291.0000000000
242 -287.0000000000
276 -285.0000000000
293 -278.0000000000
371 -273.0000000000
417 -270.0000000000
500 -268.0000000000
572 -260.0000000000
604 -259.0000000000
643 -257.0000000000
664 -255.0000000000
707 -249.0000000000
803 -247.0000000000
866 -241.0000000000
956 -234.0000000000
1045 -229.0000000000
1158 -227.0000000000
1197 -224.0000000000
1260 -222.0000000000
1265 -221.0000000000
1315 -220.0000000000
1320 -219.0000000000
1326 -218.0000000000
1342 -217.0000000000
1366 -214.0000000000
1373 -212.0000000000
1397 -208.0000000000
1458 -204.0000000000
1489 -199.0000000000
1515 -196.0000000000
1564 -195.0000000000
1576 -192.0000000000
1617 -190.0000000000
1634 -188.0000000000
1657 -186.0000000000
1680 -185.0000000000
1695 -184.0000000000
1758 -182.0000000000
1786 -180.0000000000
1807 -175.0000000000
1840 -172.0000000000
1917 -171.0000000000
1957 -167.0000000000
1981 -166.0000000000
2021 -165.0000000000
2053 -162.0000000000
2068 -161.0000000000
2086 -160.0000000000
2098 -159.0000000000
2123 -158.0000000000
2129 -156.0000000000
2150 -155.0000000000
2168 -154.0000000000
2209 -151.0000000000
2280 -149.0000000000
2336 -146.0000000000
2339 -145.0000000000
2391 -144.0000000000
2409 -142.0000000000
2463 -139.0000000000
2597 -137.0000000000
2653 -133.0000000000
2679 -132.0000000000
2726 -131.0000000000
2746 -130.0000000000
2776 -128.0000000000
2802 -126.0000000000
2874 -125.0000000000
2884 -124.0000000000
3043 -123.0000000000
3087 -122.0000000000
3204 -119.0000000000
3232 -118.0000000000
3294 -116.0000000000
3525 -115.0000000000
3529 -114.0000000000
3583 -113.0000000000
3599 -112.0000000000
3637 -111.0000000000
3681 -109.0000000000
3765 -107.0000000000
4031 -106.0000000000
4190 -105.0000000000
4199 -104.0000000000
4348 -103.0000000000
5155 -102.0000000000
5184 -98.0000000000
5227 -97.0000000000
5369 -95.0000000000
5624 -94.0000000000
5644 -92.0000000000
5724 -91.0000000000
5793 -89.0000000000
5828 -87.0000000000
6003 -86.0000000000
6477 -83.0000000000
6591 -82.0000000000
7000 -81.0000000000
7127 -80.0000000000
7278 -79.0000000000
7499 -78.0000000000
8110 -77.0000000000
8972 -76.0000000000
9324 -74.0000000000
9804 -73.0000000000
9863 -70.0000000000
10010 -74.0000000000
evaluations raw_y
1 -351.0000000000
11 -347.0000000000
21 -344.0000000000
35 -341.0000000000
37 -335.0000000000
40 -334.0000000000
60 -327.0000000000
75 -318.0000000000
79 -314.0000000000
96 -313.0000000000
102 -310.0000000000
117 -309.0000000000
120 -290.0000000000
202 -289.0000000000
274 -287.0000000000
285 -286.0000000000
301 -276.0000000000
368 -274.0000000000
383 -269.0000000000
410 -264.0000000000
549 -263.0000000000
592 -260.0000000000
654 -258.0000000000
700 -255.0000000000
767 -248.0000000000
902 -244.0000000000
961 -240.0000000000
1005 -239.0000000000
1074 -238.0000000000
1111 -237.0000000000
1151 -231.0000000000
1243 -226.0000000000
1280 -225.0000000000
1311 -224.0000000000
1327 -220.0000000000
1366 -219.0000000000
1375 -208.0000000000
1430 -207.0000000000
1484 -205.0000000000
1489 -201.0000000000
1592 -199.0000000000
1599 -198.0000000000
1651 -197.0000000000
1661 -195.0000000000
1665 -189.0000000000
1717 -185.0000000000
1779 -182.0000000000
1787 -181.0000000000
1810 -177.0000000000
1885 -168.0000000000
1932 -162.0000000000
2026 -161.0000000000
2038 -160.0000000000
2089 -159.0000000000
2124 -158.0000000000
2143 -157.0000000000
2183 -156.0000000000
2200 -152.0000000000
2224 -147.0000000000
2311 -146.0000000000
2317 -144.0000000000
2354 -142.0000000000
2367 -140.0000000000
2427 -137.0000000000
2516 -136.0000000000
2572 -134.0000000000
2603 -133.0000000000
2620 -132.0000000000
2666 -131.0000000000
2704 -129.0000000000
2789 -127.0000000000
2830 -125.0000000000
2883 -121.0000000000
2928 -120.0000000000
2943 -119.0000000000
2961 -118.0000000000
2966 -115.0000000000
2994 -114.0000000000
3066 -113.0000000000
3099 -112.0000000000
3118 -108.0000000000
3330 -105.0000000000
3421 -104.0000000000
3567 -103.0000000000
4199 -102.0000000000
4374 -101.0000000000
4620 -99.0000000000
4798 -98.0000000000
4986 -95.0000000000
5202 -94.0000000000
5223 -92.0000000000
5248 -91.0000000000
5381 -90.0000000000
5714 -88.0000000000
5841 -84.0000000000
6352 -83.0000000000
6682 -81.0000000000
6911 -80.0000000000
7018 -79.0000000000
7520 -78.0000000000
7540 -75.0000000000
8077 -74.0000000000
8247 -71.0000000000
8305 -68.0000000000
9264 -67.0000000000
9855 -66.0000000000
10010 -78.0000000000
