evaluations raw_y
1 -1916.0000000000
2 -1914.0000000000
4 -1891.0000000000
11 -1879.0000000000
15 -1858.0000000000
35 -1857.0000000000
39 -1850.0000000000
54 -1846.0000000000
57 -1801.0000000000
94 -1786.0000000000
126 -1777.0000000000
136 -1765.0000000000
163 -1763.0000000000
166 -1759.0000000000
210 -1748.0000000000
268 -1742.0000000000
273 -1734.0000000000
310 -1716.0000000000
383 -1714.0000000000
404 -1702.0000000000
445 -1697.0000000000
539 -1693.0000000000
545 -1690.0000000000
593 -1682.0000000000
609 -1679.0000000000
707 -1677.0000000000
728 -1661.0000000000
810 -1655.0000000000
862 -1650.0000000000
871 -1641.0000000000
877 -1638.0000000000
902 -1632.0000000000
961 -1631.0000000000
1023 -1621.0000000000
1043 -1620.0000000000
1120 -1605.0000000000
1144 -1603.0000000000
1263 -1599.0000000000
1323 -1595.0000000000
1326 -1594.0000000000
1335 -1591.0000000000
1349 -1586.0000000000
1367 -1585.0000000000
1382 -1577.0000000000
1394 -1572.0000000000
1410 -1566.0000000000
1423 -1564.0000000000
1445 -1559.0000000000
1468 -1553.0000000000
1500 -1551.0000000000
1510 -1549.0000000000
1519 -1544.0000000000
1523 -1539.0000000000
1535 -1536.0000000000
1542 -1532.0000000000
1556 -1528.0000000000
1578 -1525.0000000000
1582 -1510.0000000000
1613 -1508.0000000000
1640 -1504.0000000000
1661 -1498.0000000000
1667 -1495.0000000000
1690 -1491.0000000000
1716 -1489.0000000000
1722 -1482.0000000000
1750 -1480.0000000000
1784 -1476.0000000000
1794 -1460.0000000000
1851 -1458.0000000000
1888 -1455.0000000000
1904 -1441.0000000000
1957 -1435.0000000000
1965 -1428.0000000000
2012 -1427.0000000000
2040 -1426.0000000000
2071 -1418.0000000000
2084 -1410.0000000000
2125 -1408.0000000000
2161 -1401.0000000000
2171 -1399.0000000000
2182 -1398.0000000000
2222 -1392.0000000000
2278 -1381.0000000000
2306 -1376.0000000000
2314 -1372.0000000000
2330 -1370.0000000000
2404 -1369.0000000000
2443 -1368.0000000000
2452 -1363.0000000000
2486 -1361.0000000000
2531 -1359.0000000000
2585 -1358.0000000000
2617 -1352.0000000000
2658 -1349.0000000000
2725 -1348.0000000000
2727 -1347.0000000000
2761 -1345.0000000000
2777 -1337.0000000000
2823 -1333.0000000000
2827 -1326.0000000000
2836 -1321.0000000000
2952 -1317.0000000000
2980 -1315.0000000000
3071 -1310.0000000000
3079 -1301.0000000000
3244 -1299.0000000000
3296 -1298.0000000000
3311 -1291.0000000000
3454 -1284.0000000000
3499 -1271.0000000000
3686 -1267.0000000000
3791 -1252.0000000000
4086 -1249.0000000000
4312 -1233.0000000000
4551 -1231.0000000000
4884 -1230.0000000000
4912 -1229.0000000000
4970 -1222.0000000000
5097 -1221.0000000000
5195 -1215.0000000000
5469 -1212.0000000000
5491 -1206.0000000000
5537 -1205.0000000000
5721 -1201.0000000000
5756 -1194.0000000000
5827 -1192.0000000000
5934 -1187.0000000000
5997 -1186.0000000000
6090 -1177.0000000000
6524 -1176.0000000000
6542 -1175.0000000000
6688 -1172.0000000000
7084 -1163.0000000000
7294 -1159.0000000000
8093 -1157.0000000000
8233 -1156.0000000000
8271 -1154.0000000000
8567 -1152.0000000000
8774 -1150.0000000000
8803 -1148.0000000000
8915 -1147.0000000000
9364 -1146.0000000000
9375 -1145.0000000000
9524 -1140.0000000000
9526 -1137.0000000000
9659 -1134.0000000000
10010 -1177.0000000000
evaluations raw_y
1 -1906.0000000000
2 -1893.0000000000
3 -1859.0000000000
21 -1856.0000000000
36 -1847.0000000000
41 -1843.0000000000
44 -1836.0000000000
64 -1822.0000000000
77 -1810.0000000000
93 -1808.0000000000
119 -1807.0000000000
124 -1799.0000000000
154 -1788.0000000000
162 -1782.0000000000
164 -1759.0000000000
223 -1757.0000000000
255 -1755.0000000000
278 -1741.0000000000
355 -1740.0000000000
364 -1730.0000000000
398 -1719.0000000000
407 -1713.0000000000
426 -1711.0000000000
460 -1705.0000000000
545 -1703.0000000000
564 -1695.0000000000
603 -1683.0000000000
680 -1667.0000000000
744 -1665.0000000000
776 -1664.0000000000
881 -1660.0000000000
896 -1651.0000000000
931 -1641.0000000000
1000 -1629.0000000000
1013 -1620.0000000000
1070 -1615.0000000000
1113 -1612.0000000000
1176 -1607.0000000000
1178 -1604.0000000000
1204 -1603.0000000000
1244 -1597.0000000000
1262 -1591.0000000000
1279 -1590.0000000000
1313 -1583.0000000000
1328 -1581.0000000000
1340 -1576.0000000000
1365 -1570.0000000000
1399 -1569.0000000000
1436 -1566.0000000000
1478 -1564.0000000000
1488 -1554.0000000000
1519 -1549.0000000000
1560 -1546.0000000000
1596 -1540.0000000000
1612 -1539.0000000000
1622 -1533.0000000000
1632 -1530.0000000000
1655 -1529.0000000000
1662 -1526.0000000000
1685 -1522.0000000000
1710 -1513.0000000000
1724 -1509.0000000000
1733 -1506.0000000000
1758 -1503.0000000000
1773 -1500.0000000000
1792 -1499.0000000000
1793 -1497.0000000000
1807 -1480.0000000000
1855 -1462.0000000000
1910 -1450.0000000000
1917 -1443.0000000000
1935 -1440.0000000000
2000 -1436.0000000000
2015 -1432.0000000000
2066 -1429.0000000000
2069 -1422.0000000000
2148 -1421.0000000000
2167 -1416.0000000000
2190 -1414.0000000000
2230 -1401.0000000000
2348 -1399.0000000000
2364 -1398.0000000000
2366 -1396.0000000000
2409 -1387.0000000000
2467 -1384.0000000000
2503 -1383.0000000000
2511 -1379.0000000000
2516 -1378.0000000000
2539 -1376.0000000000
2555 -1370.0000000000
2574 -1363.0000000000
2672 -1360.0000000000
2687 -1358.0000000000
2706 -1356.0000000000
2764 -1354.0000000000
2809 -1352.0000000000
2824 -1348.0000000000
2852 -1341.0000000000
2995 -1339.0000000000
3014 -1337.0000000000
3071 -1335.0000000000
3118 -1331.0000000000
3141 -1330.0000000000
3158 -1329.0000000000
3178 -1328.0000000000
3194 -1323.0000000000
3227 -1318.0000000000
3312 -1313.0000000000
3350 -1312.0000000000
3353 -1309.0000000000
3374 -1301.0000000000
3402 -1294.0000000000
3502 -1286.0000000000
3533 -1283.0000000000
3603 -1282.0000000000
3612 -1281.0000000000
3627 -1276.0000000000
3722 -1262.0000000000
3863 -1261.0000000000
3999 -1258.0000000000
4050 -1253.0000000000
4202 -1248.0000000000
4257 -1246.0000000000
4341 -1244.0000000000
4474 -1243.0000000000
4523 -1242.0000000000
4565 -1240.0000000000
4603 -1231.0000000000
4654 -1226.0000000000
4749 -1223.0000000000
4842 -1220.0000000000
4879 -1216.0000000000
4964 -1214.0000000000
4983 -1213.0000000000
5015 -1206.0000000000
5123 -1202.0000000000
5236 -1196.0000000000
5351 -1195.0000000000
5384 -1189.0000000000
5529 -1184.0000000000
5833 -1183.0000000000
5836 -1179.0000000000
5891 -1178.0000000000
5903 -1166.0000000000
5974 -1165.0000000000
6067 -1159.0000000000
6317 -1153.0000000000
6544 -1146.0000000000
6566 -1144.0000000000
6669 -1143.0000000000
7670 -1141.0000000000
7698 -1139.0000000000
7737 -1136.0000000000
7982 -1134.0000000000
7989 -1127.0000000000
8406 -1126.0000000000
8583 -1118.0000000000
8603 -1115.0000000000
8611 -1111.0000000000
8663 -1107.0000000000
8926 -1105.0000000000
10010 -1146.0000000000
evaluations raw_y
1 -1915.0000000000
2 -1881.0000000000
16 -1876.0000000000
19 -1865.0000000000
21 -1853.0000000000
32 -1820.0000000000
57 -1808.0000000000
73 -1797.0000000000
91 -1780.0000000000
100 -1779.0000000000
115 -1767.0000000000
144 -1760.0000000000
190 -1747.0000000000
214 -1731.0000000000
317 -1725.0000000000
356 -1697.0000000000
429 -1691.0000000000
544 -1681.0000000000
714 -1670.0000000000
797 -1660.0000000000
936 -1659.0000000000
954 -1622.0000000000
1068 -1618.0000000000
1124 -1609.0000000000
1245 -1603.0000000000
1264 -1599.0000000000
1296 -1595.0000000000
1320 -1592.0000000000
1326 -1589.0000000000
1370 -1581.0000000000
1408 -1569.0000000000
1464 -1567.0000000000
1471 -1566.0000000000
1482 -1555.0000000000
1511 -1554.0000000000
1526 -1550.0000000000
1532 -1540.0000000000
1543 -1534.0000000000
1562 -1493.0000000000
1578 -1490.0000000000
1646 -1474.0000000000
1696 -1467.0000000000
1716 -1461.0000000000
1732 -1460.0000000000
1762 -1455.0000000000
1766 -1452.0000000000
1768 -1451.0000000000
1786 -1449.0000000000
1800 -1448.0000000000
1812 -1440.0000000000
1831 -1438.0000000000
1849 -1431.0000000000
1859 -1430.0000000000
1862 -1426.0000000000
1882 -1425.0000000000
1905 -1415.0000000000
1983 -1414.0000000000
1985 -1411.0000000000
2068 -1395.0000000000
2136 -1389.0000000000
2163 -1385.0000000000
2187 -1377.0000000000
2282 -1374.0000000000
2309 -1373.0000000000
2313 -1370.0000000000
2332 -1365.0000000000
2370 -1362.0000000000
2384 -1360.0000000000
2393 -1359.0000000000
2406 -1354.0000000000
2431 -1352.0000000000
2470 -1348.0000000000
2496 -1345.0000000000
2543 -1344.0000000000
2547 -1342.0000000000
2560 -1340.0000000000
2644 -1339.0000000000
2809 -1330.0000000000
2831 -1329.0000000000
2868 -1327.0000000000
2878 -1322.0000000000
2921 -1320.0000000000
2932 -1319.0000000000
2947 -1312.0000000000
2972 -1310.0000000000
3022 -1304.0000000000
3027 -1297.0000000000
3087 -1294.0000000000
3104 -1291.0000000000
3149 -1289.0000000000
3192 -1288.0000000000
3201 -1282.0000000000
3236 -1280.0000000000
3241 -1275.0000000000
3266 -1273.0000000000
3316 -1271.0000000000
3352 -1269.0000000000
3393 -1268.0000000000
3397 -1264.0000000000
3428 -1259.0000000000
3434 -1258.0000000000
3476 -1255.0000000000
3477 -1250.0000000000
3560 -1248.0000000000
3632 -1247.0000000000
3649 -1245.0000000000
3677 -1237.0000000000
4031 -1230.0000000000
4072 -1219.0000000000
4183 -1218.0000000000
4200 -1217.0000000000
4232 -1215.0000000000
4234 -1213.0000000000
4327 -1207.0000000000
4597 -1201.0000000000
4624 -1191.0000000000
4687 -1183.0000000000
4804 -1176.0000000000
4957 -1175.0000000000
4986 -1171.0000000000
5667 -1170.0000000000
5966 -1165.0000000000
6005 -1164.0000000000
6197 -1158.0000000000
6217 -1154.0000000000
6635 -1150.0000000000
6809 -1148.0000000000
6905 -1145.0000000000
7030 -1143.0000000000
7330 -1140.0000000000
7377 -1138.0000000000
7383 -1136.0000000000
7594 -1135.0000000000
7803 -1132.0000000000
7965 -1126.0000000000
8052 -1124.0000000000
8843 -1115.0000000000
9039 -1114.0000000000
9242 -1112.0000000000
9451 -1111.0000000000
9698 -1110.0000000000
10010 -1132.0000000000
evaluations raw_y
1 -1923.0000000000
2 -1891.0000000000
5 -1879.0000000000
12 -1874.0000000000
14 -1832.0000000000
25 -1805.0000000000
62 -1776.0000000000
81 -1769.0000000000
107 -1753.0000000000
114 -1749.0000000000
129 -1747.0000000000
156 -1745.0000000000
158 -1744.0000000000
200 -1729.0000000000
220 -1710.0000000000
245 -1706.0000000000
291 -1704.0000000000
294 -1702.0000000000
318 -1665.0000000000
407 -1661.0000000000
519 -1651.0000000000
605 -1649.0000000000
763 -1644.0000000000
781 -1637.0000000000
883 -1633.0000000000
930 -1632.0000000000
987 -1621.0000000000
1035 -1614.0000000000
1077 -1606.0000000000
1102 -1603.0000000000
1131 -1595.0000000000
1171 -1591.0000000000
1193 -1590.0000000000
1196 -1582.0000000000
1217 -1578.0000000000
1225 -1570.0000000000
1316 -1554.0000000000
1339 -1550.0000000000
1345 -1546.0000000000
1363 -1541.0000000000
1400 -1532.0000000000
1409 -1531.0000000000
1426 -1515.0000000000
1445 -1509.0000000000
1498 -1508.0000000000
1525 -1488.0000000000
1571 -1487.0000000000
1586 -1485.0000000000
1594 -1481.0000000000
1610 -1472.0000000000
1649 -1471.0000000000
1660 -1469.0000000000
1662 -1468.0000000000
1664 -1462.0000000000
1679 -1454.0000000000
1719 -1444.0000000000
1754 -1441.0000000000
1772 -1440.0000000000
1777 -1439.0000000000
1782 -1436.0000000000
1783 -1435.0000000000
1787 -1434.0000000000
1820 -1424.0000000000
1836 -1422.0000000000
1840 -1409.0000000000
1909 -1407.0000000000
1912 -1406.0000000000
1925 -1402.0000000000
1938 -1390.0000000000
1952 -1380.0000000000
1992 -1371.0000000000
2038 -1363.0000000000
2125 -1360.0000000000
2129 -1359.0000000000
2166 -1354.0000000000
2208 -1345.0000000000
2279 -1341.0000000000
2304 -1337.0000000000
2384 -1335.0000000000
2418 -1330.0000000000
2432 -1326.0000000000
2441 -1324.0000000000
2443 -1321.0000000000
2481 -1316.0000000000
2508 -1315.0000000000
2519 -1307.0000000000
2566 -1301.0000000000
2602 -1295.0000000000
2622 -1294.0000000000
2660 -1293.0000000000
2668 -1289.0000000000
2707 -1286.0000000000
2744 -1285.0000000000
2771 -1281.0000000000
2833 -1280.0000000000
2885 -1279.0000000000
3067 -1278.0000000000
3170 -1277.0000000000
3212 -1270.0000000000
3363 -1268.0000000000
3375 -1261.0000000000
3388 -1254.0000000000
3486 -1252.0000000000
3627 -1250.0000000000
3683 -1246.0000000000
3751 -1245.0000000000
3776 -1244.0000000000
3786 -1242.0000000000
3812 -1241.0000000000
3914 -1231.0000000000
3949 -1230.0000000000
4122 -1224.0000000000
4247 -1223.0000000000
4363 -1213.0000000000
4450 -1209.0000000000
4464 -1196.0000000000
4655 -1195.0000000000
4853 -1190.0000000000
5062 -1189.0000000000
5144 -1188.0000000000
5328 -1177.0000000000
5446 -1175.0000000000
5839 -1168.0000000000
5944 -1167.0000000000
5970 -1166.0000000000
6660 -1165.0000000000
6736 -1160.0000000000
6816 -1157.0000000000
6840 -1155.0000000000
6850 -1154.0000000000
6870 -1153.0000000000
7047 -1147.0000000000
7122 -1146.0000000000
7127 -1142.0000000000
7138 -1141.0000000000
7166 -1140.0000000000
7178 -1138.0000000000
7181 -1129.0000000000
7489 -1126.0000000000
7512 -1124.0000000000
7728 -1123.0000000000
7746 -1121.0000000000
7862 -1119.0000000000
7903 -1118.0000000000
8348 -1116.0000000000
8902 -1106.0000000000
9546 -1105.0000000000
9624 -1101.0000000000
10010 -1108.0000000000
evaluations raw_y
1 -1920.0000000000
2 -1901.0000000000
5 -1871.0000000000
8 -1866.0000000000
17 -1849.0000000000
45 -1844.0000000000
56 -1805.0000000000
76 -1791.0000000000
136 -1765.0000000000
156 -1759.0000000000
180 -1733.0000000000
297 -1727.0000000000
340 -1720.0000000000
379 -1717.0000000000
383 -1710.0000000000
386 -1689.0000000000
436 -1669.0000000000
497 -1666.0000000000
531 -1659.0000000000
583 -1651.0000000000
727 -1649.0000000000
789 -1624.0000000000
809 -1618.0000000000
860 -1613.0000000000
978 -1606.0000000000
1073 -1604.0000000000
1141 -1600.0000000000
1145 -1575.0000000000
1282 -1567.0000000000
1307 -1563.0000000000
1355 -1557.0000000000
1379 -1556.0000000000
1434 -1555.0000000000
1440 -1554.0000000000
1457 -1540.0000000000
1508 -1520.0000000000
1568 -1512.0000000000
1608 -1505.0000000000
1637 -1500.0000000000
1690 -1497.0000000000
1726 -1495.0000000000
1727 -1493.0000000000
1738 -1485.0000000000
1762 -1481.0000000000
1772 -1480.0000000000
1789 -1479.0000000000
1821 -1476.0000000000
1831 -1475.0000000000
1850 -1471.0000000000
1870 -1462.0000000000
1927 -1454.0000000000
1962 -1450.0000000000
1970 -1445.0000000000
2024 -1439.0000000000
2044 -1438.0000000000
2053 -1437.0000000000
2063 -1428.0000000000
2108 -1422.0000000000
2111 -1417.0000000000
2151 -1415.0000000000
2155 -1414.0000000000
2157 -1409.0000000000
2181 -1408.0000000000
2211 -1400.0000000000
2214 -1398.0000000000
2259 -1397.0000000000
2267 -1391.0000000000
2276 -1390.0000000000
2321 -1389.0000000000
2382 -1386.0000000000
2399 -1385.0000000000
2457 -1380.0000000000
2527 -1377.0000000000
2531 -1374.0000000000
2547 -1373.0000000000
2568 -1367.0000000000
2581 -1358.0000000000
2615 -1357.0000000000
2739 -1352.0000000000
2768 -1351.0000000000
2812 -1349.0000000000
2831 -1348.0000000000
2902 -1347.0000000000
2963 -1343.0000000000
2968 -1339.0000000000
2982 -1335.0000000000
3016 -1334.0000000000
3019 -1328.0000000000
3049 -1327.0000000000
3064 -1326.0000000000
3068 -1322.0000000000
3146 -1321.0000000000
3152 -1320.0000000000
3154 -1318.0000000000
3184 -1310.0000000000
3323 -1309.0000000000
3382 -1300.0000000000
3410 -1299.0000000000
3432 -1296.0000000000
3572 -1293.0000000000
3586 -1291.0000000000
3634 -1290.0000000000
3678 -1288.0000000000
3723 -1280.0000000000
3751 -1276.0000000000
3785 -1273.0000000000
3804 -1271.0000000000
3826 -1270.0000000000
3839 -1269.0000000000
3859 -1268.0000000000
3871 -1261.0000000000
3935 -1259.0000000000
4070 -1246.0000000000
4459 -1244.0000000000
4471 -1240.0000000000
4496 -1236.0000000000
4532 -1231.0000000000
4632 -1228.0000000000
4651 -1227.0000000000
4764 -1224.0000000000
4806 -1219.0000000000
4864 -1216.0000000000
5025 -1215.0000000000
5039 -1213.0000000000
5049 -1209.0000000000
5075 -1205.0000000000
5221 -1199.0000000000
5259 -1198.0000000000
5378 -1197.0000000000
5385 -1196.0000000000
5497 -1187.0000000000
5532 -1185.0000000000
5709 -1181.0000000000
5781 -1179.0000000000
5920 -1178.0000000000
6029 -1174.0000000000
6069 -1172.0000000000
6111 -1171.0000000000
6123 -1168.0000000000
6454 -1166.0000000000
6557 -1158.0000000000
7173 -1151.0000000000
7306 -1147.0000000000
7366 -1140.0000000000
7494 -1139.0000000000
7594 -1134.0000000000
8328 -1131.0000000000
8345 -1130.0000000000
8367 -1129.0000000000
8568 -1126.0000000000
8998 -1124.0000000000
9009 -1122.0000000000
9061 -1114.0000000000
9553 -1113.0000000000
9563 -1112.0000000000
9668 -1102.0000000000
10010 -1140.0000000000
evaluations raw_y
1 -1929.0000000000
4 -1871.0000000000
33 -1860.0000000000
43 -1846.0000000000
63 -1838.0000000000
67 -1814.0000000000
106 -1811.0000000000
107 -1793.0000000000
116 -1790.0000000000
156 -1778.0000000000
160 -1766.0000000000
185 -1753.0000000000
194 -1741.0000000000
232 -1725.0000000000
300 -1723.0000000000
416 -1709.0000000000
481 -1702.0000000000
600 -1692.0000000000
609 -1679.0000000000
643 -1673.0000000000
734 -1659.0000000000
823 -1658.0000000000
835 -1634.0000000000
929 -1625.0000000000
980 -1624.0000000000
990 -1615.0000000000
1046 -1612.0000000000
1101 -1592.0000000000
1149 -1575.0000000000
1351 -1573.0000000000
1373 -1570.0000000000
1379 -1564.0000000000
1392 -1552.0000000000
1421 -1540.0000000000
1464 -1534.0000000000
1479 -1529.0000000000
1505 -1523.0000000000
1579 -1521.0000000000
1588 -1519.0000000000
1622 -1515.0000000000
1624 -1507.0000000000
1646 -1506.0000000000
1659 -1502.0000000000
1665 -1496.0000000000
1679 -1494.0000000000
1685 -1493.0000000000
1709 -1484.0000000000
1716 -1483.0000000000
1719 -1479.0000000000
1742 -1472.0000000000
1772 -1470.0000000000
1773 -1465.0000000000
1802 -1460.0000000000
1835 -1458.0000000000
1844 -1452.0000000000
1862 -1443.0000000000
1958 -1442.0000000000
1964 -1438.0000000000
1985 -1436.0000000000
1997 -1433.0000000000
2025 -1432.0000000000
2048 -1424.0000000000
2080 -1423.0000000000
2091 -1422.0000000000
2109 -1420.0000000000
2157 -1414.0000000000
2165 -1407.0000000000
2203 -1401.0000000000
2223 -1392.0000000000
2246 -1390.0000000000
2274 -1384.0000000000
2314 -1382.0000000000
2330 -1380.0000000000
2433 -1375.0000000000
2480 -1374.0000000000
2598 -1369.0000000000
2659 -1364.0000000000
2679 -1361.0000000000
2687 -1360.0000000000
2735 -1357.0000000000
2745 -1354.0000000000
2764 -1348.0000000000
2902 -1346.0000000000
2921 -1337.0000000000
2961 -1324.0000000000
3005 -1319.0000000000
3092 -1317.0000000000
3124 -1316.0000000000
3160 -1310.0000000000
3286 -1307.0000000000
3322 -1304.0000000000
3369 -1293.0000000000
3430 -1290.0000000000
3532 -1289.0000000000
3557 -1286.0000000000
3625 -1281.0000000000
3723 -1280.0000000000
3864 -1279.0000000000
3880 -1278.0000000000
3934 -1275.0000000000
3941 -1272.0000000000
3947 -1266.0000000000
3992 -1264.0000000000
4048 -1263.0000000000
4122 -1258.0000000000
4178 -1243.0000000000
4401 -1238.0000000000
4830 -1236.0000000000
4863 -1229.0000000000
4984 -1228.0000000000
5057 -1227.0000000000
5127 -1222.0000000000
5164 -1218.0000000000
5585 -1217.0000000000
5614 -1214.0000000000
5646 -1204.0000000000
5797 -1203.0000000000
5936 -1196.0000000000
6147 -1191.0000000000
6248 -1190.0000000000
6284 -1187.0000000000
6391 -1185.0000000000
6405 -1180.0000000000
6417 -1179.0000000000
6676 -1178.0000000000
6936 -1171.0000000000
7281 -1165.0000000000
7373 -1164.0000000000
7414 -1160.0000000000
7572 -1156.0000000000
7965 -1155.0000000000
7979 -1153.0000000000
8032 -1149.0000000000
8232 -1147.0000000000
8240 -1144.0000000000
8454 -1141.0000000000
8634 -1135.0000000000
8878 -1131.0000000000
9133 -1129.0000000000
9649 -1128.0000000000
9672 -1127.0000000000
9786 -1126.0000000000
10010 -1142.0000000000
evaluations raw_y
1 -1951.0000000000
2 -1892.0000000000
4 -1876.0000000000
12 -1861.0000000000
22 -1860.0000000000
25 -1839.0000000000
31 -1818.0000000000
72 -1814.0000000000
76 -1807.0000000000
93 -1796.0000000000
100 -1784.0000000000
112 -1782.0000000000
139 -1763.0000000000
159 -1761.0000000000
166 -1760.0000000000
186 -1744.0000000000
203 -1743.0000000000
224 -1736.0000000000
234 -1735.0000000000
250 -1733.0000000000
254 -1726.0000000000
256 -1724.0000000000
286 -1708.0000000000
306 -1707.0000000000
328 -1704.0000000000
330 -1684.0000000000
415 -1679.0000000000
440 -1674.0000000000
460 -1662.0000000000
477 -1643.0000000000
861 -1639.0000000000
886 -1628.0000000000
980 -1616.0000000000
1064 -1614.0000000000
1201 -1611.0000000000
1253 -1598.0000000000
1355 -1589.0000000000
1386 -1579.0000000000
1404 -1571.0000000000
1428 -1570.0000000000
1447 -1563.0000000000
1454 -1561.0000000000
1464 -1557.0000000000
1494 -1556.0000000000
1501 -1552.0000000000
1520 -1546.0000000000
1532 -1541.0000000000
1566 -1540.0000000000
1590 -1520.0000000000
1642 -1516.0000000000
1660 -1515.0000000000
1712 -1511.0000000000
1722 -1510.0000000000
1744 -1508.0000000000
1745 -1502.0000000000
1747 -1497.0000000000
1769 -1491.0000000000
1789 -1487.0000000000
1795 -1486.0000000000
1803 -1485.0000000000
1822 -1482.0000000000
1824 -1479.0000000000
1843 -1478.0000000000
1849 -1477.0000000000
1873 -1473.0000000000
1885 -1472.0000000000
1915 -1470.0000000000
1941 -1464.0000000000
1948 -1463.0000000000
1967 -1462.0000000000
1999 -1457.0000000000
2099 -1455.0000000000
2125 -1453.0000000000
2147 -1451.0000000000
2164 -1444.0000000000
2168 -1442.0000000000
2171 -1440.0000000000
2183 -1434.0000000000
2194 -1429.0000000000
2219 -1428.0000000000
2260 -1423.0000000000
2261 -1422.0000000000
2278 -1420.0000000000
2288 -1417.0000000000
2308 -1415.0000000000
2323 -1414.0000000000
2336 -1406.0000000000
2391 -1395.0000000000
2458 -1393.0000000000
2461 -1392.0000000000
2482 -1388.0000000000
2492 -1387.0000000000
2508 -1386.0000000000
2525 -1381.0000000000
2541 -1378.0000000000
2543 -1377.0000000000
2613 -1369.0000000000
2619 -1368.0000000000
2672 -1363.0000000000
2742 -1353.0000000000
2812 -1349.0000000000
2831 -1346.0000000000
2846 -1343.0000000000
2853 -1340.0000000000
2890 -1326.0000000000
3047 -1324.0000000000
3066 -1323.0000000000
3121 -1318.0000000000
3179 -1309.0000000000
3231 -1308.0000000000
3245 -1299.0000000000
3298 -1295.0000000000
3380 -1291.0000000000
3421 -1282.0000000000
3504 -1279.0000000000
3553 -1272.0000000000
3643 -1252.0000000000
3832 -1251.0000000000
3846 -1250.0000000000
3891 -1246.0000000000
3967 -1240.0000000000
4059 -1237.0000000000
4114 -1229.0000000000
4334 -1223.0000000000
4494 -1221.0000000000
4847 -1215.0000000000
4972 -1214.0000000000
5152 -1211.0000000000
5245 -1205.0000000000
5417 -1198.0000000000
5540 -1194.0000000000
5583 -1190.0000000000
5681 -1189.0000000000
5744 -1187.0000000000
5745 -1180.0000000000
5835 -1178.0000000000
5842 -1166.0000000000
6173 -1162.0000000000
6347 -1161.0000000000
6539 -1156.0000000000
6646 -1152.0000000000
7006 -1151.0000000000
7225 -1148.0000000000
7272 -1146.0000000000
7685 -1139.0000000000
7903 -1134.0000000000
8068 -1130.0000000000
8196 -1128.0000000000
8547 -1126.0000000000
8737 -1125.0000000000
9471 -1123.0000000000
10010 -1156.0000000000
evaluations raw_y
1 -2000.0000000000
2 -1915.0000000000
3 -1910.0000000000
5 -1886.0000000000
15 -1862.0000000000
35 -1858.0000000000
37 -1857.0000000000
50 -1829.0000000000
59 -1818.0000000000
89 -1804.0000000000
101 -1803.0000000000
134 -1785.0000000000
167 -1784.0000000000
180 -1760.0000000000
201 -1728.0000000000
244 -1724.0000000000
293 -1709.0000000000
350 -1705.0000000000
403 -1694.0000000000
424 -1679.0000000000
462 -1666.0000000000
483 -1662.0000000000
671 -1653.0000000000
718 -1649.0000000000
766 -1645.0000000000
875 -1644.0000000000
893 -1643.0000000000
904 -1631.0000000000
1028 -1623.0000000000
1046 -1608.0000000000
1146 -1592.0000000000
1159 -1581.0000000000
1225 -1577.0000000000
1240 -1565.0000000000
1297 -1562.0000000000
1337 -1560.0000000000
1346 -1557.0000000000
1353 -1556.0000000000
1364 -1543.0000000000
1457 -1540.0000000000
1479 -1532.0000000000
1528 -1523.0000000000
1533 -1517.0000000000
1555 -1509.0000000000
1577 -1504.0000000000
1590 -1496.0000000000
1623 -1494.0000000000
1640 -1493.0000000000
1641 -1484.0000000000
1672 -1480.0000000000
1688 -1471.0000000000
1702 -1469.0000000000
1710 -1468.0000000000
1714 -1466.0000000000
1719 -1455.0000000000
1773 -1453.0000000000
1833 -1442.0000000000
1915 -1441.0000000000
1924 -1429.0000000000
1963 -1421.0000000000
2022 -1420.0000000000
2035 -1419.0000000000
2048 -1417.0000000000
2070 -1414.0000000000
2083 -1403.0000000000
2133 -1397.0000000000
2176 -1392.0000000000
2186 -1388.0000000000
2205 -1387.0000000000
2279 -1386.0000000000
2302 -1384.0000000000
2332 -1381.0000000000
2351 -1380.0000000000
2384 -1379.0000000000
2400 -1377.0000000000
2416 -1375.0000000000
2441 -1374.0000000000
2462 -1365.0000000000
2559 -1361.0000000000
2578 -1357.0000000000
2604 -1355.0000000000
2624 -1353.0000000000
2641 -1347.0000000000
2694 -1341.0000000000
2714 -1338.0000000000
2764 -1337.0000000000
2779 -1336.0000000000
2860 -1333.0000000000
2921 -1328.0000000000
2970 -1325.0000000000
3009 -1324.0000000000
3035 -1322.0000000000
3086 -1321.0000000000
3164 -1320.0000000000
3226 -1316.0000000000
3244 -1314.0000000000
3301 -1307.0000000000
3445 -1305.0000000000
3490 -1303.0000000000
3524 -1301.0000000000
3568 -1296.0000000000
3607 -1295.0000000000
3650 -1290.0000000000
3652 -1286.0000000000
3672 -1285.0000000000
3680 -1282.0000000000
3693 -1276.0000000000
3698 -1272.0000000000
3806 -1252.0000000000
3895 -1251.0000000000
3929 -1246.0000000000
3984 -1244.0000000000
4057 -1243.0000000000
4095 -1241.0000000000
4211 -1240.0000000000
4224 -1239.0000000000
4298 -1234.0000000000
4412 -1223.0000000000
4760 -1221.0000000000
5024 -1211.0000000000
5231 -1205.0000000000
5742 -1203.0000000000
5853 -1202.0000000000
5924 -1199.0000000000
5930 -1195.0000000000
5972 -1190.0000000000
6001 -1189.0000000000
6045 -1186.0000000000
6113 -1185.0000000000
6139 -1183.0000000000
6218 -1177.0000000000
6690 -1173.0000000000
6985 -1172.0000000000
7625 -1169.0000000000
7747 -1168.0000000000
7768 -1166.0000000000
8017 -1165.0000000000
8318 -1160.0000000000
8330 -1159.0000000000
8356 -1158.0000000000
8397 -1153.0000000000
8695 -1150.0000000000
10005 -1148.0000000000
10010 -1175.0000000000
evaluations raw_y
1 -1925.0000000000
2 -1864.0000000000
5 -1850.0000000000
29 -1845.0000000000
41 -1844.0000000000
42 -1839.0000000000
48 -1838.0000000000
60 -1825.0000000000
73 -1795.0000000000
110 -1791.0000000000
114 -1767.0000000000
142 -1766.0000000000
161 -1763.0000000000
182 -1753.0000000000
188 -1751.0000000000
203 -1747.0000000000
232 -1743.0000000000
268 -1738.0000000000
304 -1732.0000000000
340 -1716.0000000000
434 -1707.0000000000
511 -1704.0000000000
548 -1693.0000000000
610 -1691.0000000000
619 -1676.0000000000
672 -1675.0000000000
787 -1673.0000000000
793 -1672.0000000000
802 -1656.0000000000
842 -1652.0000000000
869 -1634.0000000000
908 -1626.0000000000
956 -1595.0000000000
1145 -1594.0000000000
1157 -1579.0000000000
1238 -1559.0000000000
1290 -1546.0000000000
1307 -1542.0000000000
1359 -1529.0000000000
1527 -1520.0000000000
1554 -1514.0000000000
1595 -1511.0000000000
1616 -1501.0000000000
1642 -1497.0000000000
1666 -1493.0000000000
1681 -1491.0000000000
1694 -1490.0000000000
1725 -1477.0000000000
1741 -1475.0000000000
1757 -1473.0000000000
1798 -1467.0000000000
1812 -1465.0000000000
1841 -1456.0000000000
1850 -1454.0000000000
1858 -1449.0000000000
1884 -1447.0000000000
1898 -1446.0000000000
1899 -1444.0000000000
1912 -1440.0000000000
1930 -1439.0000000000
1946 -1432.0000000000
1952 -1428.0000000000
1991 -1418.0000000000
2010 -1410.0000000000
2032 -1404.0000000000
2037 -1403.0000000000
2068 -1398.0000000000
2082 -1392.0000000000
2103 -1391.0000000000
2154 -1380.0000000000
2235 -1375.0000000000
2252 -1373.0000000000
2276 -1367.0000000000
2300 -1365.0000000000
2318 -1356.0000000000
2348 -1345.0000000000
2427 -1334.0000000000
2488 -1333.0000000000
2518 -1328.0000000000
2571 -1324.0000000000
2580 -1319.0000000000
2620 -1306.0000000000
2676 -1302.0000000000
2688 -1300.0000000000
2726 -1297.0000000000
2775 -1291.0000000000
2855 -1290.0000000000
2882 -1286.0000000000
2917 -1284.0000000000
2956 -1283.0000000000
3003 -1278.0000000000
3005 -1263.0000000000
3032 -1262.0000000000
3071 -1258.0000000000
3133 -1257.0000000000
3190 -1251.0000000000
3359 -1243.0000000000
3524 -1242.0000000000
3555 -1237.0000000000
3586 -1230.0000000000
3736 -1229.0000000000
3755 -1228.0000000000
3773 -1221.0000000000
3835 -1216.0000000000
3868 -1214.0000000000
3886 -1211.0000000000
3895 -1207.0000000000
4101 -1204.0000000000
4437 -1202.0000000000
4462 -1201.0000000000
4483 -1199.0000000000
4583 -1196.0000000000
4919 -1194.0000000000
4945 -1188.0000000000
5123 -1181.0000000000
5306 -1177.0000000000
5387 -1174.0000000000
5462 -1170.0000000000
5557 -1169.0000000000
5816 -1165.0000000000
6170 -1162.0000000000
6550 -1160.0000000000
6567 -1155.0000000000
6800 -1152.0000000000
6801 -1148.0000000000
7242 -1145.0000000000
7261 -1143.0000000000
7569 -1135.0000000000
7591 -1133.0000000000
8319 -1132.0000000000
8874 -1125.0000000000
9439 -1121.0000000000
9454 -1116.0000000000
9566 -1112.0000000000
9939 -1108.0000000000
10010 -1121.0000000000
evaluations raw_y
1 -1942.0000000000
3 -1935.0000000000
7 -1884.0000000000
10 -1869.0000000000
20 -1850.0000000000
26 -1842.0000000000
27 -1839.0000000000
40 -1822.0000000000
61 -1819.0000000000
72 -1804.0000000000
78 -1800.0000000000
96 -1794.0000000000
110 -1792.0000000000
120 -1782.0000000000
155 -1770.0000000000
166 -1760.0000000000
200 -1748.0000000000
256 -1743.0000000000
271 -1739.0000000000
281 -1736.0000000000
297 -1724.0000000000
301 -1723.0000000000
336 -1722.0000000000
380 -1720.0000000000
387 -1681.0000000000
477 -1673.0000000000
600 -1671.0000000000
627 -1648.0000000000
985 -1634.0000000000
1059 -1632.0000000000
1063 -1629.0000000000
1093 -1622.0000000000
1105 -1616.0000000000
1138 -1610.0000000000
1146 -1605.0000000000
1200 -1599.0000000000
1209 -1590.0000000000
1320 -1589.0000000000
1407 -1580.0000000000
1442 -1579.0000000000
1448 -1576.0000000000
1461 -1575.0000000000
1474 -1568.0000000000
1488 -1560.0000000000
1507 -1557.0000000000
1528 -1550.0000000000
1532 -1543.0000000000
1562 -1539.0000000000
1567 -1531.0000000000
1582 -1530.0000000000
1612 -1525.0000000000
1628 -1512.0000000000
1663 -1506.0000000000
1693 -1498.0000000000
1713 -1497.0000000000
1716 -1495.0000000000
1717 -1493.0000000000
1735 -1489.0000000000
1777 -1475.0000000000
1822 -1465.0000000000
1830 -1461.0000000000
1865 -1460.0000000000
1871 -1457.0000000000
1898 -1447.0000000000
1915 -1445.0000000000
1945 -1444.0000000000
1949 -1430.0000000000
1965 -1429.0000000000
1971 -1428.0000000000
1994 -1424.0000000000
2043 -1423.0000000000
2057 -1419.0000000000
2091 -1416.0000000000
2144 -1415.0000000000
2149 -1412.0000000000
2196 -1406.0000000000
2200 -1399.0000000000
2240 -1397.0000000000
2273 -1394.0000000000
2298 -1387.0000000000
2317 -1384.0000000000
2396 -1383.0000000000
2413 -1379.0000000000
2420 -1378.0000000000
2482 -1369.0000000000
2507 -1362.0000000000
2604 -1351.0000000000
2740 -1348.0000000000
2747 -1346.0000000000
2761 -1337.0000000000
2796 -1336.0000000000
2827 -1325.0000000000
2851 -1324.0000000000
2881 -1322.0000000000
2890 -1320.0000000000
2904 -1318.0000000000
2906 -1317.0000000000
2931 -1313.0000000000
2967 -1310.0000000000
3008 -1309.0000000000
3015 -1307.0000000000
3114 -1299.0000000000
3170 -1295.0000000000
3188 -1287.0000000000
3301 -1278.0000000000
3379 -1276.0000000000
3381 -1264.0000000000
3409 -1262.0000000000
3438 -1261.0000000000
3527 -1258.0000000000
3542 -1255.0000000000
3701 -1254.0000000000
3784 -1251.0000000000
3854 -1247.0000000000
3939 -1243.0000000000
4000 -1240.0000000000
4035 -1235.0000000000
4239 -1231.0000000000
4393 -1228.0000000000
4499 -1227.0000000000
4502 -1225.0000000000
4574 -1219.0000000000
4753 -1213.0000000000
4963 -1208.0000000000
5095 -1207.0000000000
5106 -1203.0000000000
5289 -1202.0000000000
5342 -1201.0000000000
5388 -1194.0000000000
5483 -1193.0000000000
5532 -1177.0000000000
5590 -1175.0000000000
5616 -1173.0000000000
6020 -1170.0000000000
6248 -1167.0000000000
6430 -1161.0000000000
6618 -1160.0000000000
6722 -1158.0000000000
6727 -1151.0000000000
6877 -1149.0000000000
7190 -1148.0000000000
7269 -1144.0000000000
7453 -1142.0000000000
7580 -1139.0000000000
7983 -1138.0000000000
8631 -1137.0000000000
8653 -1136.0000000000
8727 -1134.0000000000
8873 -1133.0000000000
9558 -1132.0000000000
10010 -1139.0000000000
evaluations raw_y
1 -1922.0000000000
3 -1887.0000000000
10 -1862.0000000000
34 -1827.0000000000
60 -1825.0000000000
80 -1822.0000000000
95 -1818.0000000000
99 -1817.0000000000
103 -1813.0000000000
105 -1805.0000000000
136 -1804.0000000000
139 -1796.0000000000
163 -1780.0000000000
180 -1776.0000000000
184 -1750.0000000000
332 -1744.0000000000
363 -1735.0000000000
426 -1724.0000000000
443 -1722.0000000000
481 -1709.0000000000
557 -1690.0000000000
595 -1689.0000000000
628 -1678.0000000000
707 -1657.0000000000
849 -1642.0000000000
890 -1632.0000000000
1057 -1621.0000000000
1131 -1620.0000000000
1137 -1617.0000000000
1145 -1609.0000000000
1161 -1602.0000000000
1226 -1595.0000000000
1246 -1593.0000000000
1257 -1590.0000000000
1267 -1584.0000000000
1332 -1576.0000000000
1342 -1575.0000000000
1354 -1571.0000000000
1362 -1569.0000000000
1394 -1564.0000000000
1403 -1563.0000000000
1410 -1562.0000000000
1437 -1561.0000000000
1473 -1559.0000000000
1482 -1553.0000000000
1487 -1549.0000000000
1497 -1543.0000000000
1550 -1541.0000000000
1556 -1540.0000000000
1561 -1536.0000000000
1580 -1530.0000000000
1583 -1529.0000000000
1605 -1527.0000000000
1610 -1518.0000000000
1639 -1516.0000000000
1649 -1502.0000000000
1663 -1488.0000000000
1680 -1486.0000000000
1722 -1479.0000000000
1732 -1474.0000000000
1770 -1468.0000000000
1816 -1464.0000000000
1830 -1463.0000000000
1833 -1461.0000000000
1852 -1452.0000000000
1858 -1449.0000000000
1898 -1443.0000000000
1912 -1438.0000000000
1975 -1436.0000000000
1982 -1435.0000000000
1987 -1431.0000000000
2003 -1421.0000000000
2050 -1418.0000000000
2090 -1409.0000000000
2127 -1403.0000000000
2156 -1399.0000000000
2228 -1398.0000000000
2262 -1392.0000000000
2263 -1387.0000000000
2303 -1385.0000000000
2308 -1383.0000000000
2350 -1381.0000000000
2352 -1379.0000000000
2355 -1377.0000000000
2370 -1375.0000000000
2371 -1367.0000000000
2420 -1363.0000000000
2428 -1361.0000000000
2469 -1354.0000000000
2540 -1349.0000000000
2556 -1331.0000000000
2606 -1330.0000000000
2656 -1329.0000000000
2660 -1325.0000000000
2683 -1324.0000000000
2693 -1320.0000000000
2707 -1309.0000000000
2724 -1307.0000000000
2746 -1301.0000000000
2769 -1298.0000000000
2807 -1297.0000000000
2815 -1295.0000000000
2844 -1285.0000000000
2971 -1283.0000000000
3139 -1282.0000000000
3143 -1277.0000000000
3153 -1276.0000000000
3177 -1275.0000000000
3239 -1273.0000000000
3246 -1267.0000000000
3272 -1264.0000000000
3293 -1258.0000000000
3502 -1255.0000000000
3545 -1250.0000000000
3613 -1247.0000000000
3644 -1246.0000000000
3793 -1245.0000000000
3806 -1244.0000000000
3861 -1241.0000000000
3937 -1235.0000000000
4443 -1229.0000000000
4495 -1228.0000000000
4503 -1226.0000000000
4537 -1224.0000000000
4547 -1222.0000000000
4830 -1217.0000000000
4885 -1210.0000000000
4907 -1208.0000000000
5083 -1206.0000000000
5249 -1204.0000000000
5285 -1202.0000000000
5355 -1201.0000000000
5463 -1200.0000000000
5557 -1190.0000000000
5667 -1188.0000000000
5688 -1186.0000000000
5978 -1184.0000000000
6144 -1177.0000000000
6216 -1175.0000000000
6353 -1172.0000000000
6409 -1165.0000000000
6643 -1162.0000000000
6648 -1161.0000000000
6741 -1159.0000000000
6868 -1158.0000000000
6885 -1157.0000000000
6899 -1149.0000000000
7308 -1145.0000000000
7563 -1135.0000000000
8561 -1134.0000000000
8843 -1127.0000000000
8891 -1124.0000000000
8976 -1118.0000000000
10010 -1139.0000000000
evaluations raw_y
1 -1888.0000000000
4 -1874.0000000000
21 -1868.0000000000
41 -1862.0000000000
46 -1861.0000000000
47 -1817.0000000000
60 -1808.0000000000
71 -1792.0000000000
96 -1790.0000000000
102 -1787.0000000000
107 -1780.0000000000
150 -1779.0000000000
174 -1777.0000000000
184 -1771.0000000000
194 -1756.0000000000
215 -1752.0000000000
247 -1740.0000000000
291 -1735.0000000000
313 -1709.0000000000
353 -1704.0000000000
429 -1692.0000000000
482 -1691.0000000000
495 -1674.0000000000
591 -1671.0000000000
622 -1669.0000000000
645 -1668.0000000000
649 -1664.0000000000
654 -1659.0000000000
732 -1653.0000000000
754 -1645.0000000000
756 -1642.0000000000
787 -1635.0000000000
926 -1628.0000000000
996 -1617.0000000000
1004 -1615.0000000000
1037 -1610.0000000000
1134 -1601.0000000000
1169 -1595.0000000000
1195 -1588.0000000000
1292 -1584.0000000000
1298 -1577.0000000000
1302 -1576.0000000000
1313 -1574.0000000000
1352 -1572.0000000000
1369 -1561.0000000000
1440 -1555.0000000000
1457 -1549.0000000000
1488 -1548.0000000000
1517 -1547.0000000000
1529 -1544.0000000000
1534 -1537.0000000000
1578 -1535.0000000000
1597 -1528.0000000000
1613 -1523.0000000000
1623 -1520.0000000000
1652 -1519.0000000000
1669 -1518.0000000000
1690 -1514.0000000000
1723 -1500.0000000000
1757 -1495.0000000000
1762 -1491.0000000000
1772 -1485.0000000000
1791 -1477.0000000000
1835 -1471.0000000000
1869 -1468.0000000000
1880 -1464.0000000000
1893 -1461.0000000000
1910 -1459.0000000000
1914 -1448.0000000000
1917 -1442.0000000000
1952 -1441.0000000000
1984 -1439.0000000000
1985 -1438.0000000000
2033 -1429.0000000000
2056 -1427.0000000000
2097 -1420.0000000000
2106 -1417.0000000000
2129 -1404.0000000000
2162 -1403.0000000000
2164 -1398.0000000000
2180 -1394.0000000000
2204 -1381.0000000000
2249 -1376.0000000000
2254 -1372.0000000000
2320 -1366.0000000000
2346 -1365.0000000000
2354 -1364.0000000000
2371 -1359.0000000000
2441 -1351.0000000000
2461 -1347.0000000000
2486 -1345.0000000000
2529 -1344.0000000000
2566 -1341.0000000000
2594 -1340.0000000000
2628 -1335.0000000000
2645 -1328.0000000000
2688 -1326.0000000000
2698 -1321.0000000000
2777 -1319.0000000000
2808 -1318.0000000000
2848 -1317.0000000000
2883 -1311.0000000000
2933 -1307.0000000000
2991 -1303.0000000000
3073 -1299.0000000000
3118 -1295.0000000000
3189 -1293.0000000000
3213 -1285.0000000000
3359 -1283.0000000000
3625 -1279.0000000000
3701 -1278.0000000000
3862 -1276.0000000000
3876 -1269.0000000000
3905 -1268.0000000000
3918 -1263.0000000000
3994 -1254.0000000000
4041 -1251.0000000000
4044 -1246.0000000000
4132 -1236.0000000000
4163 -1234.0000000000
4173 -1227.0000000000
4324 -1219.0000000000
4373 -1218.0000000000
4375 -1215.0000000000
4402 -1214.0000000000
4463 -1213.0000000000
4595 -1210.0000000000
4723 -1208.0000000000
4763 -1207.0000000000
4837 -1206.0000000000
4884 -1204.0000000000
4913 -1199.0000000000
4967 -1196.0000000000
4996 -1193.0000000000
5073 -1189.0000000000
5258 -1185.0000000000
5296 -1184.0000000000
5346 -1178.0000000000
5613 -1167.0000000000
6099 -1165.0000000000
6398 -1159.0000000000
6648 -1158.0000000000
6687 -1154.0000000000
6746 -1150.0000000000
6947 -1149.0000000000
6961 -1147.0000000000
6981 -1145.0000000000
7281 -1141.0000000000
7351 -1139.0000000000
7687 -1137.0000000000
7694 -1133.0000000000
8090 -1130.0000000000
8345 -1128.0000000000
8563 -1126.0000000000
8722 -1121.0000000000
8930 -1118.0000000000
9060 -1113.0000000000
9120 -1108.0000000000
9418 -1104.0000000000
9813 -1103.0000000000
10008 -1102.0000000000
10010 -1126.0000000000
evaluations raw_y
1 -1977.0000000000
2 -1898.0000000000
7 -1864.0000000000
11 -1821.0000000000
26 -1794.0000000000
49 -1781.0000000000
62 -1745.0000000000
97 -1744.0000000000
137 -1736.0000000000
191 -1724.0000000000
269 -1719.0000000000
352 -1691.0000000000
434 -1687.0000000000
497 -1686.0000000000
527 -1676.0000000000
542 -1665.0000000000
619 -1662.0000000000
662 -1656.0000000000
716 -1638.0000000000
936 -1637.0000000000
986 -1631.0000000000
1000 -1628.0000000000
1092 -1622.0000000000
1127 -1613.0000000000
1156 -1608.0000000000
1380 -1607.0000000000
1382 -1605.0000000000
1391 -1595.0000000000
1455 -1584.0000000000
1481 -1583.0000000000
1488 -1580.0000000000
1505 -1575.0000000000
1513 -1574.0000000000
1523 -1564.0000000000
1534 -1556.0000000000
1547 -1555.0000000000
1558 -1553.0000000000
1563 -1541.0000000000
1574 -1537.0000000000
1575 -1535.0000000000
1605 -1533.0000000000
1618 -1530.0000000000
1644 -1529.0000000000
1658 -1517.0000000000
1695 -1516.0000000000
1706 -1512.0000000000
1727 -1504.0000000000
1757 -1502.0000000000
1768 -1497.0000000000
1819 -1493.0000000000
1821 -1492.0000000000
1830 -1470.0000000000
1874 -1467.0000000000
1879 -1464.0000000000
1912 -1436.0000000000
2008 -1434.0000000000
2022 -1428.0000000000
2045 -1424.0000000000
2065 -1422.0000000000
2122 -1415.0000000000
2144 -1414.0000000000
2145 -1411.0000000000
2163 -1408.0000000000
2169 -1407.0000000000
2178 -1404.0000000000
2223 -1401.0000000000
2229 -1394.0000000000
2264 -1386.0000000000
2288 -1381.0000000000
2293 -1375.0000000000
2307 -1372.0000000000
2365 -1367.0000000000
2429 -1350.0000000000
2474 -1339.0000000000
2585 -1336.0000000000
2629 -1331.0000000000
2716 -1329.0000000000
2736 -1328.0000000000
2739 -1327.0000000000
2785 -1319.0000000000
2845 -1315.0000000000
2897 -1313.0000000000
2971 -1311.0000000000
3004 -1303.0000000000
3036 -1301.0000000000
3137 -1299.0000000000
3158 -1298.0000000000
3165 -1294.0000000000
3242 -1288.0000000000
3473 -1282.0000000000
3537 -1279.0000000000
3632 -1269.0000000000
3712 -1268.0000000000
3731 -1265.0000000000
3751 -1259.0000000000
3817 -1255.0000000000
4005 -1249.0000000000
4052 -1243.0000000000
4069 -1242.0000000000
4209 -1239.0000000000
4228 -1233.0000000000
4605 -1228.0000000000
4619 -1227.0000000000
4637 -1225.0000000000
4663 -1224.0000000000
4706 -1222.0000000000
4720 -1215.0000000000
4752 -1209.0000000000
4777 -1208.0000000000
4823 -1206.0000000000
4931 -1205.0000000000
5071 -1204.0000000000
5082 -1198.0000000000
5149 -1191.0000000000
5465 -1184.0000000000
5484 -1182.0000000000
5630 -1181.0000000000
5871 -1173.0000000000
6343 -1170.0000000000
6540 -1165.0000000000
6608 -1156.0000000000
6713 -1150.0000000000
6811 -1147.0000000000
7036 -1145.0000000000
7434 -1140.0000000000
7789 -1139.0000000000
8355 -1138.0000000000
8647 -1134.0000000000
9402 -1133.0000000000
9467 -1129.0000000000
9502 -1128.0000000000
10010 -1136.0000000000
evaluations raw_y
1 -1976.0000000000
2 -1882.0000000000
9 -1858.0000000000
23 -1830.0000000000
52 -1822.0000000000
58 -1820.0000000000
61 -1816.0000000000
75 -1811.0000000000
81 -1808.0000000000
98 -1795.0000000000
119 -1794.0000000000
127 -1786.0000000000
137 -1772.0000000000
175 -1760.0000000000
184 -1750.0000000000
237 -1742.0000000000
268 -1736.0000000000
289 -1718.0000000000
386 -1715.0000000000
427 -1713.0000000000
465 -1705.0000000000
470 -1687.0000000000
515 -1683.0000000000
534 -1652.0000000000
589 -1650.0000000000
602 -1647.0000000000
720 -1640.0000000000
786 -1639.0000000000
859 -1635.0000000000
971 -1629.0000000000
1005 -1615.0000000000
1049 -1611.0000000000
1055 -1609.0000000000
1065 -1597.0000000000
1107 -1596.0000000000
1136 -1594.0000000000
1186 -1587.0000000000
1194 -1579.0000000000
1226 -1570.0000000000
1309 -1565.0000000000
1342 -1562.0000000000
1355 -1556.0000000000
1381 -1554.0000000000
1396 -1545.0000000000
1408 -1536.0000000000
1412 -1535.0000000000
1460 -1534.0000000000
1472 -1527.0000000000
1485 -1525.0000000000
1505 -1515.0000000000
1520 -1499.0000000000
1567 -1495.0000000000
1592 -1493.0000000000
1594 -1492.0000000000
1609 -1487.0000000000
1617 -1486.0000000000
1629 -1483.0000000000
1636 -1475.0000000000
1648 -1467.0000000000
1665 -1464.0000000000
1678 -1463.0000000000
1701 -1461.0000000000
1710 -1457.0000000000
1728 -1451.0000000000
1756 -1449.0000000000
1762 -1446.0000000000
1775 -1445.0000000000
1811 -1444.0000000000
1817 -1438.0000000000
1821 -1437.0000000000
1835 -1435.0000000000
1842 -1432.0000000000
1856 -1424.0000000000
1878 -1422.0000000000
1879 -1420.0000000000
1903 -1419.0000000000
1905 -1417.0000000000
1916 -1414.0000000000
1926 -1413.0000000000
1950 -1410.0000000000
2011 -1408.0000000000
2036 -1401.0000000000
2071 -1395.0000000000
2103 -1389.0000000000
2119 -1388.0000000000
2126 -1384.0000000000
2169 -1381.0000000000
2191 -1379.0000000000
2218 -1373.0000000000
2219 -1370.0000000000
2303 -1369.0000000000
2306 -1368.0000000000
2309 -1364.0000000000
2348 -1358.0000000000
2378 -1357.0000000000
2436 -1355.0000000000
2480 -1354.0000000000
2504 -1353.0000000000
2550 -1350.0000000000
2559 -1347.0000000000
2582 -1344.0000000000
2612 -1342.0000000000
2651 -1337.0000000000
2665 -1336.0000000000
2716 -1334.0000000000
2763 -1332.0000000000
2804 -1331.0000000000
2814 -1324.0000000000
2818 -1323.0000000000
2886 -1320.0000000000
2903 -1313.0000000000
2907 -1305.0000000000
3011 -1303.0000000000
3082 -1301.0000000000
3085 -1294.0000000000
3141 -1291.0000000000
3208 -1290.0000000000
3217 -1281.0000000000
3275 -1271.0000000000
3328 -1269.0000000000
3345 -1263.0000000000
3357 -1257.0000000000
3388 -1247.0000000000
3474 -1245.0000000000
3525 -1242.0000000000
3527 -1241.0000000000
3567 -1234.0000000000
3705 -1232.0000000000
3718 -1230.0000000000
3813 -1227.0000000000
3907 -1225.0000000000
3970 -1223.0000000000
4033 -1219.0000000000
4248 -1217.0000000000
4398 -1215.0000000000
4682 -1205.0000000000
4736 -1203.0000000000
4769 -1200.0000000000
4805 -1193.0000000000
5060 -1191.0000000000
5476 -1189.0000000000
5860 -1184.0000000000
5871 -1182.0000000000
5927 -1180.0000000000
6087 -1178.0000000000
6249 -1174.0000000000
6314 -1172.0000000000
6411 -1171.0000000000
6745 -1169.0000000000
6848 -1166.0000000000
6889 -1162.0000000000
6982 -1160.0000000000
7025 -1148.0000000000
7263 -1139.0000000000
7784 -1132.0000000000
8064 -1130.0000000000
8184 -1128.0000000000
8416 -1127.0000000000
8609 -1125.0000000000
8758 -1122.0000000000
8851 -1120.0000000000
10010 -1140.0000000000
evaluations raw_y
1 -1913.0000000000
2 -1901.0000000000
6 -1885.0000000000
7 -1880.0000000000
18 -1865.0000000000
19 -1837.0000000000
22 -1821.0000000000
53 -1819.0000000000
59 -1813.0000000000
62 -1782.0000000000
97 -1777.0000000000
109 -1770.0000000000
148 -1753.0000000000
187 -1750.0000000000
219 -1746.0000000000
260 -1740.0000000000
306 -1738.0000000000
330 -1724.0000000000
345 -1721.0000000000
357 -1705.0000000000
390 -1703.0000000000
392 -1699.0000000000
460 -1693.0000000000
489 -1689.0000000000
547 -1688.0000000000
580 -1687.0000000000
724 -1685.0000000000
738 -1680.0000000000
751 -1673.0000000000
761 -1669.0000000000
781 -1645.0000000000
998 -1642.0000000000
1008 -1618.0000000000
1078 -1611.0000000000
1189 -1609.0000000000
1223 -1599.0000000000
1227 -1595.0000000000
1234 -1585.0000000000
1271 -1577.0000000000
1285 -1576.0000000000
1308 -1568.0000000000
1410 -1560.0000000000
1420 -1555.0000000000
1431 -1542.0000000000
1458 -1540.0000000000
1475 -1537.0000000000
1482 -1534.0000000000
1483 -1523.0000000000
1513 -1518.0000000000
1545 -1506.0000000000
1569 -1484.0000000000
1604 -1483.0000000000
1607 -1478.0000000000
1626 -1462.0000000000
1688 -1450.0000000000
1706 -1444.0000000000
1714 -1442.0000000000
1737 -1437.0000000000
1750 -1433.0000000000
1823 -1432.0000000000
1842 -1429.0000000000
1860 -1413.0000000000
1893 -1411.0000000000
1918 -1409.0000000000
1987 -1408.0000000000
2092 -1406.0000000000
2112 -1395.0000000000
2179 -1394.0000000000
2186 -1390.0000000000
2202 -1386.0000000000
2287 -1384.0000000000
2295 -1383.0000000000
2304 -1378.0000000000
2340 -1376.0000000000
2347 -1370.0000000000
2412 -1369.0000000000
2452 -1364.0000000000
2501 -1362.0000000000
2541 -1361.0000000000
2550 -1352.0000000000
2613 -1347.0000000000
2630 -1346.0000000000
2640 -1342.0000000000
2662 -1336.0000000000
2682 -1334.0000000000
2707 -1327.0000000000
2769 -1322.0000000000
2775 -1319.0000000000
2883 -1316.0000000000
2985 -1313.0000000000
3006 -1307.0000000000
3108 -1302.0000000000
3190 -1298.0000000000
3195 -1297.0000000000
3294 -1281.0000000000
3473 -1279.0000000000
3477 -1277.0000000000
3504 -1271.0000000000
3587 -1270.0000000000
3626 -1267.0000000000
3665 -1265.0000000000
3729 -1262.0000000000
3788 -1253.0000000000
4052 -1252.0000000000
4078 -1248.0000000000
4158 -1246.0000000000
4170 -1241.0000000000
4268 -1237.0000000000
4310 -1233.0000000000
4344 -1232.0000000000
4570 -1226.0000000000
4665 -1225.0000000000
4687 -1222.0000000000
4971 -1220.0000000000
5005 -1219.0000000000
5208 -1216.0000000000
5214 -1214.0000000000
5370 -1213.0000000000
5400 -1208.0000000000
5942 -1204.0000000000
5968 -1200.0000000000
5979 -1198.0000000000
6039 -1193.0000000000
6058 -1191.0000000000
6191 -1188.0000000000
6398 -1187.0000000000
6452 -1186.0000000000
6520 -1185.0000000000
6635 -1182.0000000000
6755 -1180.0000000000
7080 -1177.0000000000
7424 -1176.0000000000
7897 -1175.0000000000
8058 -1174.0000000000
8212 -1172.0000000000
8251 -1170.0000000000
8284 -1165.0000000000
8469 -1162.0000000000
8572 -1157.0000000000
8622 -1155.0000000000
8633 -1153.0000000000
8921 -1151.0000000000
9408 -1150.0000000000
10010 -1184.0000000000
evaluations raw_y
1 -1885.0000000000
35 -1863.0000000000
41 -1844.0000000000
61 -1837.0000000000
64 -1830.0000000000
80 -1802.0000000000
97 -1801.0000000000
102 -1793.0000000000
105 -1783.0000000000
120 -1762.0000000000
168 -1753.0000000000
174 -1745.0000000000
184 -1741.0000000000
208 -1732.0000000000
256 -1731.0000000000
307 -1714.0000000000
327 -1713.0000000000
377 -1708.0000000000
382 -1699.0000000000
432 -1688.0000000000
466 -1680.0000000000
609 -1667.0000000000
662 -1661.0000000000
725 -1653.0000000000
751 -1650.0000000000
802 -1647.0000000000
819 -1636.0000000000
895 -1627.0000000000
943 -1618.0000000000
1003 -1614.0000000000
1018 -1611.0000000000
1039 -1596.0000000000
1168 -1588.0000000000
1234 -1585.0000000000
1253 -1579.0000000000
1274 -1571.0000000000
1292 -1561.0000000000
1369 -1560.0000000000
1398 -1555.0000000000
1423 -1549.0000000000
1454 -1545.0000000000
1514 -1542.0000000000
1519 -1541.0000000000
1529 -1538.0000000000
1552 -1525.0000000000
1612 -1522.0000000000
1619 -1511.0000000000
1686 -1510.0000000000
1690 -1509.0000000000
1708 -1506.0000000000
1730 -1504.0000000000
1755 -1501.0000000000
1757 -1497.0000000000
1785 -1495.0000000000
1790 -1494.0000000000
1793 -1490.0000000000
1809 -1485.0000000000
1830 -1484.0000000000
1842 -1476.0000000000
1918 -1470.0000000000
1943 -1459.0000000000
1960 -1450.0000000000
1981 -1446.0000000000
2003 -1445.0000000000
2025 -1443.0000000000
2034 -1441.0000000000
2035 -1438.0000000000
2041 -1434.0000000000
2056 -1433.0000000000
2121 -1428.0000000000
2129 -1426.0000000000
2143 -1423.0000000000
2166 -1418.0000000000
2170 -1415.0000000000
2191 -1411.0000000000
2225 -1406.0000000000
2241 -1404.0000000000
2257 -1393.0000000000
2284 -1388.0000000000
2305 -1385.0000000000
2327 -1377.0000000000
2350 -1375.0000000000
2372 -1374.0000000000
2384 -1372.0000000000
2408 -1367.0000000000
2417 -1365.0000000000
2454 -1356.0000000000
2538 -1344.0000000000
2566 -1343.0000000000
2573 -1340.0000000000
2589 -1333.0000000000
2630 -1331.0000000000
2638 -1320.0000000000
2673 -1317.0000000000
2695 -1313.0000000000
2727 -1309.0000000000
2732 -1293.0000000000
2857 -1291.0000000000
2925 -1289.0000000000
3005 -1284.0000000000
3042 -1278.0000000000
3064 -1274.0000000000
3073 -1270.0000000000
3274 -1269.0000000000
3347 -1264.0000000000
3418 -1262.0000000000
3578 -1258.0000000000
3627 -1255.0000000000
3706 -1250.0000000000
3762 -1247.0000000000
3821 -1244.0000000000
3892 -1236.0000000000
4133 -1233.0000000000
4175 -1228.0000000000
4244 -1225.0000000000
4295 -1223.0000000000
4337 -1218.0000000000
4462 -1217.0000000000
4818 -1215.0000000000
4842 -1209.0000000000
4888 -1202.0000000000
5459 -1200.0000000000
5571 -1198.0000000000
5624 -1195.0000000000
5635 -1194.0000000000
5748 -1187.0000000000
5867 -1186.0000000000
5909 -1185.0000000000
5953 -1182.0000000000
5963 -1181.0000000000
5974 -1180.0000000000
5984 -1179.0000000000
5987 -1175.0000000000
6078 -1173.0000000000
6162 -1167.0000000000
6269 -1166.0000000000
6431 -1162.0000000000
6634 -1159.0000000000
6828 -1154.0000000000
7468 -1153.0000000000
7510 -1145.0000000000
8326 -1143.0000000000
8348 -1142.0000000000
8451 -1140.0000000000
8577 -1138.0000000000
8647 -1137.0000000000
8731 -1133.0000000000
8759 -1130.0000000000
8973 -1126.0000000000
9053 -1122.0000000000
9936 -1116.0000000000
9986 -1114.0000000000
10010 -1129.0000000000
evaluations raw_y
1 -1920.0000000000
7 -1877.0000000000
13 -1872.0000000000
23 -1859.0000000000
40 -1839.0000000000
61 -1834.0000000000
88 -1811.0000000000
94 -1800.0000000000
104 -1769.0000000000
196 -1767.0000000000
210 -1750.0000000000
284 -1739.0000000000
293 -1732.0000000000
295 -1717.0000000000
339 -1715.0000000000
356 -1673.0000000000
473 -1671.0000000000
693 -1654.0000000000
779 -1651.0000000000
815 -1643.0000000000
824 -1642.0000000000
867 -1636.0000000000
969 -1633.0000000000
975 -1629.0000000000
1013 -1623.0000000000
1048 -1617.0000000000
1113 -1609.0000000000
1124 -1605.0000000000
1189 -1603.0000000000
1206 -1583.0000000000
1260 -1581.0000000000
1264 -1577.0000000000
1350 -1573.0000000000
1391 -1570.0000000000
1407 -1562.0000000000
1425 -1558.0000000000
1435 -1547.0000000000
1447 -1542.0000000000
1469 -1540.0000000000
1479 -1534.0000000000
1528 -1518.0000000000
1610 -1513.0000000000
1626 -1505.0000000000
1641 -1503.0000000000
1662 -1496.0000000000
1686 -1489.0000000000
1691 -1487.0000000000
1718 -1484.0000000000
1737 -1467.0000000000
1810 -1466.0000000000
1829 -1462.0000000000
1858 -1461.0000000000
1863 -1458.0000000000
1871 -1446.0000000000
1879 -1444.0000000000
1895 -1437.0000000000
1933 -1434.0000000000
1965 -1432.0000000000
1971 -1424.0000000000
2063 -1422.0000000000
2087 -1421.0000000000
2089 -1417.0000000000
2098 -1416.0000000000
2100 -1410.0000000000
2125 -1407.0000000000
2139 -1399.0000000000
2152 -1398.0000000000
2153 -1385.0000000000
2211 -1384.0000000000
2242 -1380.0000000000
2307 -1378.0000000000
2352 -1369.0000000000
2413 -1368.0000000000
2434 -1365.0000000000
2452 -1360.0000000000
2499 -1354.0000000000
2531 -1348.0000000000
2542 -1344.0000000000
2562 -1342.0000000000
2577 -1341.0000000000
2584 -1340.0000000000
2618 -1337.0000000000
2649 -1332.0000000000
2830 -1329.0000000000
2864 -1322.0000000000
2907 -1314.0000000000
3223 -1306.0000000000
3313 -1303.0000000000
3350 -1301.0000000000
3365 -1299.0000000000
3453 -1291.0000000000
3468 -1289.0000000000
3506 -1284.0000000000
3511 -1279.0000000000
3531 -1275.0000000000
3570 -1274.0000000000
3624 -1271.0000000000
3655 -1262.0000000000
3750 -1259.0000000000
3844 -1255.0000000000
3894 -1251.0000000000
3989 -1250.0000000000
4009 -1247.0000000000
4038 -1243.0000000000
4085 -1241.0000000000
4091 -1233.0000000000
4170 -1232.0000000000
4205 -1226.0000000000
4287 -1224.0000000000
4369 -1223.0000000000
4405 -1221.0000000000
4446 -1220.0000000000
4496 -1219.0000000000
4503 -1216.0000000000
4578 -1214.0000000000
4602 -1211.0000000000
4756 -1210.0000000000
4821 -1207.0000000000
5027 -1206.0000000000
5050 -1190.0000000000
5183 -1187.0000000000
5348 -1181.0000000000
5468 -1179.0000000000
5569 -1176.0000000000
5648 -1166.0000000000
6053 -1165.0000000000
6410 -1163.0000000000
6425 -1160.0000000000
6446 -1156.0000000000
6655 -1155.0000000000
6866 -1152.0000000000
6981 -1144.0000000000
7104 -1138.0000000000
7234 -1136.0000000000
7464 -1132.0000000000
7491 -1129.0000000000
7584 -1123.0000000000
7790 -1117.0000000000
7867 -1113.0000000000
8189 -1112.0000000000
8296 -1111.0000000000
8593 -1109.0000000000
9000 -1103.0000000000
9086 -1100.0000000000
10010 -1123.0000000000
evaluations raw_y
1 -1935.0000000000
3 -1850.0000000000
20 -1849.0000000000
29 -1829.0000000000
40 -1813.0000000000
69 -1812.0000000000
80 -1792.0000000000
107 -1786.0000000000
115 -1778.0000000000
118 -1763.0000000000
166 -1761.0000000000
175 -1760.0000000000
181 -1756.0000000000
195 -1755.0000000000
217 -1729.0000000000
347 -1725.0000000000
438 -1711.0000000000
494 -1694.0000000000
592 -1687.0000000000
654 -1672.0000000000
748 -1650.0000000000
788 -1649.0000000000
824 -1638.0000000000
901 -1629.0000000000
990 -1625.0000000000
1032 -1615.0000000000
1120 -1605.0000000000
1241 -1593.0000000000
1288 -1592.0000000000
1291 -1591.0000000000
1307 -1579.0000000000
1323 -1565.0000000000
1378 -1554.0000000000
1408 -1533.0000000000
1437 -1523.0000000000
1489 -1517.0000000000
1498 -1516.0000000000
1515 -1505.0000000000
1544 -1495.0000000000
1638 -1486.0000000000
1649 -1483.0000000000
1670 -1475.0000000000
1699 -1472.0000000000
1720 -1470.0000000000
1728 -1469.0000000000
1742 -1468.0000000000
1749 -1463.0000000000
1781 -1458.0000000000
1794 -1449.0000000000
1906 -1442.0000000000
1956 -1436.0000000000
2066 -1430.0000000000
2067 -1427.0000000000
2108 -1424.0000000000
2110 -1423.0000000000
2134 -1422.0000000000
2157 -1420.0000000000
2174 -1418.0000000000
2192 -1414.0000000000
2210 -1410.0000000000
2211 -1407.0000000000
2237 -1404.0000000000
2282 -1398.0000000000
2345 -1389.0000000000
2435 -1381.0000000000
2499 -1375.0000000000
2538 -1372.0000000000
2611 -1371.0000000000
2622 -1361.0000000000
2663 -1354.0000000000
2705 -1350.0000000000
2827 -1349.0000000000
2892 -1346.0000000000
2914 -1341.0000000000
2981 -1335.0000000000
3036 -1334.0000000000
3051 -1328.0000000000
3121 -1325.0000000000
3142 -1323.0000000000
3159 -1322.0000000000
3176 -1321.0000000000
3208 -1312.0000000000
3249 -1311.0000000000
3255 -1310.0000000000
3334 -1307.0000000000
3373 -1301.0000000000
3449 -1292.0000000000
3561 -1287.0000000000
3575 -1286.0000000000
3712 -1276.0000000000
3783 -1275.0000000000
3810 -1273.0000000000
3874 -1271.0000000000
3964 -1262.0000000000
4029 -1261.0000000000
4101 -1259.0000000000
4146 -1255.0000000000
4237 -1252.0000000000
4339 -1250.0000000000
4374 -1249.0000000000
4407 -1246.0000000000
4462 -1245.0000000000
4511 -1240.0000000000
4536 -1239.0000000000
4552 -1237.0000000000
4577 -1231.0000000000
4673 -1225.0000000000
4714 -1218.0000000000
4819 -1216.0000000000
4834 -1213.0000000000
4863 -1206.0000000000
4890 -1203.0000000000
4920 -1195.0000000000
4992 -1192.0000000000
5125 -1188.0000000000
5199 -1181.0000000000
5390 -1178.0000000000
5449 -1177.0000000000
5512 -1174.0000000000
5839 -1170.0000000000
5888 -1165.0000000000
6092 -1163.0000000000
6256 -1159.0000000000
6495 -1156.0000000000
6545 -1154.0000000000
7292 -1146.0000000000
7299 -1144.0000000000
7847 -1139.0000000000
7945 -1138.0000000000
8025 -1134.0000000000
8081 -1133.0000000000
8104 -1128.0000000000
8279 -1123.0000000000
8349 -1114.0000000000
8493 -1104.0000000000
8528 -1103.0000000000
9637 -1102.0000000000
9682 -1094.0000000000
9687 -1093.0000000000
10010 -1123.0000000000
evaluations raw_y
1 -1909.0000000000
2 -1854.0000000000
25 -1853.0000000000
26 -1846.0000000000
45 -1826.0000000000
72 -1805.0000000000
111 -1803.0000000000
123 -1796.0000000000
162 -1781.0000000000
168 -1779.0000000000
176 -1772.0000000000
224 -1766.0000000000
252 -1753.0000000000
273 -1749.0000000000
298 -1734.0000000000
310 -1729.0000000000
365 -1720.0000000000
427 -1708.0000000000
454 -1707.0000000000
640 -1702.0000000000
672 -1683.0000000000
743 -1679.0000000000
773 -1677.0000000000
777 -1676.0000000000
840 -1673.0000000000
857 -1671.0000000000
928 -1668.0000000000
940 -1663.0000000000
941 -1656.0000000000
995 -1652.0000000000
1056 -1647.0000000000
1096 -1633.0000000000
1184 -1626.0000000000
1218 -1611.0000000000
1232 -1593.0000000000
1282 -1588.0000000000
1284 -1572.0000000000
1341 -1562.0000000000
1370 -1560.0000000000
1423 -1559.0000000000
1433 -1554.0000000000
1520 -1547.0000000000
1555 -1545.0000000000
1569 -1542.0000000000
1577 -1541.0000000000
1582 -1534.0000000000
1606 -1528.0000000000
1626 -1525.0000000000
1646 -1521.0000000000
1659 -1508.0000000000
1677 -1506.0000000000
1687 -1504.0000000000
1699 -1500.0000000000
1707 -1499.0000000000
1710 -1497.0000000000
1714 -1493.0000000000
1731 -1481.0000000000
1760 -1461.0000000000
1772 -1460.0000000000
1799 -1459.0000000000
1813 -1458.0000000000
1824 -1457.0000000000
1844 -1452.0000000000
1845 -1446.0000000000
1864 -1445.0000000000
1868 -1443.0000000000
1877 -1440.0000000000
1883 -1430.0000000000
1952 -1426.0000000000
1973 -1415.0000000000
1993 -1410.0000000000
2011 -1404.0000000000
2028 -1403.0000000000
2043 -1401.0000000000
2053 -1387.0000000000
2076 -1385.0000000000
2077 -1382.0000000000
2105 -1381.0000000000
2133 -1380.0000000000
2207 -1377.0000000000
2220 -1375.0000000000
2253 -1372.0000000000
2276 -1369.0000000000
2293 -1368.0000000000
2321 -1361.0000000000
2342 -1360.0000000000
2353 -1358.0000000000
2371 -1355.0000000000
2395 -1342.0000000000
2411 -1340.0000000000
2419 -1338.0000000000
2436 -1335.0000000000
2440 -1329.0000000000
2472 -1324.0000000000
2501 -1319.0000000000
2551 -1316.0000000000
2560 -1314.0000000000
2573 -1301.0000000000
2619 -1299.0000000000
2648 -1294.0000000000
2651 -1289.0000000000
2688 -1279.0000000000
2799 -1278.0000000000
2801 -1275.0000000000
2909 -1272.0000000000
2979 -1271.0000000000
3036 -1268.0000000000
3317 -1267.0000000000
3322 -1261.0000000000
3515 -1258.0000000000
3610 -1256.0000000000
4124 -1252.0000000000
4348 -1250.0000000000
4372 -1248.0000000000
4425 -1246.0000000000
4531 -1241.0000000000
4578 -1235.0000000000
4611 -1232.0000000000
4699 -1227.0000000000
4740 -1221.0000000000
4776 -1218.0000000000
4867 -1207.0000000000
5282 -1206.0000000000
5392 -1203.0000000000
5473 -1202.0000000000
5481 -1201.0000000000
5510 -1199.0000000000
6023 -1193.0000000000
6087 -1187.0000000000
6118 -1186.0000000000
6280 -1182.0000000000
6616 -1176.0000000000
6744 -1168.0000000000
6861 -1167.0000000000
7250 -1166.0000000000
7677 -1164.0000000000
7700 -1162.0000000000
7836 -1161.0000000000
8253 -1156.0000000000
8410 -1148.0000000000
8871 -1141.0000000000
8950 -1139.0000000000
9135 -1130.0000000000
9413 -1128.0000000000
9698 -1127.0000000000
9982 -1125.0000000000
10010 -1156.0000000000
evaluations raw_y
1 -1873.0000000000
22 -1865.0000000000
25 -1857.0000000000
40 -1854.0000000000
43 -1807.0000000000
74 -1795.0000000000
77 -1790.0000000000
85 -1783.0000000000
109 -1775.0000000000
129 -1771.0000000000
158 -1760.0000000000
192 -1741.0000000000
201 -1729.0000000000
249 -1715.0000000000
273 -1710.0000000000
298 -1705.0000000000
529 -1700.0000000000
567 -1698.0000000000
578 -1675.0000000000
640 -1666.0000000000
689 -1660.0000000000
782 -1657.0000000000
785 -1630.0000000000
839 -1629.0000000000
908 -1613.0000000000
942 -1602.0000000000
978 -1596.0000000000
1021 -1588.0000000000
1064 -1587.0000000000
1123 -1586.0000000000
1161 -1582.0000000000
1175 -1574.0000000000
1200 -1569.0000000000
1252 -1568.0000000000
1253 -1555.0000000000
1371 -1553.0000000000
1411 -1549.0000000000
1420 -1548.0000000000
1427 -1540.0000000000
1445 -1533.0000000000
1517 -1516.0000000000
1578 -1515.0000000000
1595 -1514.0000000000
1602 -1507.0000000000
1638 -1506.0000000000
1662 -1501.0000000000
1663 -1497.0000000000
1689 -1494.0000000000
1694 -1486.0000000000
1744 -1483.0000000000
1802 -1482.0000000000
1818 -1481.0000000000
1826 -1476.0000000000
1856 -1469.0000000000
1868 -1468.0000000000
1875 -1466.0000000000
1883 -1451.0000000000
1931 -1446.0000000000
1961 -1439.0000000000
1983 -1438.0000000000
1989 -1434.0000000000
1991 -1428.0000000000
2037 -1424.0000000000
2079 -1413.0000000000
2120 -1407.0000000000
2168 -1402.0000000000
2204 -1400.0000000000
2228 -1399.0000000000
2244 -1397.0000000000
2250 -1396.0000000000
2270 -1392.0000000000
2288 -1391.0000000000
2346 -1389.0000000000
2352 -1384.0000000000
2389 -1382.0000000000
2422 -1372.0000000000
2476 -1371.0000000000
2478 -1366.0000000000
2530 -1365.0000000000
2575 -1357.0000000000
2610 -1355.0000000000
2715 -1354.0000000000
2717 -1342.0000000000
2740 -1341.0000000000
2748 -1337.0000000000
2838 -1334.0000000000
2890 -1333.0000000000
2920 -1330.0000000000
3026 -1320.0000000000
3047 -1309.0000000000
3079 -1307.0000000000
3110 -1304.0000000000
3115 -1303.0000000000
3165 -1299.0000000000
3199 -1295.0000000000
3282 -1294.0000000000
3402 -1292.0000000000
3620 -1289.0000000000
3635 -1287.0000000000
3644 -1282.0000000000
3778 -1281.0000000000
3810 -1273.0000000000
3897 -1272.0000000000
3996 -1270.0000000000
4104 -1268.0000000000
4121 -1267.0000000000
4155 -1261.0000000000
4201 -1254.0000000000
4301 -1253.0000000000
4393 -1252.0000000000
4592 -1245.0000000000
4694 -1243.0000000000
5091 -1239.0000000000
5258 -1234.0000000000
5297 -1233.0000000000
5501 -1223.0000000000
5584 -1222.0000000000
6089 -1221.0000000000
6108 -1219.0000000000
6346 -1214.0000000000
6598 -1213.0000000000
6677 -1209.0000000000
6721 -1208.0000000000
6836 -1206.0000000000
6951 -1202.0000000000
7272 -1199.0000000000
7700 -1198.0000000000
7732 -1191.0000000000
7849 -1187.0000000000
7855 -1178.0000000000
8378 -1176.0000000000
8687 -1174.0000000000
8929 -1172.0000000000
9390 -1169.0000000000
9798 -1162.0000000000
10010 -1168.0000000000
evaluations raw_y
1 -1950.0000000000
2 -1913.0000000000
3 -1864.0000000000
17 -1862.0000000000
22 -1851.0000000000
26 -1841.0000000000
39 -1794.0000000000
77 -1791.0000000000
82 -1786.0000000000
90 -1784.0000000000
129 -1775.0000000000
133 -1767.0000000000
163 -1764.0000000000
169 -1756.0000000000
193 -1753.0000000000
244 -1749.0000000000
280 -1731.0000000000
317 -1723.0000000000
425 -1717.0000000000
468 -1707.0000000000
484 -1697.0000000000
492 -1696.0000000000
524 -1691.0000000000
597 -1688.0000000000
604 -1657.0000000000
689 -1655.0000000000
707 -1634.0000000000
820 -1633.0000000000
854 -1631.0000000000
867 -1630.0000000000
919 -1629.0000000000
1051 -1620.0000000000
1084 -1604.0000000000
1173 -1594.0000000000
1207 -1590.0000000000
1220 -1575.0000000000
1268 -1564.0000000000
1299 -1555.0000000000
1387 -1549.0000000000
1436 -1548.0000000000
1481 -1546.0000000000
1503 -1545.0000000000
1509 -1544.0000000000
1518 -1529.0000000000
1555 -1522.0000000000
1571 -1514.0000000000
1623 -1513.0000000000
1626 -1509.0000000000
1639 -1507.0000000000
1641 -1501.0000000000
1677 -1500.0000000000
1690 -1497.0000000000
1704 -1494.0000000000
1715 -1493.0000000000
1716 -1489.0000000000
1721 -1483.0000000000
1732 -1477.0000000000
1744 -1467.0000000000
1793 -1459.0000000000
1844 -1455.0000000000
1864 -1448.0000000000
1883 -1444.0000000000
1888 -1439.0000000000
1900 -1435.0000000000
1912 -1431.0000000000
1944 -1425.0000000000
1976 -1422.0000000000
1984 -1420.0000000000
2030 -1413.0000000000
2081 -1398.0000000000
2123 -1390.0000000000
2128 -1380.0000000000
2258 -1376.0000000000
2265 -1368.0000000000
2366 -1364.0000000000
2416 -1362.0000000000
2473 -1359.0000000000
2509 -1358.0000000000
2555 -1350.0000000000
2725 -1346.0000000000
2805 -1345.0000000000
2813 -1339.0000000000
2838 -1334.0000000000
2894 -1333.0000000000
2895 -1325.0000000000
2920 -1323.0000000000
2960 -1320.0000000000
3013 -1316.0000000000
3088 -1314.0000000000
3151 -1308.0000000000
3209 -1303.0000000000
3235 -1297.0000000000
3249 -1292.0000000000
3282 -1288.0000000000
3319 -1287.0000000000
3397 -1286.0000000000
3410 -1284.0000000000
3482 -1281.0000000000
3676 -1278.0000000000
3743 -1274.0000000000
3771 -1273.0000000000
3856 -1267.0000000000
3897 -1263.0000000000
3959 -1259.0000000000
4035 -1258.0000000000
4125 -1256.0000000000
4137 -1251.0000000000
4172 -1248.0000000000
4205 -1247.0000000000
4272 -1241.0000000000
4319 -1239.0000000000
4371 -1238.0000000000
4392 -1235.0000000000
4915 -1234.0000000000
4924 -1231.0000000000
5111 -1229.0000000000
5124 -1225.0000000000
5152 -1222.0000000000
5157 -1217.0000000000
5253 -1214.0000000000
5274 -1208.0000000000
5548 -1207.0000000000
5916 -1204.0000000000
5989 -1198.0000000000
6112 -1193.0000000000
6618 -1189.0000000000
6751 -1181.0000000000
6931 -1177.0000000000
6970 -1172.0000000000
7255 -1167.0000000000
7435 -1165.0000000000
8000 -1163.0000000000
8387 -1155.0000000000
8569 -1154.0000000000
8844 -1150.0000000000
9105 -1147.0000000000
9356 -1145.0000000000
9418 -1138.0000000000
9764 -1137.0000000000
9983 -1136.0000000000
10002 -1135.0000000000
10010 -1174.0000000000
evaluations raw_y
1 -1898.0000000000
3 -1890.0000000000
4 -1842.0000000000
24 -1830.0000000000
43 -1802.0000000000
59 -1767.0000000000
126 -1761.0000000000
174 -1741.0000000000
185 -1736.0000000000
218 -1731.0000000000
227 -1729.0000000000
236 -1726.0000000000
242 -1710.0000000000
276 -1708.0000000000
343 -1707.0000000000
356 -1705.0000000000
439 -1694.0000000000
514 -1688.0000000000
646 -1686.0000000000
668 -1677.0000000000
729 -1672.0000000000
757 -1647.0000000000
951 -1645.0000000000
977 -1641.0000000000
1027 -1640.0000000000
1108 -1631.0000000000
1167 -1629.0000000000
1199 -1624.0000000000
1242 -1622.0000000000
1248 -1614.0000000000
1253 -1612.0000000000
1278 -1607.0000000000
1321 -1602.0000000000
1341 -1599.0000000000
1374 -1597.0000000000
1404 -1590.0000000000
1427 -1571.0000000000
1466 -1562.0000000000
1493 -1561.0000000000
1506 -1548.0000000000
1515 -1543.0000000000
1563 -1528.0000000000
1575 -1526.0000000000
1592 -1525.0000000000
1628 -1513.0000000000
1659 -1508.0000000000
1661 -1497.0000000000
1677 -1479.0000000000
1762 -1477.0000000000
1796 -1476.0000000000
1815 -1471.0000000000
1817 -1461.0000000000
1864 -1457.0000000000
1881 -1452.0000000000
1909 -1449.0000000000
1932 -1444.0000000000
1981 -1443.0000000000
1987 -1442.0000000000
2031 -1420.0000000000
2039 -1419.0000000000
2047 -1416.0000000000
2092 -1411.0000000000
2119 -1409.0000000000
2136 -1407.0000000000
2139 -1405.0000000000
2150 -1404.0000000000
2163 -1398.0000000000
2269 -1392.0000000000
2290 -1389.0000000000
2326 -1386.0000000000
2356 -1385.0000000000
2365 -1384.0000000000
2373 -1379.0000000000
2408 -1376.0000000000
2414 -1375.0000000000
2424 -1372.0000000000
2473 -1361.0000000000
2503 -1360.0000000000
2547 -1354.0000000000
2603 -1352.0000000000
2661 -1351.0000000000
2664 -1348.0000000000
2686 -1344.0000000000
2703 -1340.0000000000
2726 -1334.0000000000
2750 -1328.0000000000
2773 -1325.0000000000
2860 -1317.0000000000
2907 -1314.0000000000
2913 -1310.0000000000
2967 -1302.0000000000
2982 -1294.0000000000
3020 -1291.0000000000
3041 -1287.0000000000
3100 -1284.0000000000
3133 -1281.0000000000
3193 -1278.0000000000
3274 -1277.0000000000
3411 -1274.0000000000
3459 -1268.0000000000
3615 -1266.0000000000
3643 -1260.0000000000
3689 -1258.0000000000
3761 -1257.0000000000
3805 -1256.0000000000
3822 -1255.0000000000
3842 -1253.0000000000
3874 -1250.0000000000
4013 -1246.0000000000
4158 -1239.0000000000
4170 -1237.0000000000
4195 -1234.0000000000
4206 -1232.0000000000
4329 -1230.0000000000
4333 -1225.0000000000
4341 -1221.0000000000
4369 -1220.0000000000
4546 -1218.0000000000
4620 -1217.0000000000
4634 -1215.0000000000
4670 -1214.0000000000
4679 -1208.0000000000
4732 -1203.0000000000
4899 -1200.0000000000
5087 -1198.0000000000
5099 -1195.0000000000
5220 -1191.0000000000
5231 -1177.0000000000
5367 -1171.0000000000
5685 -1169.0000000000
5723 -1163.0000000000
5877 -1160.0000000000
6341 -1155.0000000000
6963 -1154.0000000000
7170 -1151.0000000000
7286 -1150.0000000000
7339 -1147.0000000000
7455 -1142.0000000000
7607 -1141.0000000000
8118 -1138.0000000000
8349 -1135.0000000000
9037 -1131.0000000000
9117 -1130.0000000000
9267 -1129.0000000000
9321 -1124.0000000000
9374 -1120.0000000000
9660 -1119.0000000000
9678 -1118.0000000000
10010 -1141.0000000000
evaluations raw_y
1 -1945.0000000000
2 -1919.0000000000
5 -1838.0000000000
22 -1829.0000000000
40 -1824.0000000000
57 -1812.0000000000
80 -1800.0000000000
87 -1796.0000000000
109 -1767.0000000000
135 -1731.0000000000
173 -1728.0000000000
263 -1722.0000000000
264 -1718.0000000000
291 -1717.0000000000
314 -1701.0000000000
447 -1696.0000000000
545 -1688.0000000000
595 -1681.0000000000
646 -1675.0000000000
690 -1657.0000000000
722 -1650.0000000000
730 -1649.0000000000
795 -1638.0000000000
883 -1637.0000000000
959 -1631.0000000000
1013 -1630.0000000000
1049 -1624.0000000000
1087 -1619.0000000000
1167 -1617.0000000000
1177 -1612.0000000000
1232 -1584.0000000000
1324 -1578.0000000000
1378 -1576.0000000000
1412 -1571.0000000000
1448 -1567.0000000000
1489 -1565.0000000000
1494 -1560.0000000000
1496 -1558.0000000000
1508 -1557.0000000000
1523 -1555.0000000000
1526 -1543.0000000000
1551 -1538.0000000000
1589 -1513.0000000000
1659 -1504.0000000000
1680 -1500.0000000000
1692 -1482.0000000000
1743 -1481.0000000000
1753 -1469.0000000000
1786 -1466.0000000000
1810 -1458.0000000000
1830 -1456.0000000000
1837 -1447.0000000000
1859 -1438.0000000000
1914 -1435.0000000000
1932 -1433.0000000000
1948 -1432.0000000000
1949 -1428.0000000000
1967 -1426.0000000000
1986 -1415.0000000000
2068 -1413.0000000000
2078 -1408.0000000000
2173 -1406.0000000000
2207 -1398.0000000000
2304 -1393.0000000000
2343 -1384.0000000000
2403 -1376.0000000000
2493 -1372.0000000000
2544 -1368.0000000000
2566 -1366.0000000000
2624 -1364.0000000000
2683 -1352.0000000000
2711 -1346.0000000000
2763 -1337.0000000000
2775 -1330.0000000000
2778 -1329.0000000000
2909 -1327.0000000000
2981 -1325.0000000000
3072 -1322.0000000000
3077 -1319.0000000000
3082 -1317.0000000000
3159 -1316.0000000000
3208 -1313.0000000000
3244 -1308.0000000000
3269 -1303.0000000000
3279 -1294.0000000000
3355 -1291.0000000000
3397 -1287.0000000000
3448 -1283.0000000000
3533 -1277.0000000000
3552 -1271.0000000000
3711 -1259.0000000000
3866 -1258.0000000000
3889 -1254.0000000000
3909 -1248.0000000000
4189 -1241.0000000000
4292 -1232.0000000000
4310 -1227.0000000000
4446 -1222.0000000000
4483 -1217.0000000000
4520 -1213.0000000000
4561 -1212.0000000000
4588 -1209.0000000000
4595 -1208.0000000000
4650 -1206.0000000000
4780 -1204.0000000000
4794 -1199.0000000000
4804 -1198.0000000000
4819 -1193.0000000000
5078 -1189.0000000000
5088 -1187.0000000000
5181 -1182.0000000000
5198 -1176.0000000000
5289 -1172.0000000000
5405 -1171.0000000000
5469 -1169.0000000000
5662 -1168.0000000000
6240 -1165.0000000000
6398 -1163.0000000000
6592 -1161.0000000000
6881 -1160.0000000000
7192 -1158.0000000000
7214 -1156.0000000000
7244 -1150.0000000000
7279 -1148.0000000000
8144 -1146.0000000000
8201 -1145.0000000000
8726 -1144.0000000000
8748 -1138.0000000000
9284 -1137.0000000000
10010 -1175.0000000000
evaluations raw_y
1 -1889.0000000000
14 -1884.0000000000
22 -1880.0000000000
23 -1850.0000000000
39 -1816.0000000000
73 -1781.0000000000
105 -1754.0000000000
132 -1751.0000000000
153 -1746.0000000000
194 -1724.0000000000
362 -1711.0000000000
459 -1691.0000000000
516 -1688.0000000000
668 -1662.0000000000
766 -1657.0000000000
845 -1647.0000000000
882 -1614.0000000000
964 -1605.0000000000
1170 -1597.0000000000
1256 -1594.0000000000
1262 -1589.0000000000
1332 -1581.0000000000
1340 -1578.0000000000
1342 -1572.0000000000
1378 -1569.0000000000
1385 -1568.0000000000
1429 -1567.0000000000
1447 -1566.0000000000
1472 -1562.0000000000
1480 -1556.0000000000
1514 -1554.0000000000
1518 -1534.0000000000
1551 -1528.0000000000
1569 -1527.0000000000
1578 -1516.0000000000
1610 -1498.0000000000
1641 -1491.0000000000
1650 -1487.0000000000
1669 -1484.0000000000
1680 -1476.0000000000
1708 -1473.0000000000
1736 -1468.0000000000
1777 -1461.0000000000
1811 -1458.0000000000
1825 -1457.0000000000
1839 -1455.0000000000
1861 -1450.0000000000
1895 -1445.0000000000
1905 -1444.0000000000
1911 -1443.0000000000
1935 -1440.0000000000
1937 -1434.0000000000
1965 -1432.0000000000
1988 -1429.0000000000
2018 -1419.0000000000
2038 -1417.0000000000
2075 -1416.0000000000
2078 -1406.0000000000
2116 -1403.0000000000
2138 -1397.0000000000
2155 -1395.0000000000
2169 -1389.0000000000
2230 -1385.0000000000
2254 -1384.0000000000
2285 -1373.0000000000
2302 -1370.0000000000
2335 -1369.0000000000
2338 -1367.0000000000
2339 -1365.0000000000
2351 -1362.0000000000
2368 -1359.0000000000
2400 -1357.0000000000
2428 -1355.0000000000
2447 -1354.0000000000
2465 -1335.0000000000
2546 -1333.0000000000
2565 -1329.0000000000
2579 -1324.0000000000
2606 -1319.0000000000
2694 -1318.0000000000
2729 -1317.0000000000
2732 -1314.0000000000
2757 -1313.0000000000
2854 -1310.0000000000
2885 -1306.0000000000
2887 -1304.0000000000
2965 -1299.0000000000
3076 -1296.0000000000
3103 -1295.0000000000
3164 -1294.0000000000
3174 -1293.0000000000
3281 -1281.0000000000
3333 -1279.0000000000
3371 -1271.0000000000
3589 -1270.0000000000
3651 -1268.0000000000
3692 -1262.0000000000
3762 -1261.0000000000
3809 -1255.0000000000
3841 -1254.0000000000
3942 -1253.0000000000
4020 -1251.0000000000
4060 -1250.0000000000
4274 -1247.0000000000
4325 -1245.0000000000
4351 -1241.0000000000
4386 -1235.0000000000
4500 -1233.0000000000
4546 -1231.0000000000
4561 -1226.0000000000
4636 -1222.0000000000
4682 -1220.0000000000
4906 -1218.0000000000
4921 -1216.0000000000
4938 -1213.0000000000
5070 -1208.0000000000
5196 -1202.0000000000
5277 -1200.0000000000
5503 -1198.0000000000
5766 -1196.0000000000
5964 -1189.0000000000
6034 -1188.0000000000
6232 -1186.0000000000
6253 -1182.0000000000
6301 -1178.0000000000
6467 -1177.0000000000
6530 -1175.0000000000
6640 -1171.0000000000
6790 -1168.0000000000
6810 -1166.0000000000
7055 -1163.0000000000
7582 -1162.0000000000
7647 -1160.0000000000
7748 -1155.0000000000
7940 -1151.0000000000
8036 -1148.0000000000
8223 -1143.0000000000
8267 -1141.0000000000
8616 -1138.0000000000
8792 -1129.0000000000
9148 -1124.0000000000
9515 -1123.0000000000
10010 -1143.0000000000
evaluations raw_y
1 -1917.0000000000
5 -1859.0000000000
30 -1833.0000000000
41 -1828.0000000000
57 -1814.0000000000
75 -1776.0000000000
115 -1760.0000000000
136 -1756.0000000000
163 -1755.0000000000
182 -1747.0000000000
183 -1721.0000000000
289 -1720.0000000000
325 -1718.0000000000
343 -1714.0000000000
358 -1713.0000000000
381 -1708.0000000000
412 -1707.0000000000
418 -1703.0000000000
522 -1700.0000000000
534 -1694.0000000000
554 -1670.0000000000
785 -1660.0000000000
833 -1657.0000000000
871 -1654.0000000000
932 -1642.0000000000
934 -1640.0000000000
953 -1637.0000000000
966 -1636.0000000000
970 -1622.0000000000
999 -1618.0000000000
1052 -1602.0000000000
1067 -1599.0000000000
1131 -1594.0000000000
1140 -1580.0000000000
1181 -1567.0000000000
1223 -1557.0000000000
1241 -1556.0000000000
1271 -1551.0000000000
1311 -1549.0000000000
1470 -1543.0000000000
1494 -1540.0000000000
1503 -1538.0000000000
1540 -1529.0000000000
1579 -1521.0000000000
1584 -1519.0000000000
1623 -1515.0000000000
1626 -1499.0000000000
1647 -1498.0000000000
1667 -1496.0000000000
1686 -1493.0000000000
1698 -1487.0000000000
1729 -1480.0000000000
1735 -1474.0000000000
1752 -1463.0000000000
1790 -1456.0000000000
1814 -1455.0000000000
1817 -1451.0000000000
1838 -1438.0000000000
1900 -1437.0000000000
1970 -1434.0000000000
1975 -1429.0000000000
2024 -1423.0000000000
2071 -1420.0000000000
2097 -1415.0000000000
2118 -1411.0000000000
2122 -1403.0000000000
2175 -1397.0000000000
2226 -1396.0000000000
2240 -1395.0000000000
2269 -1393.0000000000
2287 -1391.0000000000
2292 -1388.0000000000
2374 -1383.0000000000
2393 -1377.0000000000
2402 -1372.0000000000
2431 -1369.0000000000
2442 -1368.0000000000
2469 -1362.0000000000
2476 -1361.0000000000
2480 -1357.0000000000
2523 -1356.0000000000
2571 -1355.0000000000
2585 -1352.0000000000
2601 -1350.0000000000
2664 -1348.0000000000
2684 -1346.0000000000
2726 -1340.0000000000
2757 -1330.0000000000
2841 -1313.0000000000
2887 -1307.0000000000
2928 -1299.0000000000
2981 -1294.0000000000
3044 -1285.0000000000
3093 -1284.0000000000
3100 -1283.0000000000
3130 -1281.0000000000
3144 -1279.0000000000
3150 -1276.0000000000
3199 -1274.0000000000
3257 -1273.0000000000
3278 -1268.0000000000
3436 -1261.0000000000
3458 -1258.0000000000
3510 -1257.0000000000
3598 -1254.0000000000
3623 -1248.0000000000
3839 -1247.0000000000
3865 -1246.0000000000
3867 -1237.0000000000
3936 -1226.0000000000
3990 -1225.0000000000
4040 -1223.0000000000
4060 -1221.0000000000
4136 -1219.0000000000
4315 -1214.0000000000
4371 -1213.0000000000
4373 -1210.0000000000
4398 -1208.0000000000
4458 -1207.0000000000
4472 -1206.0000000000
4522 -1204.0000000000
4797 -1203.0000000000
5339 -1202.0000000000
5638 -1196.0000000000
5790 -1195.0000000000
5806 -1194.0000000000
5908 -1193.0000000000
5987 -1192.0000000000
6006 -1189.0000000000
6053 -1186.0000000000
6214 -1182.0000000000
6254 -1180.0000000000
6341 -1178.0000000000
6685 -1175.0000000000
6909 -1174.0000000000
6987 -1160.0000000000
7148 -1157.0000000000
7246 -1154.0000000000
7274 -1152.0000000000
7367 -1149.0000000000
7751 -1146.0000000000
7859 -1144.0000000000
8171 -1143.0000000000
8213 -1141.0000000000
8275 -1140.0000000000
8279 -1136.0000000000
8362 -1134.0000000000
8548 -1132.0000000000
8666 -1131.0000000000
8836 -1128.0000000000
9408 -1122.0000000000
9752 -1121.0000000000
9969 -1116.0000000000
10010 -1140.0000000000
evaluations raw_y
1 -1944.0000000000
3 -1908.0000000000
6 -1872.0000000000
7 -1839.0000000000
37 -1831.0000000000
39 -1823.0000000000
45 -1808.0000000000
80 -1775.0000000000
99 -1774.0000000000
107 -1765.0000000000
165 -1764.0000000000
183 -1741.0000000000
210 -1713.0000000000
305 -1704.0000000000
389 -1701.0000000000
396 -1684.0000000000
399 -1680.0000000000
577 -1677.0000000000
590 -1675.0000000000
600 -1674.0000000000
647 -1668.0000000000
700 -1659.0000000000
710 -1645.0000000000
769 -1644.0000000000
921 -1634.0000000000
981 -1625.0000000000
998 -1613.0000000000
1118 -1610.0000000000
1138 -1605.0000000000
1193 -1604.0000000000
1198 -1601.0000000000
1210 -1596.0000000000
1254 -1593.0000000000
1300 -1579.0000000000
1419 -1577.0000000000
1434 -1575.0000000000
1454 -1566.0000000000
1494 -1557.0000000000
1501 -1555.0000000000
1517 -1544.0000000000
1537 -1541.0000000000
1552 -1533.0000000000
1592 -1528.0000000000
1643 -1522.0000000000
1650 -1518.0000000000
1688 -1511.0000000000
1721 -1503.0000000000
1756 -1494.0000000000
1767 -1489.0000000000
1778 -1482.0000000000
1808 -1480.0000000000
1810 -1478.0000000000
1826 -1475.0000000000
1830 -1472.0000000000
1842 -1468.0000000000
1854 -1462.0000000000
1865 -1461.0000000000
1894 -1460.0000000000
1895 -1443.0000000000
1927 -1441.0000000000
1962 -1440.0000000000
1971 -1436.0000000000
2012 -1431.0000000000
2058 -1429.0000000000
2076 -1428.0000000000
2093 -1424.0000000000
2138 -1422.0000000000
2144 -1418.0000000000
2171 -1414.0000000000
2184 -1410.0000000000
2192 -1398.0000000000
2224 -1395.0000000000
2260 -1391.0000000000
2351 -1387.0000000000
2424 -1386.0000000000
2455 -1381.0000000000
2534 -1379.0000000000
2547 -1378.0000000000
2561 -1374.0000000000
2570 -1369.0000000000
2661 -1367.0000000000
2665 -1357.0000000000
2724 -1354.0000000000
2780 -1353.0000000000
2888 -1348.0000000000
2922 -1347.0000000000
2985 -1345.0000000000
3012 -1341.0000000000
3021 -1336.0000000000
3040 -1334.0000000000
3053 -1328.0000000000
3078 -1325.0000000000
3102 -1320.0000000000
3106 -1313.0000000000
3146 -1295.0000000000
3280 -1290.0000000000
3371 -1289.0000000000
3387 -1288.0000000000
3404 -1273.0000000000
3536 -1268.0000000000
3575 -1261.0000000000
3630 -1258.0000000000
3649 -1254.0000000000
3736 -1253.0000000000
3741 -1252.0000000000
3766 -1237.0000000000
3790 -1229.0000000000
4284 -1225.0000000000
4536 -1223.0000000000
4575 -1221.0000000000
4604 -1209.0000000000
4900 -1204.0000000000
4976 -1202.0000000000
5226 -1197.0000000000
5294 -1195.0000000000
5346 -1194.0000000000
5351 -1191.0000000000
5467 -1188.0000000000
5491 -1186.0000000000
5497 -1183.0000000000
5535 -1181.0000000000
5572 -1179.0000000000
5948 -1176.0000000000
6503 -1175.0000000000
6659 -1173.0000000000
6732 -1171.0000000000
7292 -1169.0000000000
7339 -1163.0000000000
7359 -1157.0000000000
7543 -1154.0000000000
7698 -1153.0000000000
7981 -1149.0000000000
8213 -1147.0000000000
8348 -1145.0000000000
8417 -1144.0000000000
9024 -1141.0000000000
9135 -1140.0000000000
9188 -1137.0000000000
9219 -1134.0000000000
9690 -1132.0000000000
9705 -1131.0000000000
9739 -1129.0000000000
9833 -1127.0000000000
10010 -1173.0000000000
evaluations raw_y
1 -1894.0000000000
2 -1868.0000000000
22 -1855.0000000000
25 -1850.0000000000
37 -1839.0000000000
39 -1831.0000000000
61 -1826.0000000000
95 -1810.0000000000
111 -1797.0000000000
120 -1792.0000000000
130 -1781.0000000000
153 -1775.0000000000
184 -1764.0000000000
205 -1740.0000000000
284 -1729.0000000000
330 -1724.0000000000
379 -1706.0000000000
444 -1699.0000000000
455 -1695.0000000000
487 -1687.0000000000
522 -1682.0000000000
529 -1672.0000000000
800 -1668.0000000000
816 -1666.0000000000
833 -1663.0000000000
903 -1660.0000000000
988 -1648.0000000000
1005 -1644.0000000000
1048 -1641.0000000000
1059 -1632.0000000000
1127 -1630.0000000000
1131 -1610.0000000000
1304 -1591.0000000000
1315 -1583.0000000000
1359 -1577.0000000000
1383 -1575.0000000000
1396 -1558.0000000000
1443 -1547.0000000000
1505 -1538.0000000000
1544 -1522.0000000000
1579 -1520.0000000000
1618 -1512.0000000000
1645 -1503.0000000000
1687 -1502.0000000000
1706 -1497.0000000000
1716 -1495.0000000000
1751 -1492.0000000000
1756 -1491.0000000000
1758 -1488.0000000000
1762 -1487.0000000000
1777 -1481.0000000000
1816 -1477.0000000000
1821 -1476.0000000000
1833 -1468.0000000000
1857 -1460.0000000000
1894 -1449.0000000000
1914 -1448.0000000000
1921 -1446.0000000000
1934 -1436.0000000000
1986 -1435.0000000000
1994 -1432.0000000000
2022 -1427.0000000000
2050 -1426.0000000000
2065 -1417.0000000000
2095 -1416.0000000000
2121 -1412.0000000000
2150 -1408.0000000000
2166 -1405.0000000000
2196 -1399.0000000000
2250 -1397.0000000000
2252 -1391.0000000000
2266 -1382.0000000000
2324 -1376.0000000000
2374 -1373.0000000000
2396 -1372.0000000000
2403 -1356.0000000000
2453 -1354.0000000000
2517 -1353.0000000000
2525 -1350.0000000000
2543 -1348.0000000000
2569 -1347.0000000000
2598 -1344.0000000000
2626 -1342.0000000000
2676 -1336.0000000000
2681 -1335.0000000000
2696 -1323.0000000000
2748 -1316.0000000000
2781 -1315.0000000000
2784 -1314.0000000000
2925 -1312.0000000000
2927 -1305.0000000000
2955 -1300.0000000000
2976 -1292.0000000000
3064 -1289.0000000000
3201 -1285.0000000000
3400 -1282.0000000000
3478 -1273.0000000000
3563 -1268.0000000000
3612 -1266.0000000000
3623 -1260.0000000000
3629 -1259.0000000000
3709 -1256.0000000000
3726 -1253.0000000000
3941 -1252.0000000000
4064 -1250.0000000000
4078 -1247.0000000000
4155 -1244.0000000000
4259 -1235.0000000000
4338 -1234.0000000000
4395 -1233.0000000000
4409 -1229.0000000000
4434 -1220.0000000000
4515 -1217.0000000000
4529 -1211.0000000000
4584 -1209.0000000000
4919 -1206.0000000000
4945 -1205.0000000000
5036 -1204.0000000000
5068 -1200.0000000000
5084 -1196.0000000000
5112 -1192.0000000000
5181 -1189.0000000000
5249 -1186.0000000000
5274 -1169.0000000000
5393 -1168.0000000000
5620 -1165.0000000000
5739 -1161.0000000000
5759 -1158.0000000000
5822 -1157.0000000000
5992 -1147.0000000000
6443 -1144.0000000000
6447 -1137.0000000000
7336 -1135.0000000000
7429 -1133.0000000000
7521 -1127.0000000000
8038 -1119.0000000000
8181 -1116.0000000000
8420 -1115.0000000000
8583 -1113.0000000000
8590 -1112.0000000000
9058 -1108.0000000000
9119 -1103.0000000000
9571 -1098.0000000000
10010 -1133.0000000000
evaluations raw_y
1 -1916.0000000000
2 -1893.0000000000
4 -1875.0000000000
19 -1871.0000000000
27 -1869.0000000000
38 -1863.0000000000
40 -1856.0000000000
43 -1844.0000000000
52 -1842.0000000000
57 -1841.0000000000
60 -1824.0000000000
70 -1808.0000000000
96 -1803.0000000000
106 -1787.0000000000
142 -1777.0000000000
147 -1772.0000000000
152 -1771.0000000000
179 -1749.0000000000
211 -1743.0000000000
218 -1741.0000000000
246 -1720.0000000000
326 -1716.0000000000
442 -1709.0000000000
453 -1692.0000000000
522 -1690.0000000000
523 -1672.0000000000
584 -1662.0000000000
670 -1660.0000000000
708 -1659.0000000000
752 -1637.0000000000
773 -1634.0000000000
995 -1633.0000000000
997 -1628.0000000000
1050 -1625.0000000000
1068 -1621.0000000000
1122 -1618.0000000000
1152 -1603.0000000000
1169 -1600.0000000000
1189 -1596.0000000000
1210 -1595.0000000000
1218 -1591.0000000000
1255 -1589.0000000000
1258 -1579.0000000000
1318 -1570.0000000000
1376 -1568.0000000000
1393 -1567.0000000000
1401 -1560.0000000000
1441 -1553.0000000000
1448 -1544.0000000000
1492 -1536.0000000000
1498 -1532.0000000000
1520 -1530.0000000000
1540 -1522.0000000000
1558 -1519.0000000000
1586 -1515.0000000000
1595 -1507.0000000000
1606 -1506.0000000000
1622 -1496.0000000000
1631 -1495.0000000000
1635 -1494.0000000000
1664 -1489.0000000000
1669 -1487.0000000000
1685 -1485.0000000000
1739 -1484.0000000000
1742 -1479.0000000000
1781 -1478.0000000000
1783 -1475.0000000000
1804 -1467.0000000000
1824 -1464.0000000000
1852 -1459.0000000000
1894 -1458.0000000000
1916 -1453.0000000000
1934 -1451.0000000000
1948 -1446.0000000000
1971 -1444.0000000000
1996 -1437.0000000000
2034 -1436.0000000000
2095 -1434.0000000000
2098 -1430.0000000000
2099 -1427.0000000000
2117 -1421.0000000000
2141 -1416.0000000000
2210 -1408.0000000000
2259 -1399.0000000000
2283 -1392.0000000000
2325 -1389.0000000000
2346 -1387.0000000000
2372 -1384.0000000000
2448 -1382.0000000000
2462 -1379.0000000000
2492 -1371.0000000000
2556 -1366.0000000000
2654 -1359.0000000000
2727 -1356.0000000000
2740 -1353.0000000000
2770 -1350.0000000000
2824 -1348.0000000000
2850 -1346.0000000000
2876 -1327.0000000000
2902 -1326.0000000000
2990 -1322.0000000000
3014 -1318.0000000000
3048 -1316.0000000000
3276 -1308.0000000000
3306 -1306.0000000000
3410 -1302.0000000000
3478 -1301.0000000000
3519 -1293.0000000000
3607 -1291.0000000000
3632 -1286.0000000000
3680 -1283.0000000000
3694 -1281.0000000000
3706 -1277.0000000000
3763 -1276.0000000000
3816 -1275.0000000000
3820 -1273.0000000000
3831 -1258.0000000000
3922 -1253.0000000000
4063 -1242.0000000000
4103 -1241.0000000000
4204 -1239.0000000000
4231 -1234.0000000000
4315 -1220.0000000000
4671 -1219.0000000000
4821 -1218.0000000000
4834 -1214.0000000000
5086 -1212.0000000000
5183 -1203.0000000000
5201 -1202.0000000000
5249 -1200.0000000000
5486 -1195.0000000000
5536 -1189.0000000000
5775 -1184.0000000000
6257 -1180.0000000000
6656 -1170.0000000000
6855 -1159.0000000000
7182 -1157.0000000000
7276 -1156.0000000000
7496 -1154.0000000000
7587 -1148.0000000000
7948 -1146.0000000000
8549 -1141.0000000000
8925 -1140.0000000000
9262 -1138.0000000000
9576 -1136.0000000000
9731 -1135.0000000000
9746 -1134.0000000000
9878 -1125.0000000000
10010 -1150.0000000000
evaluations raw_y
1 -1993.0000000000
2 -1971.0000000000
3 -1882.0000000000
5 -1851.0000000000
44 -1830.0000000000
78 -1816.0000000000
100 -1806.0000000000
122 -1797.0000000000
161 -1795.0000000000
162 -1787.0000000000
222 -1782.0000000000
225 -1760.0000000000
244 -1758.0000000000
271 -1754.0000000000
285 -1725.0000000000
291 -1697.0000000000
357 -1695.0000000000
480 -1686.0000000000
501 -1679.0000000000
511 -1664.0000000000
585 -1661.0000000000
670 -1658.0000000000
675 -1650.0000000000
705 -1646.0000000000
729 -1634.0000000000
809 -1631.0000000000
810 -1624.0000000000
837 -1622.0000000000
866 -1590.0000000000
942 -1583.0000000000
1060 -1580.0000000000
1075 -1577.0000000000
1171 -1570.0000000000
1252 -1569.0000000000
1263 -1566.0000000000
1299 -1549.0000000000
1344 -1537.0000000000
1356 -1528.0000000000
1482 -1525.0000000000
1507 -1523.0000000000
1529 -1520.0000000000
1601 -1513.0000000000
1615 -1498.0000000000
1646 -1492.0000000000
1684 -1489.0000000000
1689 -1488.0000000000
1700 -1486.0000000000
1703 -1484.0000000000
1729 -1481.0000000000
1742 -1479.0000000000
1767 -1476.0000000000
1791 -1473.0000000000
1849 -1459.0000000000
1867 -1457.0000000000
1916 -1456.0000000000
1927 -1455.0000000000
1929 -1451.0000000000
1942 -1445.0000000000
1965 -1443.0000000000
1970 -1436.0000000000
2015 -1432.0000000000
2066 -1429.0000000000
2078 -1427.0000000000
2079 -1422.0000000000
2083 -1421.0000000000
2098 -1417.0000000000
2140 -1411.0000000000
2153 -1410.0000000000
2202 -1406.0000000000
2219 -1403.0000000000
2236 -1395.0000000000
2302 -1387.0000000000
2379 -1382.0000000000
2447 -1373.0000000000
2486 -1369.0000000000
2536 -1364.0000000000
2548 -1362.0000000000
2557 -1359.0000000000
2576 -1358.0000000000
2578 -1354.0000000000
2596 -1351.0000000000
2628 -1347.0000000000
2648 -1345.0000000000
2678 -1344.0000000000
2710 -1343.0000000000
2734 -1338.0000000000
2786 -1330.0000000000
2858 -1328.0000000000
2977 -1325.0000000000
3001 -1319.0000000000
3042 -1314.0000000000
3058 -1306.0000000000
3169 -1301.0000000000
3283 -1298.0000000000
3382 -1296.0000000000
3432 -1290.0000000000
3467 -1288.0000000000
3576 -1283.0000000000
3650 -1282.0000000000
3708 -1280.0000000000
3727 -1279.0000000000
3783 -1278.0000000000
3807 -1276.0000000000
3982 -1267.0000000000
4034 -1259.0000000000
4076 -1256.0000000000
4229 -1255.0000000000
4264 -1252.0000000000
4384 -1251.0000000000
4468 -1248.0000000000
4700 -1244.0000000000
4803 -1239.0000000000
4987 -1237.0000000000
5028 -1235.0000000000
5352 -1231.0000000000
5468 -1230.0000000000
5479 -1227.0000000000
5636 -1214.0000000000
6008 -1211.0000000000
6119 -1206.0000000000
6537 -1195.0000000000
6667 -1193.0000000000
6779 -1190.0000000000
6865 -1188.0000000000
7071 -1185.0000000000
7103 -1183.0000000000
7188 -1179.0000000000
7401 -1177.0000000000
7476 -1176.0000000000
7728 -1175.0000000000
7797 -1171.0000000000
7816 -1166.0000000000
8133 -1164.0000000000
8329 -1163.0000000000
8378 -1161.0000000000
8394 -1158.0000000000
8688 -1153.0000000000
8983 -1149.0000000000
9421 -1144.0000000000
9812 -1141.0000000000
9942 -1138.0000000000
10003 -1131.0000000000
10010 -1148.0000000000
evaluations raw_y
1 -1977.0000000000
2 -1889.0000000000
8 -1862.0000000000
30 -1856.0000000000
43 -1854.0000000000
49 -1827.0000000000
57 -1818.0000000000
98 -1811.0000000000
110 -1802.0000000000
114 -1797.0000000000
126 -1786.0000000000
129 -1782.0000000000
166 -1781.0000000000
174 -1774.0000000000
183 -1743.0000000000
286 -1737.0000000000
348 -1736.0000000000
368 -1703.0000000000
469 -1691.0000000000
570 -1677.0000000000
606 -1673.0000000000
665 -1672.0000000000
700 -1663.0000000000
717 -1653.0000000000
971 -1628.0000000000
1079 -1606.0000000000
1129 -1592.0000000000
1219 -1587.0000000000
1265 -1586.0000000000
1311 -1581.0000000000
1324 -1570.0000000000
1378 -1569.0000000000
1405 -1565.0000000000
1439 -1547.0000000000
1456 -1536.0000000000
1475 -1533.0000000000
1479 -1521.0000000000
1501 -1507.0000000000
1556 -1492.0000000000
1571 -1482.0000000000
1634 -1476.0000000000
1645 -1472.0000000000
1714 -1470.0000000000
1720 -1460.0000000000
1798 -1455.0000000000
1807 -1450.0000000000
1828 -1448.0000000000
1853 -1447.0000000000
1873 -1441.0000000000
1881 -1433.0000000000
1925 -1430.0000000000
1957 -1425.0000000000
1988 -1424.0000000000
2022 -1419.0000000000
2040 -1418.0000000000
2060 -1416.0000000000
2070 -1415.0000000000
2110 -1412.0000000000
2117 -1404.0000000000
2164 -1400.0000000000
2182 -1396.0000000000
2213 -1379.0000000000
2251 -1375.0000000000
2331 -1373.0000000000
2354 -1369.0000000000
2361 -1367.0000000000
2393 -1356.0000000000
2468 -1354.0000000000
2510 -1351.0000000000
2559 -1350.0000000000
2575 -1349.0000000000
2620 -1345.0000000000
2630 -1343.0000000000
2679 -1340.0000000000
2751 -1335.0000000000
2765 -1334.0000000000
2768 -1333.0000000000
2838 -1332.0000000000
2887 -1329.0000000000
2892 -1328.0000000000
2902 -1323.0000000000
2926 -1320.0000000000
2932 -1318.0000000000
2938 -1316.0000000000
3004 -1307.0000000000
3036 -1299.0000000000
3063 -1297.0000000000
3127 -1296.0000000000
3135 -1289.0000000000
3147 -1286.0000000000
3180 -1282.0000000000
3240 -1280.0000000000
3393 -1279.0000000000
3412 -1263.0000000000
3482 -1260.0000000000
3546 -1259.0000000000
3587 -1246.0000000000
3712 -1244.0000000000
4156 -1243.0000000000
4182 -1240.0000000000
4279 -1238.0000000000
4331 -1233.0000000000
4368 -1230.0000000000
4528 -1229.0000000000
4582 -1227.0000000000
4585 -1226.0000000000
4680 -1224.0000000000
4692 -1222.0000000000
4715 -1221.0000000000
4763 -1217.0000000000
4782 -1209.0000000000
4851 -1208.0000000000
4887 -1205.0000000000
4924 -1204.0000000000
5058 -1203.0000000000
5108 -1200.0000000000
5203 -1192.0000000000
5285 -1187.0000000000
5794 -1185.0000000000
5885 -1183.0000000000
5907 -1182.0000000000
6140 -1180.0000000000
6461 -1173.0000000000
6797 -1171.0000000000
7531 -1164.0000000000
7665 -1159.0000000000
7977 -1157.0000000000
8270 -1151.0000000000
8328 -1149.0000000000
8445 -1148.0000000000
8471 -1145.0000000000
8476 -1138.0000000000
9286 -1131.0000000000
10010 -1158.0000000000
