evaluations raw_y
1 -1993.0000000000
4 -1979.0000000000
6 -1965.0000000000
8 -1891.0000000000
45 -1887.0000000000
52 -1877.0000000000
74 -1855.0000000000
76 -1848.0000000000
104 -1837.0000000000
133 -1818.0000000000
211 -1816.0000000000
228 -1810.0000000000
364 -1803.0000000000
408 -1800.0000000000
543 -1798.0000000000
623 -1794.0000000000
627 -1770.0000000000
688 -1762.0000000000
723 -1759.0000000000
768 -1754.0000000000
833 -1739.0000000000
927 -1738.0000000000
937 -1737.0000000000
941 -1717.0000000000
1012 -1715.0000000000
1050 -1709.0000000000
1073 -1699.0000000000
1171 -1685.0000000000
1247 -1679.0000000000
1299 -1674.0000000000
1315 -1672.0000000000
1320 -1670.0000000000
1349 -1659.0000000000
1368 -1657.0000000000
1385 -1656.0000000000
1420 -1650.0000000000
1446 -1649.0000000000
1450 -1645.0000000000
1455 -1643.0000000000
1466 -1635.0000000000
1485 -1628.0000000000
1501 -1623.0000000000
1520 -1622.0000000000
1537 -1612.0000000000
1577 -1611.0000000000
1590 -1605.0000000000
1597 -1602.0000000000
1617 -1594.0000000000
1622 -1587.0000000000
1648 -1583.0000000000
1676 -1579.0000000000
1686 -1577.0000000000
1696 -1576.0000000000
1726 -1573.0000000000
1749 -1568.0000000000
1769 -1567.0000000000
1787 -1566.0000000000
1790 -1565.0000000000
1799 -1564.0000000000
1803 -1562.0000000000
1828 -1549.0000000000
1864 -1546.0000000000
1883 -1543.0000000000
1891 -1540.0000000000
1893 -1535.0000000000
1913 -1534.0000000000
1929 -1528.0000000000
1951 -1514.0000000000
1992 -1510.0000000000
2023 -1507.0000000000
2063 -1503.0000000000
2068 -1500.0000000000
2080 -1499.0000000000
2100 -1495.0000000000
2105 -1493.0000000000
2116 -1492.0000000000
2145 -1489.0000000000
2187 -1486.0000000000
2257 -1479.0000000000
2359 -1472.0000000000
2418 -1471.0000000000
2430 -1464.0000000000
2456 -1456.0000000000
2500 -1453.0000000000
2546 -1452.0000000000
2565 -1451.0000000000
2580 -1445.0000000000
2581 -1442.0000000000
2597 -1440.0000000000
2680 -1435.0000000000
2696 -1434.0000000000
2712 -1432.0000000000
2721 -1429.0000000000
2728 -1427.0000000000
2758 -1426.0000000000
2791 -1415.0000000000
2854 -1407.0000000000
2870 -1400.0000000000
2987 -1392.0000000000
3005 -1391.0000000000
3078 -1385.0000000000
3148 -1383.0000000000
3155 -1382.0000000000
3231 -1376.0000000000
3254 -1375.0000000000
3300 -1367.0000000000
3330 -1366.0000000000
3388 -1364.0000000000
3417 -1359.0000000000
3440 -1354.0000000000
3518 -1353.0000000000
3637 -1351.0000000000
3672 -1342.0000000000
3760 -1341.0000000000
3920 -1338.0000000000
3991 -1329.0000000000
4360 -1325.0000000000
4440 -1316.0000000000
4539 -1315.0000000000
4593 -1308.0000000000
4804 -1306.0000000000
4868 -1305.0000000000
4884 -1300.0000000000
5009 -1298.0000000000
5038 -1297.0000000000
5053 -1295.0000000000
5055 -1288.0000000000
5105 -1287.0000000000
5470 -1283.0000000000
5527 -1281.0000000000
5601 -1278.0000000000
5685 -1277.0000000000
5692 -1276.0000000000
5711 -1275.0000000000
5756 -1274.0000000000
5816 -1273.0000000000
6649 -1268.0000000000
6676 -1267.0000000000
6777 -1265.0000000000
6786 -1264.0000000000
6855 -1263.0000000000
6903 -1262.0000000000
7029 -1260.0000000000
7108 -1259.0000000000
7121 -1257.0000000000
7141 -1254.0000000000
7222 -1249.0000000000
7530 -1243.0000000000
7629 -1242.0000000000
7858 -1241.0000000000
7881 -1240.0000000000
7905 -1234.0000000000
8383 -1227.0000000000
8725 -1226.0000000000
8804 -1222.0000000000
8987 -1219.0000000000
9261 -1218.0000000000
9288 -1212.0000000000
9291 -1206.0000000000
9312 -1205.0000000000
9418 -1202.0000000000
9670 -1201.0000000000
10010 -1215.0000000000
evaluations raw_y
1 -1952.0000000000
10 -1931.0000000000
39 -1918.0000000000
57 -1888.0000000000
68 -1886.0000000000
105 -1884.0000000000
112 -1879.0000000000
130 -1851.0000000000
162 -1845.0000000000
165 -1844.0000000000
178 -1838.0000000000
221 -1822.0000000000
262 -1817.0000000000
324 -1807.0000000000
350 -1806.0000000000
370 -1787.0000000000
373 -1783.0000000000
422 -1782.0000000000
450 -1777.0000000000
503 -1775.0000000000
525 -1770.0000000000
545 -1757.0000000000
683 -1752.0000000000
853 -1739.0000000000
914 -1736.0000000000
933 -1734.0000000000
951 -1733.0000000000
971 -1728.0000000000
996 -1725.0000000000
1045 -1724.0000000000
1101 -1711.0000000000
1175 -1698.0000000000
1244 -1690.0000000000
1249 -1687.0000000000
1285 -1667.0000000000
1318 -1664.0000000000
1347 -1653.0000000000
1375 -1646.0000000000
1416 -1638.0000000000
1463 -1630.0000000000
1472 -1615.0000000000
1490 -1613.0000000000
1514 -1605.0000000000
1558 -1598.0000000000
1580 -1594.0000000000
1593 -1591.0000000000
1605 -1586.0000000000
1621 -1585.0000000000
1626 -1577.0000000000
1663 -1575.0000000000
1673 -1569.0000000000
1687 -1565.0000000000
1697 -1557.0000000000
1733 -1546.0000000000
1776 -1539.0000000000
1790 -1536.0000000000
1839 -1528.0000000000
1886 -1524.0000000000
1904 -1522.0000000000
1912 -1516.0000000000
1991 -1506.0000000000
2022 -1505.0000000000
2034 -1504.0000000000
2063 -1499.0000000000
2076 -1498.0000000000
2138 -1488.0000000000
2154 -1486.0000000000
2165 -1478.0000000000
2211 -1477.0000000000
2216 -1476.0000000000
2262 -1475.0000000000
2278 -1473.0000000000
2317 -1468.0000000000
2324 -1466.0000000000
2329 -1465.0000000000
2331 -1463.0000000000
2368 -1461.0000000000
2396 -1452.0000000000
2413 -1446.0000000000
2427 -1445.0000000000
2472 -1443.0000000000
2491 -1433.0000000000
2534 -1427.0000000000
2574 -1426.0000000000
2575 -1423.0000000000
2621 -1415.0000000000
2691 -1410.0000000000
2749 -1408.0000000000
2797 -1401.0000000000
2835 -1396.0000000000
2858 -1395.0000000000
2893 -1391.0000000000
2902 -1389.0000000000
2952 -1387.0000000000
2977 -1386.0000000000
2989 -1385.0000000000
2999 -1384.0000000000
3039 -1383.0000000000
3119 -1378.0000000000
3157 -1376.0000000000
3218 -1372.0000000000
3219 -1371.0000000000
3245 -1368.0000000000
3333 -1366.0000000000
3380 -1365.0000000000
3432 -1362.0000000000
3487 -1360.0000000000
3491 -1355.0000000000
3495 -1353.0000000000
3634 -1351.0000000000
3699 -1348.0000000000
3715 -1347.0000000000
3796 -1343.0000000000
3872 -1342.0000000000
3876 -1339.0000000000
3902 -1332.0000000000
3968 -1329.0000000000
4018 -1325.0000000000
4208 -1319.0000000000
4310 -1315.0000000000
4349 -1314.0000000000
4371 -1312.0000000000
4380 -1310.0000000000
4387 -1307.0000000000
4404 -1304.0000000000
4425 -1303.0000000000
4488 -1302.0000000000
4588 -1297.0000000000
4631 -1295.0000000000
4718 -1292.0000000000
4775 -1288.0000000000
4798 -1287.0000000000
5084 -1286.0000000000
5164 -1285.0000000000
5173 -1284.0000000000
5196 -1278.0000000000
5323 -1274.0000000000
5572 -1272.0000000000
5863 -1268.0000000000
5923 -1266.0000000000
5928 -1262.0000000000
5986 -1261.0000000000
6022 -1257.0000000000
6078 -1255.0000000000
6104 -1253.0000000000
6120 -1250.0000000000
6177 -1247.0000000000
6244 -1242.0000000000
6407 -1239.0000000000
6517 -1232.0000000000
6690 -1229.0000000000
6702 -1228.0000000000
6719 -1223.0000000000
7048 -1220.0000000000
7147 -1218.0000000000
7189 -1211.0000000000
7532 -1209.0000000000
7996 -1207.0000000000
8097 -1206.0000000000
8314 -1203.0000000000
8416 -1202.0000000000
8504 -1200.0000000000
8751 -1198.0000000000
9052 -1195.0000000000
9596 -1189.0000000000
10010 -1195.0000000000
evaluations raw_y
1 -2000.0000000000
2 -1967.0000000000
12 -1959.0000000000
16 -1941.0000000000
27 -1902.0000000000
47 -1887.0000000000
68 -1876.0000000000
73 -1872.0000000000
112 -1868.0000000000
123 -1867.0000000000
136 -1853.0000000000
157 -1832.0000000000
166 -1814.0000000000
206 -1798.0000000000
421 -1787.0000000000
441 -1779.0000000000
471 -1772.0000000000
525 -1767.0000000000
610 -1756.0000000000
699 -1735.0000000000
847 -1730.0000000000
1003 -1725.0000000000
1063 -1724.0000000000
1075 -1723.0000000000
1093 -1713.0000000000
1115 -1708.0000000000
1127 -1702.0000000000
1137 -1694.0000000000
1185 -1690.0000000000
1230 -1689.0000000000
1236 -1680.0000000000
1266 -1675.0000000000
1304 -1672.0000000000
1310 -1663.0000000000
1335 -1662.0000000000
1341 -1661.0000000000
1363 -1651.0000000000
1397 -1644.0000000000
1456 -1641.0000000000
1458 -1623.0000000000
1508 -1622.0000000000
1528 -1621.0000000000
1536 -1618.0000000000
1546 -1613.0000000000
1553 -1608.0000000000
1578 -1584.0000000000
1605 -1575.0000000000
1607 -1571.0000000000
1647 -1565.0000000000
1679 -1562.0000000000
1722 -1548.0000000000
1733 -1542.0000000000
1796 -1540.0000000000
1808 -1539.0000000000
1818 -1535.0000000000
1836 -1530.0000000000
1861 -1521.0000000000
1889 -1520.0000000000
1893 -1508.0000000000
1915 -1501.0000000000
1926 -1496.0000000000
1957 -1489.0000000000
1968 -1483.0000000000
1983 -1482.0000000000
2007 -1469.0000000000
2063 -1464.0000000000
2116 -1462.0000000000
2168 -1460.0000000000
2170 -1454.0000000000
2278 -1453.0000000000
2302 -1450.0000000000
2320 -1447.0000000000
2358 -1445.0000000000
2364 -1443.0000000000
2375 -1441.0000000000
2399 -1437.0000000000
2512 -1436.0000000000
2542 -1432.0000000000
2562 -1431.0000000000
2581 -1428.0000000000
2598 -1423.0000000000
2616 -1422.0000000000
2651 -1419.0000000000
2708 -1416.0000000000
2768 -1414.0000000000
2783 -1409.0000000000
2810 -1406.0000000000
2877 -1403.0000000000
2883 -1401.0000000000
2905 -1394.0000000000
2937 -1376.0000000000
2991 -1374.0000000000
3090 -1373.0000000000
3119 -1365.0000000000
3216 -1363.0000000000
3352 -1359.0000000000
3353 -1356.0000000000
3404 -1351.0000000000
3417 -1349.0000000000
3493 -1343.0000000000
3559 -1341.0000000000
3602 -1340.0000000000
3612 -1338.0000000000
3677 -1327.0000000000
3718 -1321.0000000000
3734 -1316.0000000000
3864 -1313.0000000000
3871 -1311.0000000000
3996 -1307.0000000000
4045 -1305.0000000000
4053 -1298.0000000000
4095 -1295.0000000000
4118 -1294.0000000000
4140 -1292.0000000000
4144 -1282.0000000000
4465 -1281.0000000000
4623 -1276.0000000000
4919 -1275.0000000000
5038 -1269.0000000000
5384 -1266.0000000000
5434 -1265.0000000000
5656 -1264.0000000000
5720 -1261.0000000000
5903 -1258.0000000000
6165 -1257.0000000000
6483 -1256.0000000000
6533 -1250.0000000000
6646 -1248.0000000000
6785 -1247.0000000000
6913 -1244.0000000000
7097 -1241.0000000000
7109 -1240.0000000000
7284 -1239.0000000000
7547 -1231.0000000000
7668 -1203.0000000000
8814 -1199.0000000000
9398 -1194.0000000000
9409 -1189.0000000000
10010 -1211.0000000000
evaluations raw_y
1 -1956.0000000000
26 -1948.0000000000
37 -1936.0000000000
40 -1926.0000000000
46 -1920.0000000000
57 -1919.0000000000
59 -1911.0000000000
61 -1908.0000000000
66 -1882.0000000000
68 -1870.0000000000
93 -1867.0000000000
102 -1866.0000000000
129 -1855.0000000000
137 -1853.0000000000
141 -1848.0000000000
164 -1846.0000000000
195 -1829.0000000000
197 -1819.0000000000
304 -1815.0000000000
338 -1809.0000000000
384 -1805.0000000000
408 -1785.0000000000
547 -1766.0000000000
677 -1756.0000000000
714 -1744.0000000000
748 -1735.0000000000
800 -1734.0000000000
816 -1731.0000000000
837 -1728.0000000000
872 -1702.0000000000
941 -1686.0000000000
1114 -1683.0000000000
1120 -1677.0000000000
1186 -1667.0000000000
1189 -1661.0000000000
1244 -1658.0000000000
1302 -1652.0000000000
1326 -1647.0000000000
1376 -1637.0000000000
1440 -1636.0000000000
1449 -1633.0000000000
1470 -1625.0000000000
1542 -1624.0000000000
1553 -1617.0000000000
1562 -1602.0000000000
1633 -1597.0000000000
1650 -1596.0000000000
1667 -1591.0000000000
1694 -1590.0000000000
1706 -1588.0000000000
1730 -1587.0000000000
1731 -1583.0000000000
1773 -1574.0000000000
1789 -1572.0000000000
1823 -1571.0000000000
1832 -1549.0000000000
1876 -1543.0000000000
1877 -1539.0000000000
1969 -1537.0000000000
1988 -1533.0000000000
1990 -1522.0000000000
2030 -1519.0000000000
2061 -1515.0000000000
2064 -1509.0000000000
2086 -1503.0000000000
2092 -1501.0000000000
2101 -1491.0000000000
2132 -1477.0000000000
2228 -1461.0000000000
2263 -1460.0000000000
2308 -1459.0000000000
2333 -1458.0000000000
2337 -1450.0000000000
2375 -1444.0000000000
2386 -1439.0000000000
2424 -1435.0000000000
2439 -1421.0000000000
2482 -1420.0000000000
2505 -1414.0000000000
2558 -1412.0000000000
2593 -1410.0000000000
2644 -1405.0000000000
2671 -1401.0000000000
2689 -1398.0000000000
2704 -1395.0000000000
2748 -1375.0000000000
2918 -1373.0000000000
2935 -1355.0000000000
2941 -1354.0000000000
2958 -1351.0000000000
2964 -1350.0000000000
2994 -1338.0000000000
3039 -1337.0000000000
3226 -1324.0000000000
3267 -1314.0000000000
3549 -1311.0000000000
3668 -1310.0000000000
3798 -1302.0000000000
3830 -1300.0000000000
3854 -1295.0000000000
4097 -1292.0000000000
4254 -1289.0000000000
4305 -1287.0000000000
4417 -1283.0000000000
4438 -1281.0000000000
4476 -1280.0000000000
4834 -1272.0000000000
4916 -1265.0000000000
4927 -1258.0000000000
5231 -1257.0000000000
5365 -1251.0000000000
5398 -1246.0000000000
5466 -1245.0000000000
5522 -1242.0000000000
5552 -1240.0000000000
6405 -1239.0000000000
6697 -1236.0000000000
6782 -1234.0000000000
7073 -1229.0000000000
7086 -1227.0000000000
7465 -1225.0000000000
8224 -1224.0000000000
8278 -1221.0000000000
8340 -1218.0000000000
8563 -1213.0000000000
9232 -1209.0000000000
9414 -1202.0000000000
9417 -1199.0000000000
9465 -1196.0000000000
9573 -1189.0000000000
9702 -1188.0000000000
9915 -1184.0000000000
10010 -1231.0000000000
evaluations raw_y
1 -2013.0000000000
2 -1996.0000000000
6 -1982.0000000000
14 -1978.0000000000
17 -1937.0000000000
36 -1934.0000000000
39 -1929.0000000000
59 -1912.0000000000
67 -1910.0000000000
82 -1878.0000000000
89 -1875.0000000000
150 -1870.0000000000
181 -1868.0000000000
184 -1859.0000000000
195 -1854.0000000000
252 -1838.0000000000
271 -1832.0000000000
277 -1830.0000000000
297 -1827.0000000000
336 -1823.0000000000
352 -1817.0000000000
374 -1811.0000000000
393 -1783.0000000000
423 -1782.0000000000
483 -1777.0000000000
509 -1744.0000000000
572 -1735.0000000000
617 -1732.0000000000
808 -1727.0000000000
836 -1726.0000000000
932 -1723.0000000000
951 -1704.0000000000
1021 -1692.0000000000
1122 -1688.0000000000
1123 -1687.0000000000
1194 -1686.0000000000
1251 -1674.0000000000
1322 -1668.0000000000
1368 -1664.0000000000
1398 -1656.0000000000
1470 -1652.0000000000
1483 -1651.0000000000
1508 -1650.0000000000
1510 -1643.0000000000
1521 -1642.0000000000
1535 -1638.0000000000
1554 -1635.0000000000
1574 -1633.0000000000
1578 -1628.0000000000
1598 -1625.0000000000
1599 -1621.0000000000
1614 -1620.0000000000
1615 -1611.0000000000
1639 -1605.0000000000
1658 -1601.0000000000
1660 -1599.0000000000
1662 -1598.0000000000
1675 -1593.0000000000
1678 -1589.0000000000
1710 -1588.0000000000
1718 -1585.0000000000
1721 -1576.0000000000
1738 -1572.0000000000
1749 -1565.0000000000
1820 -1557.0000000000
1872 -1555.0000000000
1921 -1549.0000000000
1944 -1547.0000000000
1962 -1546.0000000000
1991 -1542.0000000000
2021 -1539.0000000000
2055 -1533.0000000000
2070 -1532.0000000000
2080 -1528.0000000000
2091 -1525.0000000000
2116 -1519.0000000000
2215 -1517.0000000000
2218 -1511.0000000000
2237 -1507.0000000000
2245 -1502.0000000000
2314 -1498.0000000000
2347 -1494.0000000000
2365 -1492.0000000000
2433 -1491.0000000000
2492 -1489.0000000000
2510 -1486.0000000000
2523 -1479.0000000000
2551 -1476.0000000000
2553 -1474.0000000000
2588 -1467.0000000000
2651 -1459.0000000000
2677 -1458.0000000000
2693 -1457.0000000000
2706 -1452.0000000000
2744 -1441.0000000000
2849 -1440.0000000000
2863 -1431.0000000000
2875 -1429.0000000000
2898 -1427.0000000000
2930 -1425.0000000000
2939 -1420.0000000000
2963 -1419.0000000000
2967 -1416.0000000000
2975 -1401.0000000000
3204 -1398.0000000000
3251 -1397.0000000000
3256 -1395.0000000000
3317 -1389.0000000000
3340 -1387.0000000000
3440 -1382.0000000000
3524 -1381.0000000000
3538 -1378.0000000000
3572 -1374.0000000000
3598 -1373.0000000000
3660 -1369.0000000000
3661 -1368.0000000000
3696 -1365.0000000000
3727 -1363.0000000000
3798 -1352.0000000000
3946 -1349.0000000000
3983 -1348.0000000000
4060 -1345.0000000000
4109 -1344.0000000000
4285 -1342.0000000000
4312 -1338.0000000000
4355 -1337.0000000000
4394 -1336.0000000000
4457 -1335.0000000000
4483 -1329.0000000000
4623 -1328.0000000000
4763 -1325.0000000000
4822 -1323.0000000000
4823 -1315.0000000000
4894 -1313.0000000000
4938 -1309.0000000000
4994 -1304.0000000000
5363 -1301.0000000000
5618 -1300.0000000000
5870 -1293.0000000000
5927 -1291.0000000000
5976 -1290.0000000000
6129 -1289.0000000000
6139 -1285.0000000000
6175 -1282.0000000000
6186 -1279.0000000000
6233 -1277.0000000000
6246 -1274.0000000000
6460 -1273.0000000000
6532 -1270.0000000000
6555 -1268.0000000000
6557 -1267.0000000000
6710 -1265.0000000000
6794 -1264.0000000000
6838 -1259.0000000000
6875 -1257.0000000000
6877 -1253.0000000000
7087 -1240.0000000000
7421 -1234.0000000000
7459 -1232.0000000000
7636 -1228.0000000000
7954 -1224.0000000000
8355 -1220.0000000000
8508 -1217.0000000000
8606 -1215.0000000000
8677 -1214.0000000000
9091 -1213.0000000000
9227 -1212.0000000000
9593 -1208.0000000000
9804 -1201.0000000000
10010 -1209.0000000000
evaluations raw_y
1 -1989.0000000000
4 -1965.0000000000
13 -1957.0000000000
26 -1930.0000000000
34 -1915.0000000000
43 -1880.0000000000
94 -1876.0000000000
116 -1845.0000000000
124 -1841.0000000000
163 -1817.0000000000
188 -1814.0000000000
270 -1808.0000000000
315 -1805.0000000000
331 -1790.0000000000
463 -1789.0000000000
493 -1781.0000000000
511 -1764.0000000000
531 -1761.0000000000
604 -1742.0000000000
675 -1734.0000000000
733 -1716.0000000000
991 -1710.0000000000
1056 -1706.0000000000
1085 -1695.0000000000
1110 -1690.0000000000
1195 -1689.0000000000
1206 -1686.0000000000
1224 -1684.0000000000
1241 -1683.0000000000
1344 -1675.0000000000
1355 -1672.0000000000
1385 -1666.0000000000
1412 -1664.0000000000
1413 -1663.0000000000
1449 -1655.0000000000
1451 -1648.0000000000
1477 -1645.0000000000
1527 -1642.0000000000
1538 -1639.0000000000
1558 -1629.0000000000
1575 -1619.0000000000
1611 -1613.0000000000
1612 -1611.0000000000
1646 -1610.0000000000
1686 -1606.0000000000
1722 -1604.0000000000
1744 -1602.0000000000
1765 -1598.0000000000
1790 -1597.0000000000
1802 -1590.0000000000
1823 -1588.0000000000
1848 -1579.0000000000
1866 -1572.0000000000
1875 -1569.0000000000
1882 -1566.0000000000
1902 -1565.0000000000
1917 -1564.0000000000
1929 -1563.0000000000
1947 -1562.0000000000
1955 -1558.0000000000
2016 -1554.0000000000
2035 -1543.0000000000
2119 -1537.0000000000
2149 -1523.0000000000
2169 -1514.0000000000
2183 -1513.0000000000
2214 -1512.0000000000
2241 -1496.0000000000
2266 -1491.0000000000
2289 -1482.0000000000
2326 -1473.0000000000
2369 -1456.0000000000
2495 -1452.0000000000
2525 -1450.0000000000
2585 -1449.0000000000
2593 -1448.0000000000
2639 -1441.0000000000
2663 -1438.0000000000
2669 -1435.0000000000
2692 -1426.0000000000
2708 -1419.0000000000
2722 -1418.0000000000
2731 -1409.0000000000
2916 -1407.0000000000
2923 -1405.0000000000
2925 -1401.0000000000
2941 -1400.0000000000
2985 -1398.0000000000
3000 -1388.0000000000
3065 -1387.0000000000
3073 -1385.0000000000
3097 -1383.0000000000
3173 -1381.0000000000
3250 -1380.0000000000
3294 -1378.0000000000
3378 -1377.0000000000
3430 -1375.0000000000
3499 -1373.0000000000
3506 -1372.0000000000
3530 -1369.0000000000
3603 -1367.0000000000
3639 -1353.0000000000
3819 -1349.0000000000
4029 -1348.0000000000
4099 -1346.0000000000
4213 -1341.0000000000
4384 -1339.0000000000
4411 -1338.0000000000
4619 -1335.0000000000
4673 -1333.0000000000
4702 -1330.0000000000
4807 -1320.0000000000
4853 -1319.0000000000
5102 -1315.0000000000
5184 -1314.0000000000
5257 -1311.0000000000
5285 -1307.0000000000
5394 -1305.0000000000
5478 -1303.0000000000
5510 -1302.0000000000
5681 -1301.0000000000
5712 -1291.0000000000
5804 -1289.0000000000
6072 -1282.0000000000
6382 -1277.0000000000
6463 -1275.0000000000
6512 -1272.0000000000
6522 -1268.0000000000
6620 -1267.0000000000
6731 -1265.0000000000
6885 -1261.0000000000
7100 -1256.0000000000
7133 -1254.0000000000
7425 -1251.0000000000
7846 -1246.0000000000
7867 -1244.0000000000
7928 -1238.0000000000
7957 -1237.0000000000
8104 -1236.0000000000
8288 -1233.0000000000
8318 -1232.0000000000
8334 -1225.0000000000
8802 -1221.0000000000
9075 -1220.0000000000
9151 -1219.0000000000
9322 -1216.0000000000
9418 -1214.0000000000
9447 -1212.0000000000
9736 -1211.0000000000
9876 -1209.0000000000
9894 -1206.0000000000
10010 -1232.0000000000
evaluations raw_y
1 -1953.0000000000
31 -1936.0000000000
35 -1929.0000000000
42 -1916.0000000000
51 -1910.0000000000
56 -1909.0000000000
58 -1905.0000000000
65 -1897.0000000000
79 -1881.0000000000
133 -1851.0000000000
180 -1846.0000000000
191 -1840.0000000000
206 -1827.0000000000
249 -1824.0000000000
284 -1823.0000000000
303 -1812.0000000000
325 -1808.0000000000
366 -1806.0000000000
431 -1794.0000000000
530 -1789.0000000000
668 -1765.0000000000
760 -1758.0000000000
776 -1740.0000000000
783 -1730.0000000000
823 -1722.0000000000
840 -1721.0000000000
858 -1716.0000000000
975 -1709.0000000000
1082 -1708.0000000000
1088 -1707.0000000000
1135 -1704.0000000000
1195 -1684.0000000000
1273 -1683.0000000000
1285 -1682.0000000000
1314 -1677.0000000000
1390 -1660.0000000000
1428 -1656.0000000000
1466 -1649.0000000000
1487 -1646.0000000000
1507 -1637.0000000000
1523 -1634.0000000000
1557 -1631.0000000000
1573 -1626.0000000000
1605 -1609.0000000000
1630 -1605.0000000000
1677 -1603.0000000000
1704 -1599.0000000000
1738 -1595.0000000000
1753 -1587.0000000000
1789 -1578.0000000000
1804 -1565.0000000000
1826 -1562.0000000000
1837 -1559.0000000000
1882 -1557.0000000000
1903 -1553.0000000000
1908 -1551.0000000000
1930 -1540.0000000000
1970 -1538.0000000000
1980 -1535.0000000000
2000 -1533.0000000000
2007 -1526.0000000000
2020 -1525.0000000000
2030 -1524.0000000000
2034 -1517.0000000000
2082 -1516.0000000000
2097 -1506.0000000000
2157 -1505.0000000000
2163 -1495.0000000000
2191 -1489.0000000000
2210 -1487.0000000000
2217 -1486.0000000000
2220 -1485.0000000000
2233 -1475.0000000000
2272 -1470.0000000000
2316 -1469.0000000000
2322 -1467.0000000000
2335 -1463.0000000000
2347 -1446.0000000000
2605 -1445.0000000000
2608 -1443.0000000000
2632 -1441.0000000000
2682 -1440.0000000000
2683 -1438.0000000000
2688 -1437.0000000000
2703 -1431.0000000000
2729 -1425.0000000000
2783 -1424.0000000000
2812 -1421.0000000000
2850 -1414.0000000000
2858 -1413.0000000000
2903 -1410.0000000000
2949 -1408.0000000000
2955 -1403.0000000000
2963 -1400.0000000000
2977 -1390.0000000000
3011 -1387.0000000000
3017 -1386.0000000000
3084 -1377.0000000000
3112 -1376.0000000000
3113 -1368.0000000000
3133 -1363.0000000000
3175 -1360.0000000000
3180 -1351.0000000000
3308 -1337.0000000000
3371 -1336.0000000000
3491 -1335.0000000000
3503 -1334.0000000000
3525 -1332.0000000000
3563 -1326.0000000000
3602 -1319.0000000000
3855 -1316.0000000000
3957 -1309.0000000000
4071 -1306.0000000000
4163 -1305.0000000000
4211 -1301.0000000000
4240 -1298.0000000000
4344 -1291.0000000000
4456 -1283.0000000000
4626 -1278.0000000000
5074 -1276.0000000000
5320 -1275.0000000000
5557 -1271.0000000000
5610 -1270.0000000000
6028 -1269.0000000000
6075 -1267.0000000000
6301 -1262.0000000000
6506 -1257.0000000000
6733 -1255.0000000000
6800 -1248.0000000000
6934 -1246.0000000000
6993 -1245.0000000000
7054 -1244.0000000000
7391 -1237.0000000000
7612 -1232.0000000000
7799 -1217.0000000000
8407 -1216.0000000000
8523 -1211.0000000000
8708 -1209.0000000000
8844 -1207.0000000000
9000 -1204.0000000000
9229 -1203.0000000000
9334 -1195.0000000000
9572 -1194.0000000000
9734 -1189.0000000000
10010 -1216.0000000000
evaluations raw_y
1 -1992.0000000000
2 -1970.0000000000
14 -1965.0000000000
16 -1935.0000000000
24 -1917.0000000000
43 -1898.0000000000
66 -1884.0000000000
88 -1882.0000000000
96 -1866.0000000000
138 -1864.0000000000
141 -1862.0000000000
154 -1854.0000000000
169 -1851.0000000000
177 -1845.0000000000
189 -1821.0000000000
265 -1812.0000000000
292 -1801.0000000000
308 -1795.0000000000
361 -1790.0000000000
434 -1788.0000000000
518 -1778.0000000000
528 -1764.0000000000
610 -1734.0000000000
677 -1713.0000000000
808 -1704.0000000000
843 -1700.0000000000
965 -1695.0000000000
977 -1688.0000000000
1029 -1677.0000000000
1200 -1676.0000000000
1205 -1674.0000000000
1216 -1669.0000000000
1230 -1667.0000000000
1239 -1665.0000000000
1293 -1664.0000000000
1340 -1658.0000000000
1364 -1644.0000000000
1417 -1633.0000000000
1483 -1624.0000000000
1536 -1617.0000000000
1539 -1615.0000000000
1559 -1610.0000000000
1587 -1600.0000000000
1601 -1591.0000000000
1630 -1587.0000000000
1647 -1580.0000000000
1660 -1575.0000000000
1673 -1573.0000000000
1683 -1568.0000000000
1697 -1564.0000000000
1721 -1561.0000000000
1725 -1556.0000000000
1744 -1554.0000000000
1753 -1552.0000000000
1767 -1551.0000000000
1794 -1548.0000000000
1812 -1532.0000000000
1858 -1530.0000000000
1876 -1528.0000000000
1886 -1526.0000000000
1932 -1524.0000000000
1946 -1521.0000000000
1988 -1515.0000000000
2039 -1513.0000000000
2057 -1510.0000000000
2080 -1505.0000000000
2163 -1500.0000000000
2182 -1499.0000000000
2195 -1492.0000000000
2238 -1481.0000000000
2260 -1474.0000000000
2280 -1470.0000000000
2342 -1468.0000000000
2360 -1459.0000000000
2389 -1448.0000000000
2481 -1447.0000000000
2573 -1446.0000000000
2657 -1440.0000000000
2690 -1435.0000000000
2693 -1431.0000000000
2787 -1422.0000000000
2817 -1411.0000000000
2900 -1409.0000000000
2925 -1405.0000000000
2932 -1399.0000000000
2956 -1398.0000000000
3024 -1387.0000000000
3124 -1384.0000000000
3321 -1376.0000000000
3389 -1373.0000000000
3419 -1368.0000000000
3464 -1362.0000000000
3511 -1357.0000000000
3583 -1355.0000000000
3617 -1354.0000000000
3625 -1351.0000000000
3713 -1350.0000000000
3821 -1347.0000000000
3931 -1344.0000000000
3983 -1340.0000000000
4011 -1339.0000000000
4106 -1334.0000000000
4187 -1332.0000000000
4240 -1326.0000000000
4312 -1325.0000000000
4356 -1323.0000000000
4473 -1318.0000000000
4687 -1317.0000000000
4766 -1315.0000000000
4823 -1314.0000000000
5089 -1310.0000000000
5228 -1305.0000000000
5297 -1304.0000000000
5415 -1303.0000000000
5445 -1299.0000000000
5553 -1298.0000000000
5638 -1295.0000000000
5841 -1293.0000000000
5924 -1286.0000000000
6136 -1285.0000000000
6335 -1282.0000000000
6577 -1281.0000000000
6736 -1278.0000000000
6816 -1276.0000000000
6858 -1274.0000000000
6872 -1273.0000000000
6878 -1271.0000000000
7105 -1264.0000000000
7179 -1257.0000000000
7456 -1256.0000000000
7604 -1253.0000000000
7640 -1252.0000000000
7677 -1250.0000000000
7785 -1245.0000000000
8336 -1243.0000000000
8508 -1241.0000000000
8710 -1234.0000000000
9000 -1231.0000000000
9123 -1229.0000000000
9758 -1228.0000000000
9840 -1221.0000000000
9921 -1218.0000000000
10010 -1251.0000000000
evaluations raw_y
1 -2003.0000000000
2 -1972.0000000000
12 -1954.0000000000
15 -1949.0000000000
21 -1932.0000000000
26 -1916.0000000000
45 -1910.0000000000
57 -1903.0000000000
61 -1900.0000000000
72 -1893.0000000000
111 -1887.0000000000
113 -1885.0000000000
128 -1880.0000000000
141 -1847.0000000000
196 -1842.0000000000
213 -1830.0000000000
245 -1821.0000000000
252 -1812.0000000000
264 -1800.0000000000
335 -1788.0000000000
379 -1785.0000000000
399 -1782.0000000000
431 -1769.0000000000
499 -1768.0000000000
601 -1767.0000000000
663 -1753.0000000000
818 -1742.0000000000
832 -1733.0000000000
883 -1726.0000000000
921 -1698.0000000000
1127 -1692.0000000000
1138 -1685.0000000000
1149 -1681.0000000000
1228 -1669.0000000000
1265 -1663.0000000000
1304 -1660.0000000000
1322 -1645.0000000000
1359 -1639.0000000000
1391 -1629.0000000000
1461 -1628.0000000000
1477 -1623.0000000000
1525 -1622.0000000000
1533 -1614.0000000000
1559 -1602.0000000000
1591 -1600.0000000000
1600 -1590.0000000000
1645 -1583.0000000000
1660 -1582.0000000000
1667 -1578.0000000000
1693 -1576.0000000000
1721 -1574.0000000000
1725 -1573.0000000000
1730 -1571.0000000000
1731 -1564.0000000000
1743 -1560.0000000000
1763 -1559.0000000000
1773 -1557.0000000000
1790 -1556.0000000000
1795 -1551.0000000000
1811 -1547.0000000000
1826 -1546.0000000000
1861 -1543.0000000000
1867 -1540.0000000000
1878 -1529.0000000000
1890 -1526.0000000000
1899 -1525.0000000000
1911 -1524.0000000000
1916 -1523.0000000000
1935 -1509.0000000000
1981 -1498.0000000000
1988 -1495.0000000000
2045 -1487.0000000000
2067 -1476.0000000000
2108 -1470.0000000000
2112 -1466.0000000000
2132 -1462.0000000000
2184 -1456.0000000000
2193 -1452.0000000000
2216 -1448.0000000000
2263 -1447.0000000000
2275 -1444.0000000000
2312 -1435.0000000000
2329 -1426.0000000000
2391 -1425.0000000000
2405 -1424.0000000000
2408 -1420.0000000000
2470 -1418.0000000000
2493 -1415.0000000000
2520 -1412.0000000000
2527 -1406.0000000000
2556 -1401.0000000000
2608 -1391.0000000000
2668 -1389.0000000000
2680 -1388.0000000000
2776 -1386.0000000000
2797 -1380.0000000000
2814 -1373.0000000000
2842 -1370.0000000000
2987 -1366.0000000000
3027 -1360.0000000000
3040 -1356.0000000000
3189 -1352.0000000000
3265 -1351.0000000000
3283 -1350.0000000000
3292 -1346.0000000000
3380 -1339.0000000000
3396 -1336.0000000000
3443 -1333.0000000000
3470 -1331.0000000000
3506 -1326.0000000000
3566 -1311.0000000000
3610 -1309.0000000000
3774 -1303.0000000000
4174 -1299.0000000000
4367 -1298.0000000000
4394 -1294.0000000000
4416 -1288.0000000000
5196 -1287.0000000000
5685 -1286.0000000000
5688 -1284.0000000000
5758 -1282.0000000000
5769 -1281.0000000000
5824 -1278.0000000000
5891 -1277.0000000000
6100 -1267.0000000000
6428 -1264.0000000000
6458 -1262.0000000000
6525 -1249.0000000000
6538 -1243.0000000000
6578 -1241.0000000000
6619 -1239.0000000000
6634 -1235.0000000000
7080 -1233.0000000000
7122 -1226.0000000000
7186 -1225.0000000000
7775 -1221.0000000000
7939 -1215.0000000000
8077 -1212.0000000000
8499 -1210.0000000000
9178 -1206.0000000000
10010 -1218.0000000000
evaluations raw_y
1 -1965.0000000000
5 -1963.0000000000
13 -1947.0000000000
22 -1892.0000000000
44 -1888.0000000000
60 -1870.0000000000
87 -1855.0000000000
110 -1842.0000000000
112 -1835.0000000000
153 -1821.0000000000
176 -1818.0000000000
213 -1816.0000000000
260 -1806.0000000000
306 -1785.0000000000
375 -1783.0000000000
388 -1778.0000000000
395 -1775.0000000000
455 -1765.0000000000
481 -1754.0000000000
568 -1746.0000000000
604 -1743.0000000000
629 -1733.0000000000
662 -1727.0000000000
720 -1722.0000000000
852 -1718.0000000000
902 -1714.0000000000
928 -1710.0000000000
940 -1686.0000000000
1027 -1683.0000000000
1038 -1682.0000000000
1213 -1678.0000000000
1350 -1668.0000000000
1444 -1657.0000000000
1450 -1645.0000000000
1463 -1640.0000000000
1474 -1637.0000000000
1497 -1628.0000000000
1515 -1624.0000000000
1557 -1617.0000000000
1571 -1613.0000000000
1605 -1608.0000000000
1624 -1605.0000000000
1626 -1599.0000000000
1655 -1594.0000000000
1665 -1593.0000000000
1690 -1591.0000000000
1703 -1587.0000000000
1720 -1586.0000000000
1723 -1579.0000000000
1757 -1570.0000000000
1848 -1567.0000000000
1858 -1566.0000000000
1870 -1560.0000000000
1910 -1558.0000000000
1912 -1556.0000000000
1931 -1549.0000000000
1958 -1546.0000000000
1980 -1540.0000000000
1984 -1538.0000000000
1986 -1534.0000000000
2054 -1530.0000000000
2096 -1527.0000000000
2127 -1522.0000000000
2158 -1519.0000000000
2159 -1515.0000000000
2179 -1513.0000000000
2215 -1500.0000000000
2235 -1493.0000000000
2277 -1491.0000000000
2281 -1484.0000000000
2352 -1480.0000000000
2449 -1478.0000000000
2452 -1477.0000000000
2487 -1476.0000000000
2497 -1473.0000000000
2507 -1466.0000000000
2550 -1460.0000000000
2599 -1459.0000000000
2632 -1455.0000000000
2691 -1452.0000000000
2715 -1446.0000000000
2722 -1444.0000000000
2726 -1442.0000000000
2742 -1435.0000000000
2743 -1429.0000000000
2775 -1409.0000000000
2822 -1404.0000000000
2851 -1396.0000000000
2904 -1388.0000000000
3058 -1385.0000000000
3068 -1384.0000000000
3111 -1381.0000000000
3146 -1372.0000000000
3170 -1367.0000000000
3294 -1364.0000000000
3328 -1359.0000000000
3369 -1358.0000000000
3450 -1357.0000000000
3465 -1355.0000000000
3503 -1350.0000000000
3533 -1345.0000000000
3566 -1343.0000000000
3683 -1340.0000000000
3725 -1338.0000000000
3885 -1337.0000000000
3919 -1336.0000000000
3961 -1327.0000000000
3999 -1326.0000000000
4120 -1325.0000000000
4128 -1318.0000000000
4130 -1308.0000000000
4175 -1304.0000000000
4307 -1301.0000000000
4340 -1294.0000000000
4552 -1291.0000000000
4554 -1285.0000000000
4871 -1284.0000000000
4913 -1282.0000000000
5069 -1273.0000000000
5103 -1272.0000000000
5394 -1269.0000000000
5764 -1268.0000000000
5864 -1266.0000000000
5871 -1260.0000000000
6198 -1257.0000000000
6259 -1254.0000000000
7009 -1253.0000000000
7062 -1246.0000000000
7215 -1244.0000000000
7288 -1238.0000000000
7467 -1234.0000000000
7500 -1232.0000000000
7522 -1230.0000000000
7524 -1220.0000000000
7709 -1217.0000000000
7768 -1215.0000000000
7809 -1213.0000000000
8036 -1208.0000000000
8109 -1207.0000000000
8139 -1206.0000000000
8290 -1200.0000000000
8419 -1197.0000000000
8600 -1196.0000000000
8680 -1195.0000000000
8709 -1191.0000000000
9432 -1189.0000000000
9536 -1186.0000000000
9586 -1182.0000000000
9796 -1176.0000000000
9905 -1175.0000000000
10010 -1197.0000000000
evaluations raw_y
1 -2012.0000000000
3 -2009.0000000000
4 -1963.0000000000
5 -1924.0000000000
25 -1900.0000000000
81 -1896.0000000000
84 -1890.0000000000
91 -1888.0000000000
100 -1876.0000000000
123 -1862.0000000000
151 -1856.0000000000
155 -1826.0000000000
262 -1816.0000000000
339 -1815.0000000000
343 -1813.0000000000
347 -1800.0000000000
446 -1795.0000000000
465 -1779.0000000000
506 -1759.0000000000
626 -1753.0000000000
643 -1746.0000000000
685 -1743.0000000000
747 -1726.0000000000
772 -1718.0000000000
786 -1704.0000000000
989 -1696.0000000000
1035 -1695.0000000000
1087 -1685.0000000000
1172 -1684.0000000000
1260 -1681.0000000000
1309 -1673.0000000000
1367 -1664.0000000000
1427 -1662.0000000000
1434 -1661.0000000000
1439 -1657.0000000000
1461 -1652.0000000000
1475 -1648.0000000000
1494 -1646.0000000000
1500 -1643.0000000000
1501 -1642.0000000000
1518 -1630.0000000000
1536 -1620.0000000000
1576 -1617.0000000000
1604 -1615.0000000000
1617 -1590.0000000000
1646 -1588.0000000000
1648 -1585.0000000000
1661 -1581.0000000000
1669 -1563.0000000000
1706 -1550.0000000000
1719 -1543.0000000000
1740 -1542.0000000000
1775 -1540.0000000000
1787 -1538.0000000000
1792 -1534.0000000000
1806 -1532.0000000000
1841 -1523.0000000000
1888 -1522.0000000000
1897 -1513.0000000000
1916 -1510.0000000000
1968 -1500.0000000000
1989 -1493.0000000000
2033 -1490.0000000000
2039 -1484.0000000000
2063 -1483.0000000000
2083 -1482.0000000000
2108 -1475.0000000000
2154 -1469.0000000000
2193 -1466.0000000000
2199 -1462.0000000000
2216 -1461.0000000000
2227 -1456.0000000000
2237 -1454.0000000000
2260 -1453.0000000000
2279 -1450.0000000000
2297 -1446.0000000000
2350 -1440.0000000000
2469 -1432.0000000000
2532 -1431.0000000000
2625 -1430.0000000000
2633 -1429.0000000000
2647 -1423.0000000000
2668 -1417.0000000000
2764 -1410.0000000000
2783 -1408.0000000000
2815 -1405.0000000000
2875 -1404.0000000000
2924 -1397.0000000000
2944 -1394.0000000000
3041 -1392.0000000000
3191 -1388.0000000000
3198 -1382.0000000000
3293 -1381.0000000000
3342 -1379.0000000000
3372 -1375.0000000000
3407 -1372.0000000000
3467 -1363.0000000000
3617 -1360.0000000000
3649 -1344.0000000000
3716 -1337.0000000000
4116 -1336.0000000000
4172 -1331.0000000000
4226 -1327.0000000000
4504 -1326.0000000000
4521 -1325.0000000000
4623 -1323.0000000000
5100 -1322.0000000000
5176 -1315.0000000000
5209 -1309.0000000000
5375 -1308.0000000000
5393 -1304.0000000000
5496 -1303.0000000000
5653 -1301.0000000000
5736 -1300.0000000000
5849 -1290.0000000000
5982 -1289.0000000000
6002 -1288.0000000000
6018 -1283.0000000000
6197 -1281.0000000000
6352 -1280.0000000000
6417 -1277.0000000000
6804 -1275.0000000000
6897 -1269.0000000000
7112 -1265.0000000000
7155 -1264.0000000000
7260 -1260.0000000000
7306 -1259.0000000000
7319 -1255.0000000000
7648 -1254.0000000000
7687 -1247.0000000000
7707 -1243.0000000000
7988 -1241.0000000000
8231 -1240.0000000000
8497 -1232.0000000000
8657 -1231.0000000000
8890 -1228.0000000000
9408 -1221.0000000000
9749 -1220.0000000000
10010 -1254.0000000000
evaluations raw_y
1 -2029.0000000000
2 -2017.0000000000
3 -1964.0000000000
4 -1953.0000000000
7 -1948.0000000000
14 -1937.0000000000
29 -1926.0000000000
37 -1924.0000000000
41 -1917.0000000000
47 -1914.0000000000
69 -1901.0000000000
75 -1900.0000000000
77 -1898.0000000000
81 -1892.0000000000
94 -1846.0000000000
120 -1837.0000000000
134 -1834.0000000000
185 -1826.0000000000
194 -1813.0000000000
268 -1810.0000000000
286 -1801.0000000000
355 -1792.0000000000
432 -1775.0000000000
646 -1771.0000000000
658 -1760.0000000000
667 -1759.0000000000
672 -1753.0000000000
740 -1741.0000000000
823 -1739.0000000000
839 -1733.0000000000
912 -1730.0000000000
943 -1707.0000000000
961 -1705.0000000000
999 -1699.0000000000
1054 -1697.0000000000
1062 -1694.0000000000
1075 -1692.0000000000
1078 -1688.0000000000
1083 -1683.0000000000
1149 -1678.0000000000
1203 -1662.0000000000
1245 -1657.0000000000
1253 -1656.0000000000
1312 -1643.0000000000
1354 -1640.0000000000
1376 -1634.0000000000
1403 -1627.0000000000
1407 -1617.0000000000
1488 -1606.0000000000
1520 -1602.0000000000
1525 -1601.0000000000
1535 -1600.0000000000
1541 -1598.0000000000
1556 -1594.0000000000
1590 -1590.0000000000
1591 -1587.0000000000
1621 -1579.0000000000
1645 -1572.0000000000
1670 -1571.0000000000
1688 -1568.0000000000
1694 -1558.0000000000
1730 -1532.0000000000
1756 -1528.0000000000
1784 -1523.0000000000
1833 -1519.0000000000
1846 -1518.0000000000
1858 -1513.0000000000
1899 -1512.0000000000
1913 -1510.0000000000
1972 -1503.0000000000
2016 -1500.0000000000
2023 -1497.0000000000
2041 -1493.0000000000
2053 -1492.0000000000
2135 -1487.0000000000
2149 -1480.0000000000
2177 -1475.0000000000
2182 -1473.0000000000
2273 -1472.0000000000
2306 -1463.0000000000
2341 -1462.0000000000
2382 -1458.0000000000
2398 -1457.0000000000
2434 -1455.0000000000
2443 -1453.0000000000
2451 -1452.0000000000
2549 -1450.0000000000
2565 -1448.0000000000
2579 -1445.0000000000
2653 -1443.0000000000
2668 -1441.0000000000
2679 -1440.0000000000
2724 -1439.0000000000
2728 -1437.0000000000
2781 -1435.0000000000
2819 -1425.0000000000
2896 -1422.0000000000
2909 -1415.0000000000
3012 -1414.0000000000
3023 -1409.0000000000
3106 -1407.0000000000
3108 -1406.0000000000
3157 -1402.0000000000
3165 -1401.0000000000
3196 -1384.0000000000
3219 -1383.0000000000
3315 -1372.0000000000
3411 -1368.0000000000
3425 -1367.0000000000
3492 -1361.0000000000
3538 -1360.0000000000
3586 -1354.0000000000
3816 -1352.0000000000
3824 -1349.0000000000
3846 -1346.0000000000
3895 -1345.0000000000
4122 -1341.0000000000
4386 -1338.0000000000
4399 -1337.0000000000
4430 -1334.0000000000
4486 -1333.0000000000
4511 -1332.0000000000
4558 -1324.0000000000
4630 -1314.0000000000
4661 -1311.0000000000
4738 -1310.0000000000
4812 -1309.0000000000
4889 -1303.0000000000
4955 -1301.0000000000
5309 -1298.0000000000
5359 -1297.0000000000
5514 -1296.0000000000
5782 -1295.0000000000
6006 -1292.0000000000
6238 -1277.0000000000
6359 -1276.0000000000
6837 -1273.0000000000
6873 -1269.0000000000
7125 -1266.0000000000
7229 -1265.0000000000
7236 -1262.0000000000
7338 -1257.0000000000
7376 -1250.0000000000
7535 -1248.0000000000
7552 -1244.0000000000
7700 -1241.0000000000
7816 -1237.0000000000
8268 -1236.0000000000
8855 -1229.0000000000
9108 -1221.0000000000
9336 -1217.0000000000
9366 -1214.0000000000
9603 -1213.0000000000
9755 -1203.0000000000
10010 -1232.0000000000
evaluations raw_y
1 -1995.0000000000
2 -1920.0000000000
43 -1902.0000000000
66 -1901.0000000000
76 -1884.0000000000
99 -1881.0000000000
106 -1874.0000000000
113 -1867.0000000000
144 -1865.0000000000
160 -1863.0000000000
186 -1861.0000000000
189 -1843.0000000000
229 -1838.0000000000
239 -1834.0000000000
259 -1813.0000000000
286 -1808.0000000000
348 -1798.0000000000
378 -1780.0000000000
456 -1779.0000000000
474 -1778.0000000000
476 -1774.0000000000
634 -1763.0000000000
691 -1751.0000000000
761 -1737.0000000000
800 -1699.0000000000
919 -1695.0000000000
1129 -1693.0000000000
1155 -1686.0000000000
1199 -1684.0000000000
1214 -1669.0000000000
1322 -1667.0000000000
1340 -1639.0000000000
1436 -1628.0000000000
1446 -1626.0000000000
1482 -1625.0000000000
1494 -1617.0000000000
1520 -1614.0000000000
1539 -1594.0000000000
1588 -1589.0000000000
1629 -1582.0000000000
1668 -1581.0000000000
1672 -1576.0000000000
1678 -1571.0000000000
1730 -1568.0000000000
1763 -1565.0000000000
1772 -1557.0000000000
1796 -1553.0000000000
1807 -1545.0000000000
1830 -1539.0000000000
1932 -1530.0000000000
1968 -1528.0000000000
1983 -1523.0000000000
1986 -1509.0000000000
2002 -1504.0000000000
2003 -1499.0000000000
2024 -1496.0000000000
2041 -1492.0000000000
2056 -1489.0000000000
2089 -1486.0000000000
2118 -1483.0000000000
2184 -1481.0000000000
2205 -1474.0000000000
2240 -1472.0000000000
2274 -1458.0000000000
2310 -1453.0000000000
2358 -1450.0000000000
2416 -1445.0000000000
2458 -1444.0000000000
2485 -1442.0000000000
2552 -1438.0000000000
2577 -1434.0000000000
2648 -1430.0000000000
2695 -1428.0000000000
2721 -1424.0000000000
2742 -1420.0000000000
2796 -1413.0000000000
2822 -1412.0000000000
2841 -1411.0000000000
2853 -1404.0000000000
2876 -1400.0000000000
2914 -1399.0000000000
2921 -1398.0000000000
2976 -1394.0000000000
2993 -1393.0000000000
2998 -1392.0000000000
3005 -1384.0000000000
3067 -1377.0000000000
3100 -1375.0000000000
3222 -1373.0000000000
3276 -1372.0000000000
3299 -1370.0000000000
3367 -1367.0000000000
3416 -1363.0000000000
3435 -1362.0000000000
3469 -1357.0000000000
3534 -1354.0000000000
3636 -1347.0000000000
3884 -1345.0000000000
3904 -1338.0000000000
3934 -1333.0000000000
4001 -1322.0000000000
4100 -1318.0000000000
4139 -1314.0000000000
4202 -1313.0000000000
4292 -1312.0000000000
4300 -1306.0000000000
4342 -1300.0000000000
4369 -1292.0000000000
4517 -1291.0000000000
4599 -1290.0000000000
4710 -1286.0000000000
4756 -1283.0000000000
4788 -1280.0000000000
4910 -1279.0000000000
5083 -1277.0000000000
5280 -1276.0000000000
5313 -1273.0000000000
5459 -1269.0000000000
5538 -1266.0000000000
5696 -1264.0000000000
5712 -1261.0000000000
5794 -1259.0000000000
5812 -1257.0000000000
6263 -1253.0000000000
6356 -1247.0000000000
6460 -1246.0000000000
6733 -1245.0000000000
6736 -1241.0000000000
6851 -1239.0000000000
7027 -1232.0000000000
7389 -1228.0000000000
7589 -1221.0000000000
7700 -1219.0000000000
7918 -1218.0000000000
8208 -1215.0000000000
8521 -1214.0000000000
8848 -1213.0000000000
9589 -1212.0000000000
9704 -1204.0000000000
9988 -1198.0000000000
10010 -1214.0000000000
evaluations raw_y
1 -2032.0000000000
3 -1998.0000000000
4 -1982.0000000000
7 -1978.0000000000
8 -1975.0000000000
10 -1947.0000000000
21 -1929.0000000000
48 -1926.0000000000
49 -1920.0000000000
57 -1910.0000000000
71 -1898.0000000000
86 -1848.0000000000
178 -1845.0000000000
183 -1810.0000000000
332 -1802.0000000000
339 -1798.0000000000
370 -1797.0000000000
390 -1783.0000000000
672 -1781.0000000000
687 -1774.0000000000
833 -1764.0000000000
904 -1759.0000000000
936 -1753.0000000000
968 -1742.0000000000
1013 -1732.0000000000
1033 -1723.0000000000
1055 -1721.0000000000
1090 -1719.0000000000
1118 -1716.0000000000
1197 -1708.0000000000
1203 -1707.0000000000
1241 -1702.0000000000
1257 -1693.0000000000
1293 -1689.0000000000
1332 -1680.0000000000
1358 -1675.0000000000
1360 -1662.0000000000
1377 -1656.0000000000
1413 -1650.0000000000
1432 -1645.0000000000
1473 -1644.0000000000
1493 -1638.0000000000
1495 -1636.0000000000
1502 -1633.0000000000
1508 -1632.0000000000
1516 -1623.0000000000
1564 -1613.0000000000
1588 -1609.0000000000
1624 -1605.0000000000
1651 -1602.0000000000
1663 -1598.0000000000
1683 -1594.0000000000
1701 -1586.0000000000
1739 -1584.0000000000
1742 -1576.0000000000
1797 -1574.0000000000
1815 -1571.0000000000
1826 -1568.0000000000
1831 -1566.0000000000
1834 -1551.0000000000
1868 -1548.0000000000
1895 -1546.0000000000
1901 -1542.0000000000
1914 -1536.0000000000
1935 -1531.0000000000
1955 -1525.0000000000
1987 -1518.0000000000
2004 -1516.0000000000
2009 -1509.0000000000
2027 -1507.0000000000
2033 -1500.0000000000
2041 -1499.0000000000
2056 -1492.0000000000
2086 -1491.0000000000
2092 -1488.0000000000
2113 -1487.0000000000
2130 -1486.0000000000
2131 -1484.0000000000
2153 -1479.0000000000
2165 -1478.0000000000
2168 -1470.0000000000
2189 -1467.0000000000
2203 -1459.0000000000
2213 -1457.0000000000
2219 -1455.0000000000
2227 -1451.0000000000
2274 -1448.0000000000
2287 -1439.0000000000
2330 -1437.0000000000
2373 -1432.0000000000
2390 -1431.0000000000
2409 -1429.0000000000
2431 -1425.0000000000
2437 -1420.0000000000
2464 -1418.0000000000
2501 -1415.0000000000
2527 -1410.0000000000
2557 -1409.0000000000
2585 -1408.0000000000
2607 -1394.0000000000
2627 -1392.0000000000
2632 -1391.0000000000
2651 -1390.0000000000
2712 -1387.0000000000
2770 -1383.0000000000
2778 -1379.0000000000
2796 -1376.0000000000
2811 -1374.0000000000
2820 -1373.0000000000
2858 -1371.0000000000
2866 -1367.0000000000
2892 -1366.0000000000
3026 -1364.0000000000
3168 -1361.0000000000
3189 -1359.0000000000
3208 -1354.0000000000
3248 -1351.0000000000
3260 -1350.0000000000
3280 -1349.0000000000
3333 -1347.0000000000
3358 -1340.0000000000
3378 -1339.0000000000
3425 -1336.0000000000
3436 -1333.0000000000
3612 -1329.0000000000
3843 -1328.0000000000
3975 -1325.0000000000
4367 -1321.0000000000
4442 -1313.0000000000
4485 -1312.0000000000
4521 -1311.0000000000
4537 -1305.0000000000
4887 -1303.0000000000
4933 -1302.0000000000
4942 -1299.0000000000
5097 -1294.0000000000
5117 -1293.0000000000
5172 -1292.0000000000
5191 -1289.0000000000
5213 -1284.0000000000
5234 -1282.0000000000
5241 -1280.0000000000
5340 -1269.0000000000
5437 -1268.0000000000
5468 -1265.0000000000
5499 -1263.0000000000
5831 -1258.0000000000
5922 -1256.0000000000
6101 -1252.0000000000
6233 -1248.0000000000
6443 -1247.0000000000
7014 -1244.0000000000
7277 -1238.0000000000
7362 -1237.0000000000
7422 -1234.0000000000
7452 -1233.0000000000
7530 -1232.0000000000
7657 -1231.0000000000
7843 -1229.0000000000
7911 -1224.0000000000
8217 -1223.0000000000
8724 -1222.0000000000
8890 -1220.0000000000
9684 -1216.0000000000
10010 -1245.0000000000
evaluations raw_y
1 -1997.0000000000
2 -1959.0000000000
12 -1911.0000000000
50 -1895.0000000000
52 -1885.0000000000
73 -1856.0000000000
104 -1854.0000000000
121 -1838.0000000000
157 -1827.0000000000
187 -1806.0000000000
260 -1805.0000000000
268 -1795.0000000000
282 -1784.0000000000
386 -1766.0000000000
564 -1738.0000000000
689 -1735.0000000000
930 -1728.0000000000
939 -1720.0000000000
958 -1705.0000000000
1005 -1697.0000000000
1079 -1676.0000000000
1182 -1675.0000000000
1189 -1668.0000000000
1284 -1663.0000000000
1328 -1651.0000000000
1363 -1646.0000000000
1366 -1645.0000000000
1418 -1644.0000000000
1456 -1641.0000000000
1510 -1640.0000000000
1520 -1635.0000000000
1540 -1624.0000000000
1580 -1622.0000000000
1596 -1616.0000000000
1633 -1614.0000000000
1652 -1596.0000000000
1695 -1594.0000000000
1699 -1592.0000000000
1711 -1586.0000000000
1747 -1582.0000000000
1756 -1574.0000000000
1772 -1570.0000000000
1825 -1557.0000000000
1877 -1556.0000000000
1882 -1551.0000000000
1935 -1550.0000000000
1937 -1543.0000000000
1987 -1539.0000000000
1992 -1536.0000000000
1996 -1528.0000000000
2002 -1523.0000000000
2022 -1519.0000000000
2046 -1512.0000000000
2102 -1511.0000000000
2125 -1510.0000000000
2127 -1509.0000000000
2145 -1508.0000000000
2162 -1492.0000000000
2199 -1489.0000000000
2220 -1483.0000000000
2258 -1480.0000000000
2272 -1479.0000000000
2275 -1470.0000000000
2301 -1469.0000000000
2325 -1466.0000000000
2340 -1454.0000000000
2345 -1453.0000000000
2396 -1448.0000000000
2419 -1444.0000000000
2472 -1442.0000000000
2490 -1431.0000000000
2538 -1430.0000000000
2661 -1426.0000000000
2720 -1417.0000000000
2756 -1409.0000000000
2819 -1407.0000000000
2857 -1401.0000000000
2932 -1398.0000000000
2939 -1397.0000000000
2966 -1396.0000000000
2988 -1389.0000000000
2999 -1384.0000000000
3071 -1382.0000000000
3111 -1378.0000000000
3113 -1365.0000000000
3180 -1364.0000000000
3313 -1359.0000000000
3354 -1355.0000000000
3362 -1352.0000000000
3406 -1331.0000000000
3458 -1326.0000000000
3616 -1325.0000000000
3686 -1324.0000000000
3770 -1316.0000000000
3823 -1313.0000000000
3953 -1309.0000000000
3966 -1308.0000000000
3969 -1307.0000000000
4007 -1306.0000000000
4036 -1299.0000000000
4119 -1297.0000000000
4347 -1290.0000000000
4526 -1287.0000000000
4609 -1285.0000000000
4689 -1279.0000000000
4808 -1277.0000000000
4851 -1267.0000000000
5011 -1266.0000000000
5031 -1263.0000000000
5066 -1258.0000000000
5208 -1254.0000000000
5229 -1253.0000000000
5381 -1239.0000000000
5684 -1238.0000000000
5812 -1235.0000000000
5967 -1234.0000000000
5985 -1232.0000000000
6134 -1229.0000000000
6206 -1223.0000000000
6924 -1219.0000000000
7150 -1218.0000000000
7313 -1216.0000000000
7389 -1213.0000000000
7557 -1212.0000000000
8246 -1209.0000000000
8255 -1207.0000000000
8726 -1206.0000000000
10010 -1231.0000000000
evaluations raw_y
1 -1981.0000000000
11 -1968.0000000000
12 -1960.0000000000
14 -1933.0000000000
32 -1930.0000000000
48 -1908.0000000000
60 -1901.0000000000
82 -1886.0000000000
109 -1885.0000000000
139 -1878.0000000000
163 -1871.0000000000
178 -1866.0000000000
190 -1861.0000000000
203 -1852.0000000000
206 -1849.0000000000
242 -1834.0000000000
276 -1826.0000000000
301 -1814.0000000000
343 -1786.0000000000
364 -1785.0000000000
368 -1780.0000000000
433 -1776.0000000000
476 -1775.0000000000
546 -1772.0000000000
562 -1763.0000000000
700 -1760.0000000000
714 -1758.0000000000
855 -1738.0000000000
858 -1735.0000000000
930 -1729.0000000000
933 -1723.0000000000
997 -1722.0000000000
1011 -1715.0000000000
1088 -1709.0000000000
1205 -1705.0000000000
1242 -1701.0000000000
1259 -1700.0000000000
1263 -1697.0000000000
1266 -1687.0000000000
1294 -1684.0000000000
1300 -1668.0000000000
1348 -1664.0000000000
1397 -1660.0000000000
1409 -1654.0000000000
1436 -1646.0000000000
1465 -1638.0000000000
1507 -1635.0000000000
1511 -1633.0000000000
1523 -1619.0000000000
1574 -1613.0000000000
1589 -1601.0000000000
1608 -1600.0000000000
1613 -1594.0000000000
1652 -1593.0000000000
1654 -1588.0000000000
1655 -1583.0000000000
1665 -1580.0000000000
1678 -1573.0000000000
1682 -1561.0000000000
1746 -1560.0000000000
1751 -1555.0000000000
1778 -1554.0000000000
1799 -1553.0000000000
1802 -1549.0000000000
1832 -1548.0000000000
1841 -1537.0000000000
1857 -1535.0000000000
1878 -1534.0000000000
1916 -1533.0000000000
1924 -1527.0000000000
1935 -1526.0000000000
1950 -1524.0000000000
2026 -1522.0000000000
2039 -1520.0000000000
2083 -1508.0000000000
2122 -1505.0000000000
2194 -1497.0000000000
2228 -1492.0000000000
2250 -1481.0000000000
2276 -1479.0000000000
2280 -1478.0000000000
2307 -1476.0000000000
2344 -1473.0000000000
2369 -1460.0000000000
2429 -1459.0000000000
2437 -1458.0000000000
2460 -1454.0000000000
2494 -1451.0000000000
2515 -1450.0000000000
2520 -1438.0000000000
2531 -1437.0000000000
2583 -1436.0000000000
2613 -1431.0000000000
2633 -1419.0000000000
2673 -1417.0000000000
2686 -1411.0000000000
2712 -1404.0000000000
2734 -1403.0000000000
2852 -1401.0000000000
2867 -1398.0000000000
2890 -1395.0000000000
2898 -1393.0000000000
3011 -1387.0000000000
3049 -1385.0000000000
3095 -1384.0000000000
3117 -1382.0000000000
3159 -1381.0000000000
3166 -1379.0000000000
3259 -1378.0000000000
3265 -1369.0000000000
3296 -1366.0000000000
3321 -1364.0000000000
3340 -1360.0000000000
3438 -1356.0000000000
3532 -1351.0000000000
3561 -1350.0000000000
3604 -1347.0000000000
3664 -1346.0000000000
3669 -1344.0000000000
3686 -1342.0000000000
3721 -1338.0000000000
3891 -1337.0000000000
3937 -1335.0000000000
4079 -1332.0000000000
4160 -1326.0000000000
4168 -1323.0000000000
4180 -1322.0000000000
4181 -1316.0000000000
4237 -1311.0000000000
4337 -1309.0000000000
4449 -1307.0000000000
4553 -1297.0000000000
4635 -1292.0000000000
4650 -1287.0000000000
4809 -1286.0000000000
4827 -1285.0000000000
5137 -1278.0000000000
5444 -1277.0000000000
5560 -1276.0000000000
5641 -1272.0000000000
5722 -1270.0000000000
6421 -1269.0000000000
6538 -1268.0000000000
6720 -1264.0000000000
6787 -1263.0000000000
6804 -1257.0000000000
6847 -1253.0000000000
6921 -1251.0000000000
6947 -1246.0000000000
7148 -1235.0000000000
7186 -1233.0000000000
8165 -1230.0000000000
8567 -1229.0000000000
9038 -1228.0000000000
9158 -1225.0000000000
9254 -1222.0000000000
9924 -1221.0000000000
10010 -1235.0000000000
evaluations raw_y
1 -2000.0000000000
2 -1965.0000000000
5 -1955.0000000000
27 -1947.0000000000
30 -1928.0000000000
55 -1896.0000000000
104 -1889.0000000000
105 -1883.0000000000
107 -1877.0000000000
139 -1873.0000000000
152 -1867.0000000000
174 -1862.0000000000
185 -1857.0000000000
187 -1844.0000000000
234 -1808.0000000000
375 -1800.0000000000
387 -1785.0000000000
420 -1782.0000000000
470 -1756.0000000000
511 -1755.0000000000
586 -1751.0000000000
683 -1736.0000000000
772 -1733.0000000000
775 -1732.0000000000
823 -1697.0000000000
954 -1685.0000000000
992 -1683.0000000000
1156 -1674.0000000000
1174 -1669.0000000000
1199 -1658.0000000000
1238 -1654.0000000000
1335 -1647.0000000000
1354 -1646.0000000000
1362 -1642.0000000000
1369 -1626.0000000000
1424 -1610.0000000000
1449 -1609.0000000000
1456 -1608.0000000000
1485 -1594.0000000000
1515 -1586.0000000000
1538 -1585.0000000000
1540 -1583.0000000000
1569 -1582.0000000000
1604 -1580.0000000000
1606 -1579.0000000000
1608 -1576.0000000000
1613 -1561.0000000000
1691 -1560.0000000000
1710 -1554.0000000000
1713 -1552.0000000000
1715 -1549.0000000000
1719 -1541.0000000000
1774 -1528.0000000000
1788 -1514.0000000000
1826 -1508.0000000000
1854 -1507.0000000000
1871 -1495.0000000000
1880 -1489.0000000000
1908 -1487.0000000000
1953 -1485.0000000000
1997 -1480.0000000000
2025 -1478.0000000000
2068 -1476.0000000000
2082 -1469.0000000000
2090 -1462.0000000000
2094 -1451.0000000000
2253 -1449.0000000000
2274 -1448.0000000000
2299 -1447.0000000000
2312 -1441.0000000000
2323 -1438.0000000000
2335 -1433.0000000000
2348 -1429.0000000000
2392 -1425.0000000000
2397 -1423.0000000000
2404 -1420.0000000000
2419 -1410.0000000000
2440 -1407.0000000000
2612 -1405.0000000000
2613 -1403.0000000000
2617 -1402.0000000000
2638 -1400.0000000000
2649 -1399.0000000000
2663 -1397.0000000000
2688 -1390.0000000000
2782 -1389.0000000000
2804 -1388.0000000000
2822 -1385.0000000000
2833 -1381.0000000000
2885 -1376.0000000000
2923 -1372.0000000000
2941 -1371.0000000000
2960 -1370.0000000000
2980 -1368.0000000000
3007 -1367.0000000000
3039 -1362.0000000000
3074 -1361.0000000000
3165 -1352.0000000000
3225 -1348.0000000000
3353 -1347.0000000000
3401 -1346.0000000000
3410 -1344.0000000000
3585 -1335.0000000000
3650 -1323.0000000000
3807 -1317.0000000000
3854 -1306.0000000000
4172 -1304.0000000000
4351 -1301.0000000000
4512 -1297.0000000000
4740 -1293.0000000000
4821 -1288.0000000000
4893 -1280.0000000000
5515 -1277.0000000000
5555 -1276.0000000000
5612 -1271.0000000000
5723 -1264.0000000000
6237 -1260.0000000000
6896 -1256.0000000000
6904 -1254.0000000000
7516 -1253.0000000000
7690 -1252.0000000000
7779 -1251.0000000000
7927 -1248.0000000000
7942 -1243.0000000000
8030 -1240.0000000000
8183 -1237.0000000000
8997 -1235.0000000000
9113 -1233.0000000000
9169 -1231.0000000000
9202 -1221.0000000000
9810 -1219.0000000000
10010 -1247.0000000000
evaluations raw_y
1 -1982.0000000000
2 -1961.0000000000
11 -1951.0000000000
17 -1948.0000000000
28 -1929.0000000000
39 -1922.0000000000
44 -1915.0000000000
46 -1908.0000000000
58 -1891.0000000000
59 -1867.0000000000
66 -1865.0000000000
89 -1864.0000000000
102 -1859.0000000000
120 -1853.0000000000
144 -1852.0000000000
158 -1850.0000000000
169 -1835.0000000000
181 -1827.0000000000
204 -1822.0000000000
233 -1806.0000000000
260 -1791.0000000000
321 -1789.0000000000
358 -1753.0000000000
492 -1749.0000000000
682 -1743.0000000000
758 -1722.0000000000
791 -1719.0000000000
808 -1711.0000000000
847 -1708.0000000000
860 -1682.0000000000
1077 -1679.0000000000
1101 -1665.0000000000
1231 -1650.0000000000
1291 -1649.0000000000
1331 -1648.0000000000
1353 -1646.0000000000
1358 -1636.0000000000
1462 -1629.0000000000
1496 -1628.0000000000
1504 -1620.0000000000
1515 -1614.0000000000
1537 -1611.0000000000
1542 -1597.0000000000
1566 -1594.0000000000
1575 -1587.0000000000
1597 -1582.0000000000
1622 -1579.0000000000
1642 -1578.0000000000
1656 -1577.0000000000
1658 -1575.0000000000
1666 -1570.0000000000
1696 -1567.0000000000
1704 -1565.0000000000
1715 -1564.0000000000
1731 -1554.0000000000
1769 -1540.0000000000
1786 -1534.0000000000
1816 -1525.0000000000
1836 -1522.0000000000
1843 -1512.0000000000
1883 -1511.0000000000
1935 -1510.0000000000
1953 -1508.0000000000
1959 -1502.0000000000
2023 -1498.0000000000
2053 -1497.0000000000
2056 -1491.0000000000
2084 -1490.0000000000
2101 -1483.0000000000
2113 -1475.0000000000
2167 -1474.0000000000
2181 -1472.0000000000
2199 -1465.0000000000
2272 -1463.0000000000
2324 -1462.0000000000
2375 -1456.0000000000
2398 -1447.0000000000
2495 -1440.0000000000
2535 -1439.0000000000
2558 -1438.0000000000
2583 -1432.0000000000
2598 -1430.0000000000
2641 -1422.0000000000
2675 -1421.0000000000
2691 -1415.0000000000
2766 -1412.0000000000
2834 -1410.0000000000
2891 -1408.0000000000
2923 -1407.0000000000
2925 -1406.0000000000
2930 -1405.0000000000
2943 -1395.0000000000
3053 -1394.0000000000
3097 -1392.0000000000
3121 -1388.0000000000
3183 -1383.0000000000
3273 -1378.0000000000
3318 -1374.0000000000
3329 -1369.0000000000
3378 -1367.0000000000
3439 -1364.0000000000
3511 -1360.0000000000
3628 -1359.0000000000
3657 -1357.0000000000
3680 -1353.0000000000
3706 -1349.0000000000
3822 -1344.0000000000
3826 -1343.0000000000
3926 -1340.0000000000
4046 -1338.0000000000
4168 -1332.0000000000
4212 -1328.0000000000
4216 -1326.0000000000
4286 -1313.0000000000
4471 -1312.0000000000
4658 -1311.0000000000
4672 -1310.0000000000
4739 -1305.0000000000
4810 -1303.0000000000
4929 -1302.0000000000
5020 -1301.0000000000
5025 -1297.0000000000
5035 -1294.0000000000
5041 -1293.0000000000
5118 -1285.0000000000
5292 -1282.0000000000
5465 -1278.0000000000
5492 -1274.0000000000
5859 -1272.0000000000
5888 -1270.0000000000
6069 -1268.0000000000
6423 -1267.0000000000
6574 -1266.0000000000
6636 -1265.0000000000
6689 -1262.0000000000
6725 -1260.0000000000
6753 -1258.0000000000
6797 -1246.0000000000
6810 -1244.0000000000
6831 -1241.0000000000
6914 -1239.0000000000
7209 -1238.0000000000
7395 -1236.0000000000
7482 -1231.0000000000
7623 -1228.0000000000
7861 -1219.0000000000
7968 -1215.0000000000
8025 -1214.0000000000
8125 -1210.0000000000
8427 -1208.0000000000
8443 -1204.0000000000
9165 -1203.0000000000
9193 -1196.0000000000
9654 -1193.0000000000
9764 -1192.0000000000
9785 -1187.0000000000
9883 -1181.0000000000
10010 -1201.0000000000
evaluations raw_y
1 -1988.0000000000
2 -1955.0000000000
3 -1929.0000000000
31 -1909.0000000000
43 -1905.0000000000
63 -1872.0000000000
101 -1870.0000000000
110 -1850.0000000000
158 -1844.0000000000
160 -1843.0000000000
164 -1836.0000000000
172 -1835.0000000000
202 -1824.0000000000
244 -1798.0000000000
334 -1795.0000000000
437 -1785.0000000000
446 -1776.0000000000
524 -1763.0000000000
558 -1759.0000000000
559 -1757.0000000000
605 -1750.0000000000
629 -1749.0000000000
682 -1745.0000000000
690 -1743.0000000000
717 -1734.0000000000
730 -1727.0000000000
742 -1707.0000000000
983 -1706.0000000000
1058 -1685.0000000000
1137 -1684.0000000000
1193 -1674.0000000000
1217 -1662.0000000000
1273 -1660.0000000000
1367 -1654.0000000000
1406 -1645.0000000000
1453 -1630.0000000000
1495 -1627.0000000000
1497 -1616.0000000000
1515 -1615.0000000000
1532 -1614.0000000000
1537 -1607.0000000000
1539 -1604.0000000000
1541 -1600.0000000000
1559 -1599.0000000000
1594 -1590.0000000000
1602 -1584.0000000000
1632 -1578.0000000000
1643 -1577.0000000000
1645 -1573.0000000000
1673 -1563.0000000000
1707 -1557.0000000000
1719 -1554.0000000000
1764 -1553.0000000000
1767 -1548.0000000000
1800 -1547.0000000000
1832 -1542.0000000000
1849 -1535.0000000000
1859 -1534.0000000000
1914 -1528.0000000000
1954 -1522.0000000000
1986 -1521.0000000000
1992 -1518.0000000000
2001 -1514.0000000000
2029 -1511.0000000000
2065 -1509.0000000000
2068 -1506.0000000000
2073 -1492.0000000000
2092 -1489.0000000000
2183 -1486.0000000000
2234 -1473.0000000000
2255 -1469.0000000000
2330 -1458.0000000000
2383 -1455.0000000000
2400 -1452.0000000000
2414 -1445.0000000000
2559 -1443.0000000000
2564 -1438.0000000000
2607 -1437.0000000000
2641 -1433.0000000000
2650 -1432.0000000000
2678 -1423.0000000000
2741 -1420.0000000000
2768 -1419.0000000000
2780 -1414.0000000000
2823 -1408.0000000000
2917 -1405.0000000000
2955 -1403.0000000000
3003 -1401.0000000000
3013 -1400.0000000000
3021 -1391.0000000000
3075 -1387.0000000000
3139 -1384.0000000000
3161 -1382.0000000000
3204 -1378.0000000000
3297 -1372.0000000000
3376 -1367.0000000000
3528 -1366.0000000000
3531 -1365.0000000000
3575 -1360.0000000000
3692 -1358.0000000000
3700 -1357.0000000000
3838 -1351.0000000000
3922 -1348.0000000000
3956 -1346.0000000000
4017 -1344.0000000000
4038 -1341.0000000000
4069 -1338.0000000000
4198 -1334.0000000000
4235 -1333.0000000000
4265 -1332.0000000000
4290 -1330.0000000000
4431 -1325.0000000000
4450 -1324.0000000000
4678 -1323.0000000000
4686 -1322.0000000000
4720 -1319.0000000000
4809 -1318.0000000000
4891 -1316.0000000000
4909 -1314.0000000000
4920 -1311.0000000000
5001 -1306.0000000000
5263 -1297.0000000000
5329 -1296.0000000000
5343 -1295.0000000000
5409 -1294.0000000000
5414 -1292.0000000000
5528 -1290.0000000000
5674 -1289.0000000000
5699 -1288.0000000000
5718 -1286.0000000000
6099 -1279.0000000000
6151 -1276.0000000000
6268 -1275.0000000000
6286 -1274.0000000000
6456 -1270.0000000000
6482 -1260.0000000000
7071 -1259.0000000000
7095 -1256.0000000000
7206 -1251.0000000000
7242 -1241.0000000000
7904 -1239.0000000000
8782 -1238.0000000000
9587 -1237.0000000000
9594 -1236.0000000000
9730 -1233.0000000000
10010 -1250.0000000000
evaluations raw_y
1 -2016.0000000000
2 -1991.0000000000
5 -1975.0000000000
22 -1952.0000000000
41 -1931.0000000000
43 -1926.0000000000
65 -1898.0000000000
87 -1890.0000000000
94 -1857.0000000000
101 -1853.0000000000
119 -1851.0000000000
126 -1850.0000000000
131 -1846.0000000000
135 -1834.0000000000
153 -1817.0000000000
271 -1809.0000000000
283 -1802.0000000000
300 -1797.0000000000
322 -1777.0000000000
456 -1776.0000000000
544 -1767.0000000000
549 -1760.0000000000
635 -1755.0000000000
665 -1754.0000000000
736 -1752.0000000000
775 -1748.0000000000
787 -1737.0000000000
833 -1722.0000000000
873 -1717.0000000000
887 -1712.0000000000
898 -1710.0000000000
944 -1671.0000000000
1080 -1669.0000000000
1347 -1666.0000000000
1384 -1659.0000000000
1417 -1656.0000000000
1424 -1651.0000000000
1426 -1649.0000000000
1474 -1640.0000000000
1491 -1633.0000000000
1547 -1632.0000000000
1566 -1629.0000000000
1570 -1617.0000000000
1584 -1615.0000000000
1603 -1614.0000000000
1616 -1608.0000000000
1643 -1607.0000000000
1646 -1598.0000000000
1677 -1594.0000000000
1696 -1590.0000000000
1724 -1586.0000000000
1730 -1585.0000000000
1734 -1581.0000000000
1736 -1573.0000000000
1750 -1568.0000000000
1769 -1567.0000000000
1781 -1560.0000000000
1805 -1550.0000000000
1830 -1547.0000000000
1843 -1544.0000000000
1850 -1540.0000000000
1860 -1539.0000000000
1873 -1538.0000000000
1885 -1537.0000000000
1910 -1535.0000000000
1912 -1516.0000000000
1933 -1512.0000000000
1971 -1511.0000000000
1974 -1509.0000000000
1984 -1499.0000000000
2008 -1494.0000000000
2022 -1493.0000000000
2027 -1490.0000000000
2033 -1483.0000000000
2065 -1481.0000000000
2120 -1479.0000000000
2162 -1478.0000000000
2168 -1468.0000000000
2197 -1465.0000000000
2205 -1459.0000000000
2245 -1442.0000000000
2318 -1435.0000000000
2401 -1423.0000000000
2432 -1422.0000000000
2566 -1417.0000000000
2615 -1415.0000000000
2670 -1411.0000000000
2678 -1402.0000000000
2721 -1400.0000000000
2729 -1391.0000000000
2761 -1387.0000000000
2901 -1385.0000000000
3039 -1382.0000000000
3055 -1380.0000000000
3103 -1379.0000000000
3125 -1378.0000000000
3130 -1373.0000000000
3132 -1367.0000000000
3161 -1366.0000000000
3181 -1359.0000000000
3208 -1358.0000000000
3231 -1349.0000000000
3243 -1348.0000000000
3262 -1347.0000000000
3326 -1344.0000000000
3695 -1338.0000000000
3735 -1335.0000000000
3775 -1334.0000000000
3853 -1331.0000000000
3902 -1329.0000000000
4069 -1322.0000000000
4085 -1316.0000000000
4144 -1314.0000000000
4146 -1313.0000000000
4164 -1312.0000000000
4169 -1309.0000000000
4210 -1307.0000000000
4215 -1306.0000000000
4255 -1305.0000000000
4261 -1301.0000000000
4436 -1297.0000000000
4530 -1292.0000000000
4572 -1282.0000000000
4658 -1278.0000000000
4834 -1272.0000000000
4881 -1271.0000000000
5188 -1270.0000000000
5263 -1268.0000000000
5296 -1266.0000000000
5509 -1261.0000000000
5518 -1260.0000000000
5823 -1258.0000000000
5846 -1255.0000000000
6139 -1253.0000000000
6319 -1251.0000000000
6390 -1248.0000000000
6444 -1244.0000000000
6735 -1239.0000000000
6885 -1232.0000000000
7482 -1225.0000000000
7900 -1223.0000000000
7990 -1217.0000000000
8094 -1215.0000000000
8120 -1211.0000000000
8430 -1209.0000000000
8454 -1207.0000000000
8519 -1206.0000000000
8628 -1204.0000000000
9193 -1203.0000000000
9315 -1202.0000000000
9489 -1192.0000000000
9825 -1191.0000000000
10010 -1212.0000000000
evaluations raw_y
1 -1966.0000000000
14 -1932.0000000000
27 -1929.0000000000
31 -1913.0000000000
42 -1903.0000000000
50 -1891.0000000000
59 -1887.0000000000
72 -1883.0000000000
89 -1859.0000000000
116 -1834.0000000000
178 -1813.0000000000
187 -1806.0000000000
304 -1800.0000000000
310 -1788.0000000000
361 -1783.0000000000
386 -1778.0000000000
430 -1751.0000000000
716 -1749.0000000000
721 -1744.0000000000
737 -1739.0000000000
758 -1719.0000000000
822 -1708.0000000000
992 -1702.0000000000
1029 -1699.0000000000
1081 -1684.0000000000
1121 -1681.0000000000
1141 -1666.0000000000
1338 -1664.0000000000
1342 -1659.0000000000
1357 -1657.0000000000
1366 -1652.0000000000
1459 -1648.0000000000
1465 -1642.0000000000
1467 -1631.0000000000
1483 -1621.0000000000
1501 -1620.0000000000
1502 -1616.0000000000
1520 -1613.0000000000
1524 -1612.0000000000
1545 -1611.0000000000
1549 -1603.0000000000
1557 -1602.0000000000
1578 -1595.0000000000
1606 -1594.0000000000
1612 -1592.0000000000
1627 -1584.0000000000
1640 -1574.0000000000
1659 -1569.0000000000
1699 -1565.0000000000
1736 -1551.0000000000
1757 -1544.0000000000
1788 -1535.0000000000
1812 -1527.0000000000
1843 -1515.0000000000
1880 -1510.0000000000
1921 -1497.0000000000
1970 -1496.0000000000
1985 -1492.0000000000
1993 -1491.0000000000
1998 -1489.0000000000
2004 -1470.0000000000
2085 -1466.0000000000
2164 -1465.0000000000
2181 -1460.0000000000
2262 -1457.0000000000
2305 -1456.0000000000
2308 -1454.0000000000
2318 -1451.0000000000
2326 -1449.0000000000
2347 -1448.0000000000
2382 -1441.0000000000
2394 -1439.0000000000
2441 -1437.0000000000
2461 -1433.0000000000
2483 -1429.0000000000
2511 -1424.0000000000
2562 -1416.0000000000
2592 -1414.0000000000
2621 -1413.0000000000
2672 -1411.0000000000
2696 -1401.0000000000
2737 -1400.0000000000
2756 -1399.0000000000
2758 -1397.0000000000
2791 -1394.0000000000
2803 -1390.0000000000
2832 -1388.0000000000
2901 -1387.0000000000
2920 -1384.0000000000
2932 -1383.0000000000
2962 -1382.0000000000
2974 -1377.0000000000
3017 -1367.0000000000
3046 -1363.0000000000
3074 -1360.0000000000
3128 -1358.0000000000
3139 -1355.0000000000
3290 -1354.0000000000
3467 -1353.0000000000
3480 -1350.0000000000
3485 -1348.0000000000
3549 -1328.0000000000
3732 -1326.0000000000
3776 -1321.0000000000
3875 -1318.0000000000
3895 -1316.0000000000
4202 -1314.0000000000
4279 -1309.0000000000
4516 -1308.0000000000
4525 -1306.0000000000
4591 -1305.0000000000
4602 -1296.0000000000
4964 -1291.0000000000
5252 -1290.0000000000
5469 -1289.0000000000
5530 -1287.0000000000
5571 -1284.0000000000
5708 -1283.0000000000
5728 -1281.0000000000
5946 -1273.0000000000
6085 -1269.0000000000
6289 -1267.0000000000
6642 -1266.0000000000
6767 -1264.0000000000
6947 -1258.0000000000
7177 -1257.0000000000
7413 -1255.0000000000
7453 -1254.0000000000
7606 -1250.0000000000
7669 -1243.0000000000
8075 -1233.0000000000
8078 -1232.0000000000
8133 -1227.0000000000
8365 -1222.0000000000
8762 -1220.0000000000
8810 -1214.0000000000
8875 -1210.0000000000
9227 -1200.0000000000
10010 -1242.0000000000
evaluations raw_y
1 -2051.0000000000
2 -1958.0000000000
3 -1941.0000000000
22 -1937.0000000000
28 -1929.0000000000
39 -1914.0000000000
58 -1880.0000000000
88 -1879.0000000000
96 -1877.0000000000
97 -1876.0000000000
103 -1870.0000000000
112 -1863.0000000000
129 -1831.0000000000
195 -1828.0000000000
200 -1821.0000000000
203 -1801.0000000000
208 -1796.0000000000
291 -1777.0000000000
337 -1759.0000000000
389 -1756.0000000000
430 -1752.0000000000
457 -1745.0000000000
722 -1744.0000000000
805 -1742.0000000000
813 -1740.0000000000
838 -1731.0000000000
849 -1725.0000000000
871 -1723.0000000000
894 -1720.0000000000
949 -1708.0000000000
1081 -1707.0000000000
1117 -1706.0000000000
1155 -1700.0000000000
1204 -1696.0000000000
1233 -1686.0000000000
1318 -1670.0000000000
1345 -1660.0000000000
1355 -1649.0000000000
1408 -1648.0000000000
1438 -1647.0000000000
1448 -1641.0000000000
1478 -1637.0000000000
1488 -1635.0000000000
1556 -1633.0000000000
1561 -1618.0000000000
1632 -1612.0000000000
1635 -1600.0000000000
1661 -1598.0000000000
1664 -1597.0000000000
1678 -1594.0000000000
1692 -1587.0000000000
1702 -1578.0000000000
1716 -1572.0000000000
1778 -1568.0000000000
1808 -1566.0000000000
1824 -1564.0000000000
1838 -1561.0000000000
1846 -1556.0000000000
1872 -1555.0000000000
1886 -1550.0000000000
1923 -1548.0000000000
1925 -1544.0000000000
1939 -1532.0000000000
1984 -1529.0000000000
2051 -1525.0000000000
2092 -1523.0000000000
2108 -1522.0000000000
2112 -1520.0000000000
2115 -1516.0000000000
2154 -1504.0000000000
2166 -1500.0000000000
2215 -1493.0000000000
2282 -1487.0000000000
2289 -1483.0000000000
2327 -1473.0000000000
2393 -1468.0000000000
2410 -1463.0000000000
2451 -1462.0000000000
2482 -1453.0000000000
2487 -1446.0000000000
2520 -1444.0000000000
2534 -1441.0000000000
2608 -1435.0000000000
2645 -1431.0000000000
2649 -1429.0000000000
2723 -1426.0000000000
2775 -1425.0000000000
2801 -1421.0000000000
2859 -1420.0000000000
2888 -1410.0000000000
3004 -1409.0000000000
3034 -1404.0000000000
3108 -1396.0000000000
3168 -1392.0000000000
3207 -1391.0000000000
3238 -1382.0000000000
3292 -1373.0000000000
3374 -1372.0000000000
3413 -1363.0000000000
3462 -1355.0000000000
3556 -1349.0000000000
3622 -1341.0000000000
3709 -1330.0000000000
3887 -1327.0000000000
4111 -1324.0000000000
4169 -1319.0000000000
4197 -1317.0000000000
4230 -1316.0000000000
4273 -1314.0000000000
4322 -1311.0000000000
4502 -1308.0000000000
4532 -1295.0000000000
5236 -1294.0000000000
5251 -1293.0000000000
5289 -1292.0000000000
5392 -1285.0000000000
5470 -1282.0000000000
5687 -1276.0000000000
5909 -1267.0000000000
6442 -1264.0000000000
6568 -1262.0000000000
6691 -1261.0000000000
6712 -1258.0000000000
6739 -1256.0000000000
7080 -1254.0000000000
7177 -1251.0000000000
7375 -1249.0000000000
7496 -1248.0000000000
7606 -1243.0000000000
7696 -1242.0000000000
8810 -1238.0000000000
9085 -1236.0000000000
9152 -1233.0000000000
9550 -1232.0000000000
9588 -1225.0000000000
9741 -1220.0000000000
9831 -1219.0000000000
10010 -1245.0000000000
evaluations raw_y
1 -2006.0000000000
3 -1985.0000000000
6 -1971.0000000000
9 -1942.0000000000
34 -1938.0000000000
39 -1920.0000000000
45 -1909.0000000000
59 -1908.0000000000
61 -1906.0000000000
67 -1905.0000000000
69 -1904.0000000000
89 -1899.0000000000
94 -1894.0000000000
96 -1890.0000000000
100 -1882.0000000000
112 -1881.0000000000
120 -1862.0000000000
129 -1847.0000000000
158 -1846.0000000000
179 -1836.0000000000
209 -1794.0000000000
309 -1790.0000000000
331 -1778.0000000000
345 -1771.0000000000
392 -1761.0000000000
572 -1750.0000000000
587 -1749.0000000000
654 -1746.0000000000
669 -1741.0000000000
734 -1739.0000000000
795 -1736.0000000000
904 -1734.0000000000
948 -1731.0000000000
963 -1727.0000000000
1030 -1717.0000000000
1075 -1706.0000000000
1113 -1690.0000000000
1146 -1685.0000000000
1176 -1679.0000000000
1226 -1676.0000000000
1250 -1666.0000000000
1324 -1664.0000000000
1341 -1661.0000000000
1371 -1659.0000000000
1398 -1657.0000000000
1409 -1647.0000000000
1428 -1646.0000000000
1447 -1644.0000000000
1463 -1636.0000000000
1494 -1632.0000000000
1518 -1631.0000000000
1562 -1628.0000000000
1584 -1622.0000000000
1600 -1620.0000000000
1608 -1611.0000000000
1625 -1609.0000000000
1642 -1608.0000000000
1646 -1607.0000000000
1661 -1606.0000000000
1667 -1595.0000000000
1699 -1593.0000000000
1702 -1587.0000000000
1726 -1585.0000000000
1749 -1583.0000000000
1754 -1582.0000000000
1759 -1581.0000000000
1773 -1576.0000000000
1781 -1562.0000000000
1806 -1558.0000000000
1823 -1556.0000000000
1845 -1551.0000000000
1872 -1545.0000000000
1896 -1534.0000000000
1912 -1532.0000000000
1926 -1531.0000000000
1976 -1521.0000000000
1983 -1518.0000000000
2022 -1512.0000000000
2025 -1505.0000000000
2064 -1501.0000000000
2069 -1497.0000000000
2123 -1495.0000000000
2147 -1489.0000000000
2164 -1480.0000000000
2186 -1475.0000000000
2252 -1471.0000000000
2267 -1469.0000000000
2320 -1461.0000000000
2336 -1455.0000000000
2379 -1452.0000000000
2387 -1441.0000000000
2471 -1440.0000000000
2483 -1439.0000000000
2500 -1434.0000000000
2519 -1432.0000000000
2627 -1431.0000000000
2637 -1430.0000000000
2706 -1425.0000000000
2730 -1424.0000000000
2760 -1418.0000000000
2860 -1410.0000000000
2958 -1407.0000000000
2984 -1405.0000000000
2986 -1402.0000000000
3018 -1397.0000000000
3047 -1394.0000000000
3091 -1392.0000000000
3112 -1384.0000000000
3180 -1383.0000000000
3235 -1380.0000000000
3401 -1378.0000000000
3415 -1377.0000000000
3428 -1376.0000000000
3442 -1365.0000000000
3538 -1360.0000000000
3568 -1356.0000000000
3610 -1351.0000000000
3702 -1349.0000000000
3707 -1345.0000000000
3715 -1338.0000000000
3767 -1337.0000000000
3869 -1332.0000000000
4051 -1324.0000000000
4115 -1319.0000000000
4328 -1318.0000000000
4423 -1313.0000000000
4627 -1304.0000000000
4699 -1302.0000000000
4737 -1299.0000000000
4772 -1296.0000000000
4968 -1286.0000000000
5455 -1281.0000000000
5518 -1279.0000000000
5784 -1278.0000000000
5847 -1275.0000000000
5969 -1273.0000000000
6142 -1267.0000000000
6265 -1264.0000000000
6331 -1260.0000000000
6358 -1257.0000000000
6969 -1253.0000000000
8163 -1247.0000000000
8441 -1241.0000000000
8457 -1233.0000000000
9189 -1232.0000000000
9240 -1231.0000000000
9352 -1229.0000000000
9527 -1227.0000000000
9769 -1226.0000000000
9922 -1221.0000000000
10010 -1249.0000000000
evaluations raw_y
1 -1967.0000000000
18 -1953.0000000000
24 -1946.0000000000
27 -1935.0000000000
34 -1922.0000000000
72 -1904.0000000000
79 -1900.0000000000
100 -1898.0000000000
101 -1891.0000000000
146 -1890.0000000000
169 -1872.0000000000
173 -1871.0000000000
178 -1858.0000000000
184 -1852.0000000000
211 -1829.0000000000
222 -1814.0000000000
271 -1792.0000000000
419 -1785.0000000000
486 -1780.0000000000
672 -1765.0000000000
676 -1764.0000000000
718 -1757.0000000000
749 -1751.0000000000
786 -1741.0000000000
807 -1740.0000000000
822 -1739.0000000000
837 -1738.0000000000
859 -1730.0000000000
875 -1712.0000000000
1049 -1709.0000000000
1088 -1708.0000000000
1149 -1700.0000000000
1161 -1698.0000000000
1163 -1697.0000000000
1252 -1694.0000000000
1253 -1682.0000000000
1287 -1674.0000000000
1304 -1668.0000000000
1365 -1664.0000000000
1368 -1661.0000000000
1371 -1659.0000000000
1379 -1651.0000000000
1440 -1649.0000000000
1458 -1645.0000000000
1461 -1644.0000000000
1469 -1638.0000000000
1493 -1634.0000000000
1504 -1626.0000000000
1526 -1617.0000000000
1599 -1615.0000000000
1613 -1611.0000000000
1624 -1603.0000000000
1644 -1602.0000000000
1645 -1594.0000000000
1684 -1592.0000000000
1697 -1591.0000000000
1704 -1585.0000000000
1727 -1582.0000000000
1732 -1575.0000000000
1757 -1574.0000000000
1770 -1571.0000000000
1780 -1569.0000000000
1781 -1565.0000000000
1808 -1562.0000000000
1816 -1559.0000000000
1826 -1553.0000000000
1837 -1552.0000000000
1847 -1545.0000000000
1903 -1539.0000000000
1909 -1535.0000000000
1918 -1534.0000000000
1929 -1530.0000000000
1965 -1523.0000000000
1971 -1520.0000000000
1978 -1516.0000000000
2011 -1511.0000000000
2042 -1502.0000000000
2076 -1501.0000000000
2085 -1500.0000000000
2093 -1496.0000000000
2134 -1495.0000000000
2152 -1492.0000000000
2158 -1488.0000000000
2174 -1487.0000000000
2188 -1483.0000000000
2210 -1478.0000000000
2221 -1477.0000000000
2250 -1474.0000000000
2288 -1473.0000000000
2291 -1471.0000000000
2336 -1467.0000000000
2345 -1457.0000000000
2382 -1456.0000000000
2401 -1455.0000000000
2437 -1441.0000000000
2470 -1439.0000000000
2505 -1437.0000000000
2528 -1435.0000000000
2533 -1434.0000000000
2552 -1431.0000000000
2623 -1428.0000000000
2666 -1424.0000000000
2715 -1423.0000000000
2727 -1422.0000000000
2800 -1406.0000000000
2867 -1405.0000000000
2874 -1401.0000000000
2877 -1398.0000000000
2940 -1390.0000000000
3001 -1388.0000000000
3049 -1383.0000000000
3199 -1382.0000000000
3239 -1376.0000000000
3301 -1374.0000000000
3392 -1372.0000000000
3566 -1369.0000000000
3604 -1366.0000000000
3617 -1360.0000000000
3745 -1359.0000000000
3810 -1357.0000000000
3840 -1350.0000000000
3917 -1348.0000000000
3919 -1346.0000000000
3928 -1342.0000000000
4010 -1341.0000000000
4085 -1336.0000000000
4114 -1332.0000000000
4336 -1330.0000000000
4356 -1328.0000000000
4709 -1318.0000000000
4844 -1311.0000000000
4868 -1309.0000000000
4909 -1308.0000000000
4927 -1302.0000000000
5045 -1301.0000000000
5074 -1299.0000000000
5302 -1293.0000000000
5424 -1292.0000000000
5532 -1288.0000000000
5806 -1280.0000000000
5854 -1278.0000000000
6076 -1276.0000000000
6438 -1274.0000000000
6802 -1270.0000000000
6927 -1269.0000000000
7212 -1267.0000000000
7406 -1266.0000000000
7673 -1264.0000000000
8197 -1260.0000000000
8358 -1254.0000000000
8460 -1251.0000000000
8735 -1249.0000000000
8760 -1246.0000000000
8951 -1244.0000000000
8973 -1243.0000000000
9257 -1240.0000000000
9507 -1236.0000000000
9593 -1234.0000000000
9647 -1233.0000000000
9968 -1232.0000000000
10010 -1260.0000000000
evaluations raw_y
1 -2022.0000000000
3 -1975.0000000000
7 -1961.0000000000
15 -1953.0000000000
25 -1941.0000000000
42 -1929.0000000000
60 -1911.0000000000
62 -1895.0000000000
87 -1890.0000000000
93 -1874.0000000000
112 -1871.0000000000
113 -1869.0000000000
126 -1858.0000000000
137 -1848.0000000000
151 -1845.0000000000
163 -1837.0000000000
204 -1833.0000000000
230 -1829.0000000000
244 -1818.0000000000
320 -1810.0000000000
330 -1804.0000000000
392 -1791.0000000000
450 -1783.0000000000
465 -1778.0000000000
473 -1772.0000000000
648 -1764.0000000000
702 -1761.0000000000
711 -1754.0000000000
754 -1751.0000000000
759 -1731.0000000000
833 -1724.0000000000
895 -1715.0000000000
907 -1710.0000000000
913 -1707.0000000000
1050 -1702.0000000000
1053 -1696.0000000000
1067 -1691.0000000000
1125 -1685.0000000000
1141 -1668.0000000000
1269 -1656.0000000000
1316 -1653.0000000000
1343 -1641.0000000000
1378 -1629.0000000000
1393 -1627.0000000000
1409 -1624.0000000000
1444 -1623.0000000000
1461 -1618.0000000000
1479 -1617.0000000000
1483 -1598.0000000000
1520 -1586.0000000000
1561 -1578.0000000000
1589 -1575.0000000000
1622 -1570.0000000000
1648 -1557.0000000000
1659 -1553.0000000000
1680 -1547.0000000000
1695 -1544.0000000000
1699 -1542.0000000000
1701 -1537.0000000000
1705 -1531.0000000000
1778 -1528.0000000000
1804 -1526.0000000000
1814 -1506.0000000000
1878 -1503.0000000000
1892 -1502.0000000000
1906 -1501.0000000000
1945 -1495.0000000000
1957 -1493.0000000000
2039 -1484.0000000000
2063 -1481.0000000000
2112 -1475.0000000000
2142 -1470.0000000000
2176 -1463.0000000000
2189 -1455.0000000000
2269 -1451.0000000000
2300 -1442.0000000000
2350 -1436.0000000000
2425 -1431.0000000000
2464 -1430.0000000000
2504 -1426.0000000000
2567 -1421.0000000000
2614 -1418.0000000000
2635 -1414.0000000000
2710 -1411.0000000000
2728 -1410.0000000000
2763 -1398.0000000000
2853 -1396.0000000000
2865 -1394.0000000000
2905 -1389.0000000000
3048 -1388.0000000000
3066 -1383.0000000000
3100 -1381.0000000000
3118 -1379.0000000000
3134 -1371.0000000000
3242 -1370.0000000000
3249 -1368.0000000000
3292 -1362.0000000000
3373 -1356.0000000000
3656 -1351.0000000000
3689 -1343.0000000000
3816 -1342.0000000000
3831 -1340.0000000000
4030 -1338.0000000000
4116 -1336.0000000000
4172 -1335.0000000000
4256 -1334.0000000000
4290 -1332.0000000000
4316 -1327.0000000000
4317 -1326.0000000000
4410 -1321.0000000000
4559 -1319.0000000000
4650 -1312.0000000000
4822 -1310.0000000000
4846 -1305.0000000000
5012 -1303.0000000000
5025 -1302.0000000000
5165 -1300.0000000000
5268 -1298.0000000000
5301 -1296.0000000000
5334 -1293.0000000000
5392 -1292.0000000000
5507 -1285.0000000000
5524 -1283.0000000000
5611 -1279.0000000000
5667 -1275.0000000000
5685 -1265.0000000000
5830 -1264.0000000000
6037 -1263.0000000000
6206 -1261.0000000000
6222 -1259.0000000000
6283 -1256.0000000000
6671 -1250.0000000000
6780 -1243.0000000000
7010 -1241.0000000000
7109 -1240.0000000000
7130 -1238.0000000000
7132 -1230.0000000000
7504 -1226.0000000000
7726 -1225.0000000000
7957 -1219.0000000000
8199 -1215.0000000000
8324 -1213.0000000000
8685 -1212.0000000000
8834 -1210.0000000000
8920 -1205.0000000000
9001 -1203.0000000000
9195 -1202.0000000000
9217 -1200.0000000000
9286 -1197.0000000000
9420 -1196.0000000000
9488 -1193.0000000000
10010 -1220.0000000000
evaluations raw_y
1 -2024.0000000000
2 -1999.0000000000
5 -1995.0000000000
6 -1982.0000000000
9 -1964.0000000000
11 -1951.0000000000
12 -1930.0000000000
22 -1917.0000000000
26 -1892.0000000000
64 -1883.0000000000
66 -1868.0000000000
83 -1866.0000000000
141 -1859.0000000000
181 -1852.0000000000
205 -1822.0000000000
265 -1821.0000000000
315 -1816.0000000000
356 -1806.0000000000
358 -1797.0000000000
380 -1785.0000000000
412 -1783.0000000000
443 -1766.0000000000
449 -1759.0000000000
507 -1748.0000000000
567 -1739.0000000000
672 -1730.0000000000
705 -1722.0000000000
934 -1717.0000000000
1020 -1715.0000000000
1025 -1710.0000000000
1078 -1709.0000000000
1131 -1703.0000000000
1145 -1702.0000000000
1205 -1697.0000000000
1247 -1687.0000000000
1301 -1686.0000000000
1309 -1680.0000000000
1320 -1666.0000000000
1331 -1661.0000000000
1366 -1649.0000000000
1418 -1640.0000000000
1445 -1639.0000000000
1480 -1638.0000000000
1497 -1618.0000000000
1540 -1613.0000000000
1567 -1609.0000000000
1586 -1608.0000000000
1590 -1607.0000000000
1609 -1591.0000000000
1646 -1585.0000000000
1662 -1582.0000000000
1730 -1578.0000000000
1739 -1561.0000000000
1754 -1559.0000000000
1776 -1549.0000000000
1795 -1544.0000000000
1833 -1540.0000000000
1863 -1539.0000000000
1887 -1536.0000000000
1922 -1530.0000000000
1957 -1526.0000000000
1991 -1522.0000000000
2004 -1516.0000000000
2058 -1510.0000000000
2098 -1509.0000000000
2100 -1507.0000000000
2101 -1503.0000000000
2149 -1496.0000000000
2182 -1495.0000000000
2198 -1490.0000000000
2208 -1485.0000000000
2253 -1479.0000000000
2269 -1477.0000000000
2279 -1475.0000000000
2287 -1472.0000000000
2305 -1471.0000000000
2312 -1469.0000000000
2329 -1461.0000000000
2356 -1459.0000000000
2366 -1451.0000000000
2411 -1441.0000000000
2481 -1438.0000000000
2491 -1433.0000000000
2537 -1427.0000000000
2574 -1423.0000000000
2615 -1420.0000000000
2686 -1419.0000000000
2734 -1418.0000000000
2805 -1416.0000000000
2827 -1414.0000000000
2837 -1412.0000000000
2878 -1410.0000000000
2991 -1407.0000000000
3014 -1404.0000000000
3086 -1400.0000000000
3141 -1399.0000000000
3153 -1396.0000000000
3193 -1378.0000000000
3242 -1369.0000000000
3416 -1367.0000000000
3506 -1365.0000000000
3637 -1364.0000000000
3649 -1363.0000000000
3670 -1357.0000000000
3744 -1356.0000000000
3755 -1354.0000000000
3786 -1347.0000000000
3884 -1344.0000000000
3886 -1342.0000000000
3968 -1337.0000000000
4097 -1329.0000000000
4231 -1328.0000000000
4242 -1320.0000000000
4294 -1309.0000000000
4317 -1308.0000000000
4388 -1306.0000000000
4419 -1302.0000000000
4489 -1299.0000000000
4906 -1296.0000000000
4956 -1293.0000000000
5002 -1289.0000000000
5106 -1285.0000000000
5264 -1284.0000000000
5457 -1282.0000000000
5563 -1281.0000000000
5723 -1275.0000000000
5884 -1268.0000000000
5974 -1265.0000000000
5991 -1261.0000000000
6202 -1257.0000000000
6259 -1252.0000000000
6517 -1251.0000000000
6640 -1240.0000000000
7160 -1238.0000000000
7190 -1237.0000000000
7225 -1234.0000000000
7300 -1232.0000000000
7336 -1226.0000000000
7502 -1225.0000000000
7514 -1224.0000000000
7516 -1220.0000000000
7625 -1219.0000000000
7721 -1218.0000000000
7738 -1206.0000000000
8337 -1202.0000000000
8752 -1199.0000000000
9031 -1197.0000000000
9501 -1196.0000000000
9582 -1194.0000000000
9620 -1189.0000000000
9935 -1184.0000000000
9968 -1177.0000000000
10010 -1193.0000000000
evaluations raw_y
1 -2034.0000000000
3 -1996.0000000000
6 -1985.0000000000
7 -1964.0000000000
19 -1963.0000000000
21 -1931.0000000000
32 -1930.0000000000
46 -1919.0000000000
49 -1914.0000000000
61 -1910.0000000000
66 -1898.0000000000
75 -1890.0000000000
78 -1884.0000000000
81 -1864.0000000000
99 -1838.0000000000
147 -1829.0000000000
191 -1822.0000000000
202 -1819.0000000000
219 -1807.0000000000
283 -1798.0000000000
314 -1794.0000000000
334 -1789.0000000000
351 -1784.0000000000
381 -1783.0000000000
413 -1772.0000000000
440 -1741.0000000000
500 -1732.0000000000
617 -1720.0000000000
923 -1714.0000000000
956 -1701.0000000000
969 -1677.0000000000
1001 -1676.0000000000
1065 -1673.0000000000
1150 -1671.0000000000
1224 -1659.0000000000
1285 -1650.0000000000
1350 -1644.0000000000
1378 -1630.0000000000
1449 -1608.0000000000
1485 -1605.0000000000
1510 -1603.0000000000
1529 -1597.0000000000
1543 -1596.0000000000
1570 -1587.0000000000
1609 -1585.0000000000
1612 -1579.0000000000
1623 -1573.0000000000
1664 -1567.0000000000
1688 -1562.0000000000
1710 -1553.0000000000
1763 -1549.0000000000
1787 -1541.0000000000
1798 -1527.0000000000
1818 -1524.0000000000
1827 -1516.0000000000
1895 -1511.0000000000
1977 -1502.0000000000
1986 -1494.0000000000
2026 -1486.0000000000
2045 -1482.0000000000
2105 -1480.0000000000
2110 -1477.0000000000
2152 -1474.0000000000
2158 -1473.0000000000
2161 -1471.0000000000
2165 -1469.0000000000
2194 -1467.0000000000
2199 -1463.0000000000
2230 -1453.0000000000
2271 -1446.0000000000
2320 -1444.0000000000
2325 -1443.0000000000
2372 -1442.0000000000
2386 -1438.0000000000
2398 -1428.0000000000
2458 -1425.0000000000
2477 -1423.0000000000
2508 -1421.0000000000
2515 -1417.0000000000
2569 -1407.0000000000
2602 -1405.0000000000
2623 -1402.0000000000
2685 -1401.0000000000
2705 -1400.0000000000
2707 -1389.0000000000
2770 -1384.0000000000
2805 -1382.0000000000
2851 -1379.0000000000
3072 -1378.0000000000
3083 -1375.0000000000
3163 -1371.0000000000
3176 -1366.0000000000
3202 -1363.0000000000
3310 -1362.0000000000
3377 -1358.0000000000
3441 -1355.0000000000
3481 -1354.0000000000
3586 -1351.0000000000
3624 -1346.0000000000
3681 -1344.0000000000
3715 -1343.0000000000
3998 -1328.0000000000
4306 -1326.0000000000
4326 -1316.0000000000
4422 -1312.0000000000
4583 -1310.0000000000
4761 -1309.0000000000
4765 -1307.0000000000
4776 -1306.0000000000
5085 -1301.0000000000
5243 -1299.0000000000
5348 -1293.0000000000
5353 -1287.0000000000
5423 -1285.0000000000
5513 -1284.0000000000
5612 -1280.0000000000
5664 -1276.0000000000
5685 -1275.0000000000
5719 -1267.0000000000
5795 -1265.0000000000
5800 -1264.0000000000
5830 -1263.0000000000
5835 -1257.0000000000
5885 -1256.0000000000
5902 -1255.0000000000
6053 -1252.0000000000
6071 -1251.0000000000
6078 -1249.0000000000
6135 -1245.0000000000
6219 -1242.0000000000
6276 -1237.0000000000
6601 -1233.0000000000
6752 -1226.0000000000
7359 -1222.0000000000
8000 -1219.0000000000
8400 -1215.0000000000
8505 -1214.0000000000
8755 -1213.0000000000
8978 -1211.0000000000
9979 -1209.0000000000
10010 -1215.0000000000
evaluations raw_y
1 -1987.0000000000
12 -1983.0000000000
16 -1961.0000000000
17 -1957.0000000000
31 -1922.0000000000
35 -1911.0000000000
41 -1910.0000000000
63 -1897.0000000000
84 -1893.0000000000
96 -1884.0000000000
108 -1870.0000000000
121 -1869.0000000000
141 -1850.0000000000
147 -1842.0000000000
169 -1835.0000000000
227 -1830.0000000000
255 -1825.0000000000
344 -1822.0000000000
349 -1813.0000000000
460 -1809.0000000000
525 -1806.0000000000
532 -1802.0000000000
571 -1779.0000000000
622 -1776.0000000000
708 -1761.0000000000
712 -1758.0000000000
729 -1752.0000000000
820 -1751.0000000000
827 -1749.0000000000
855 -1739.0000000000
962 -1738.0000000000
964 -1730.0000000000
1018 -1728.0000000000
1054 -1725.0000000000
1055 -1724.0000000000
1085 -1717.0000000000
1117 -1710.0000000000
1123 -1709.0000000000
1148 -1707.0000000000
1161 -1701.0000000000
1182 -1695.0000000000
1229 -1693.0000000000
1267 -1690.0000000000
1290 -1686.0000000000
1296 -1680.0000000000
1314 -1679.0000000000
1377 -1670.0000000000
1408 -1665.0000000000
1417 -1664.0000000000
1441 -1653.0000000000
1497 -1650.0000000000
1500 -1642.0000000000
1525 -1631.0000000000
1566 -1612.0000000000
1611 -1611.0000000000
1630 -1609.0000000000
1640 -1607.0000000000
1641 -1606.0000000000
1650 -1598.0000000000
1664 -1597.0000000000
1677 -1583.0000000000
1737 -1582.0000000000
1742 -1580.0000000000
1772 -1559.0000000000
1840 -1553.0000000000
1878 -1549.0000000000
1924 -1545.0000000000
1932 -1540.0000000000
1959 -1538.0000000000
1961 -1534.0000000000
1977 -1531.0000000000
2019 -1527.0000000000
2090 -1525.0000000000
2113 -1523.0000000000
2117 -1519.0000000000
2119 -1518.0000000000
2131 -1506.0000000000
2149 -1497.0000000000
2208 -1495.0000000000
2266 -1493.0000000000
2303 -1487.0000000000
2305 -1486.0000000000
2343 -1478.0000000000
2379 -1477.0000000000
2384 -1475.0000000000
2418 -1473.0000000000
2433 -1471.0000000000
2439 -1468.0000000000
2473 -1465.0000000000
2492 -1463.0000000000
2506 -1451.0000000000
2557 -1444.0000000000
2563 -1437.0000000000
2589 -1434.0000000000
2649 -1426.0000000000
2702 -1425.0000000000
2731 -1422.0000000000
2747 -1414.0000000000
2791 -1412.0000000000
2830 -1407.0000000000
2836 -1406.0000000000
2916 -1405.0000000000
2920 -1403.0000000000
2958 -1400.0000000000
2983 -1388.0000000000
3051 -1381.0000000000
3168 -1376.0000000000
3172 -1372.0000000000
3208 -1369.0000000000
3281 -1365.0000000000
3369 -1362.0000000000
3396 -1358.0000000000
3527 -1357.0000000000
3720 -1356.0000000000
3731 -1353.0000000000
3791 -1352.0000000000
3809 -1346.0000000000
3850 -1345.0000000000
3875 -1338.0000000000
3899 -1336.0000000000
3918 -1334.0000000000
3961 -1330.0000000000
4003 -1320.0000000000
4262 -1312.0000000000
4405 -1311.0000000000
4459 -1308.0000000000
4475 -1303.0000000000
4610 -1302.0000000000
4692 -1300.0000000000
4772 -1299.0000000000
5027 -1297.0000000000
5125 -1290.0000000000
5158 -1285.0000000000
5169 -1281.0000000000
5265 -1276.0000000000
5280 -1273.0000000000
5376 -1265.0000000000
5486 -1259.0000000000
5541 -1248.0000000000
6057 -1245.0000000000
6813 -1241.0000000000
6904 -1240.0000000000
7226 -1238.0000000000
7251 -1237.0000000000
7371 -1236.0000000000
7408 -1229.0000000000
7563 -1228.0000000000
7624 -1227.0000000000
8569 -1226.0000000000
9391 -1221.0000000000
9489 -1219.0000000000
9521 -1217.0000000000
9784 -1216.0000000000
10010 -1244.0000000000
evaluations raw_y
1 -2005.0000000000
2 -1986.0000000000
3 -1962.0000000000
11 -1956.0000000000
17 -1954.0000000000
19 -1942.0000000000
22 -1939.0000000000
27 -1930.0000000000
38 -1928.0000000000
47 -1912.0000000000
59 -1906.0000000000
78 -1900.0000000000
90 -1899.0000000000
97 -1874.0000000000
105 -1863.0000000000
130 -1860.0000000000
135 -1840.0000000000
141 -1835.0000000000
235 -1834.0000000000
253 -1826.0000000000
264 -1815.0000000000
287 -1809.0000000000
309 -1798.0000000000
329 -1793.0000000000
438 -1789.0000000000
495 -1771.0000000000
604 -1765.0000000000
651 -1751.0000000000
792 -1749.0000000000
887 -1742.0000000000
938 -1728.0000000000
983 -1726.0000000000
999 -1709.0000000000
1047 -1706.0000000000
1115 -1702.0000000000
1171 -1700.0000000000
1202 -1699.0000000000
1206 -1696.0000000000
1233 -1693.0000000000
1242 -1688.0000000000
1295 -1679.0000000000
1299 -1675.0000000000
1329 -1670.0000000000
1333 -1665.0000000000
1361 -1663.0000000000
1369 -1662.0000000000
1374 -1651.0000000000
1422 -1650.0000000000
1426 -1648.0000000000
1432 -1647.0000000000
1436 -1641.0000000000
1444 -1629.0000000000
1487 -1620.0000000000
1530 -1610.0000000000
1534 -1609.0000000000
1541 -1606.0000000000
1584 -1592.0000000000
1597 -1590.0000000000
1620 -1583.0000000000
1627 -1580.0000000000
1638 -1579.0000000000
1681 -1574.0000000000
1708 -1571.0000000000
1709 -1568.0000000000
1718 -1567.0000000000
1734 -1560.0000000000
1767 -1556.0000000000
1805 -1548.0000000000
1828 -1546.0000000000
1835 -1543.0000000000
1904 -1538.0000000000
1944 -1533.0000000000
1995 -1529.0000000000
2027 -1524.0000000000
2062 -1520.0000000000
2075 -1514.0000000000
2094 -1507.0000000000
2134 -1504.0000000000
2141 -1503.0000000000
2156 -1502.0000000000
2161 -1494.0000000000
2170 -1485.0000000000
2256 -1481.0000000000
2263 -1479.0000000000
2281 -1460.0000000000
2310 -1454.0000000000
2450 -1447.0000000000
2493 -1446.0000000000
2516 -1444.0000000000
2562 -1442.0000000000
2589 -1441.0000000000
2634 -1436.0000000000
2666 -1433.0000000000
2688 -1430.0000000000
2805 -1427.0000000000
2837 -1410.0000000000
2909 -1403.0000000000
2997 -1398.0000000000
3015 -1394.0000000000
3073 -1393.0000000000
3075 -1391.0000000000
3102 -1389.0000000000
3126 -1388.0000000000
3187 -1384.0000000000
3191 -1382.0000000000
3219 -1378.0000000000
3227 -1377.0000000000
3234 -1374.0000000000
3258 -1373.0000000000
3282 -1366.0000000000
3377 -1365.0000000000
3395 -1362.0000000000
3458 -1361.0000000000
3586 -1360.0000000000
3608 -1358.0000000000
3687 -1356.0000000000
3740 -1353.0000000000
3794 -1348.0000000000
3808 -1345.0000000000
3892 -1342.0000000000
3965 -1338.0000000000
3999 -1331.0000000000
4084 -1330.0000000000
4091 -1323.0000000000
4154 -1318.0000000000
4170 -1310.0000000000
4252 -1306.0000000000
4338 -1305.0000000000
4356 -1297.0000000000
4492 -1296.0000000000
4569 -1289.0000000000
4631 -1288.0000000000
4726 -1287.0000000000
4774 -1281.0000000000
5039 -1280.0000000000
5056 -1271.0000000000
5104 -1263.0000000000
5293 -1262.0000000000
5305 -1260.0000000000
5355 -1257.0000000000
5726 -1255.0000000000
6003 -1253.0000000000
6218 -1250.0000000000
6424 -1247.0000000000
6528 -1242.0000000000
6689 -1234.0000000000
7013 -1230.0000000000
7020 -1229.0000000000
7161 -1218.0000000000
8037 -1212.0000000000
8370 -1209.0000000000
8509 -1205.0000000000
8703 -1199.0000000000
8888 -1198.0000000000
9736 -1193.0000000000
9789 -1192.0000000000
10010 -1211.0000000000
evaluations raw_y
1 -2032.0000000000
2 -1976.0000000000
16 -1956.0000000000
21 -1951.0000000000
26 -1928.0000000000
39 -1920.0000000000
41 -1913.0000000000
60 -1912.0000000000
63 -1904.0000000000
80 -1902.0000000000
90 -1882.0000000000
131 -1881.0000000000
138 -1861.0000000000
148 -1859.0000000000
165 -1848.0000000000
224 -1827.0000000000
247 -1823.0000000000
267 -1819.0000000000
342 -1810.0000000000
369 -1796.0000000000
419 -1793.0000000000
421 -1768.0000000000
505 -1764.0000000000
543 -1760.0000000000
635 -1755.0000000000
696 -1750.0000000000
709 -1749.0000000000
758 -1744.0000000000
777 -1739.0000000000
791 -1730.0000000000
803 -1715.0000000000
845 -1700.0000000000
873 -1685.0000000000
954 -1681.0000000000
1119 -1679.0000000000
1128 -1673.0000000000
1232 -1668.0000000000
1248 -1663.0000000000
1258 -1657.0000000000
1312 -1653.0000000000
1324 -1646.0000000000
1338 -1642.0000000000
1345 -1637.0000000000
1381 -1624.0000000000
1384 -1621.0000000000
1471 -1600.0000000000
1501 -1591.0000000000
1564 -1580.0000000000
1600 -1579.0000000000
1607 -1575.0000000000
1667 -1573.0000000000
1678 -1572.0000000000
1683 -1566.0000000000
1746 -1550.0000000000
1765 -1549.0000000000
1782 -1541.0000000000
1791 -1537.0000000000
1815 -1535.0000000000
1820 -1534.0000000000
1836 -1530.0000000000
1883 -1529.0000000000
1904 -1524.0000000000
1980 -1510.0000000000
2031 -1502.0000000000
2037 -1500.0000000000
2056 -1490.0000000000
2145 -1484.0000000000
2166 -1475.0000000000
2188 -1474.0000000000
2208 -1467.0000000000
2254 -1466.0000000000
2262 -1465.0000000000
2295 -1459.0000000000
2336 -1439.0000000000
2388 -1435.0000000000
2417 -1431.0000000000
2460 -1430.0000000000
2465 -1429.0000000000
2508 -1417.0000000000
2627 -1416.0000000000
2641 -1414.0000000000
2663 -1413.0000000000
2670 -1406.0000000000
2707 -1401.0000000000
2782 -1399.0000000000
2823 -1397.0000000000
2835 -1394.0000000000
2845 -1391.0000000000
2876 -1387.0000000000
2938 -1379.0000000000
2971 -1378.0000000000
2980 -1368.0000000000
2991 -1367.0000000000
3128 -1365.0000000000
3138 -1362.0000000000
3159 -1358.0000000000
3191 -1357.0000000000
3225 -1353.0000000000
3296 -1352.0000000000
3298 -1351.0000000000
3302 -1349.0000000000
3351 -1345.0000000000
3392 -1343.0000000000
3482 -1340.0000000000
3516 -1336.0000000000
3678 -1334.0000000000
3964 -1333.0000000000
4031 -1327.0000000000
4073 -1322.0000000000
4121 -1320.0000000000
4157 -1319.0000000000
4215 -1314.0000000000
4429 -1309.0000000000
4670 -1308.0000000000
4717 -1305.0000000000
4821 -1293.0000000000
4871 -1281.0000000000
4949 -1279.0000000000
4961 -1276.0000000000
5080 -1275.0000000000
5110 -1274.0000000000
5251 -1266.0000000000
5292 -1263.0000000000
5530 -1261.0000000000
5694 -1259.0000000000
5759 -1258.0000000000
5826 -1247.0000000000
6090 -1246.0000000000
6215 -1245.0000000000
6317 -1242.0000000000
6863 -1239.0000000000
7060 -1238.0000000000
7186 -1234.0000000000
7540 -1232.0000000000
7605 -1228.0000000000
7759 -1219.0000000000
8227 -1214.0000000000
8284 -1213.0000000000
8373 -1212.0000000000
8411 -1210.0000000000
9159 -1208.0000000000
9665 -1203.0000000000
9829 -1196.0000000000
9981 -1186.0000000000
10010 -1229.0000000000
